1 0.17421875 0.528125 0.1015625 0.04609375
1 0.3234375 0.4890625 0.046875 0.046875
1 0.26875 0.55390625 0.07734375 0.028125
1 0.4296875 0.425 0.04609375 0.05078125
1 0.3875 0.4421875 0.05078125 0.04140625
1 0.3921875 0.46640625 0.06640625 0.0203125
1 0.45859375 0.45703125 0.05703125 0.0203125
1 0.50859375 0.44921875 0.0578125 0.04921875
1 0.5734375 0.4171875 0.07578125 0.0453125
1 0.56875 0.44375 0.04921875 0.040625
1 0.5828125 0.4671875 0.08671875 0.03671875
1 0.57109375 0.49453125 0.096875 0.03359375
1 0.46640625 0.49921875 0.04375 0.040625
1 0.43984375 0.48359375 0.07578125 0.0296875
1 0.38203125 0.49296875 0.0625 0.02734375
1 0.47421875 0.5296875 0.08203125 0.0421875
1 0.3609375 0.54296875 0.096875 0.02421875
1 0.325 0.52109375 0.078125 0.02890625
1 0.3109375 0.5625 0.0859375 0.0265625
1 0.34140625 0.5890625 0.0578125 0.0515625
1 0.41015625 0.5890625 0.09296875 0.03671875
1 0.3203125 0.6203125 0.0390625 0.0671875
1 0.27109375 0.6234375 0.04921875 0.06015625
1 0.2609375 0.665625 0.10234375 0.0453125
1 0.334375 0.65859375 0.0671875 0.05234375
1 0.353125 0.7015625 0.1203125 0.03515625
1 0.3734375 0.74609375 0.13515625 0.06640625