0 0.845568783068783 0.6091269841269841 0.8673941798941799 0.6183035714285714 0.8700396825396826 0.6279761904761905 0.8680555555555556 0.6336805555555556 0.8587962962962963 0.6408730158730159 0.8422619047619048 0.6438492063492064 0.826058201058201 0.6371527777777778 0.8204365079365079 0.6302083333333334 0.8191137566137566 0.623015873015873 0.8237433862433863 0.6160714285714286 0.8313492063492064 0.6106150793650794 0.8452380952380952 0.6091269841269841
0 0.7645502645502645 0.6470734126984127 0.7728174603174603 0.6510416666666666 0.7824074074074074 0.6607142857142857 0.7843915343915344 0.6711309523809523 0.781084656084656 0.6785714285714286 0.7754629629629629 0.6830357142857143 0.7691798941798942 0.6857638888888888 0.7595899470899471 0.6862599206349206 0.751984126984127 0.6857638888888888 0.7397486772486772 0.6805555555555556 0.7328042328042328 0.6733630952380952 0.7314814814814815 0.6624503968253969 0.7354497354497355 0.654265873015873 0.7447089947089947 0.6475694444444444 0.7642195767195767 0.6470734126984127
0 0.7142857142857143 0.6684027777777778 0.732473544973545 0.6741071428571429 0.7397486772486772 0.6820436507936508 0.7377645502645502 0.6959325396825397 0.728505291005291 0.7033730158730159 0.7199074074074074 0.7063492063492064 0.7013888888888888 0.703125 0.6891534391534392 0.689484126984127 0.6891534391534392 0.6822916666666666 0.6947751322751323 0.6750992063492064 0.703042328042328 0.669890873015873 0.7139550264550265 0.6684027777777778
0 0.7648809523809523 0.5602678571428571 0.7791005291005291 0.5639880952380952 0.7860449735449735 0.5704365079365079 0.7886904761904762 0.5776289682539683 0.7833994708994709 0.5895337301587301 0.7724867724867724 0.5952380952380952 0.7668650793650794 0.5959821428571429 0.7549603174603174 0.5947420634920635 0.7476851851851852 0.5907738095238095 0.7397486772486772 0.5751488095238095 0.748015873015873 0.5627480158730159 0.7645502645502645 0.5602678571428571
0 0.7222222222222222 0.5706845238095238 0.7387566137566137 0.5776289682539683 0.7447089947089947 0.5877976190476191 0.7414021164021164 0.5992063492063492 0.7341269841269841 0.6044146825396826 0.7258597883597884 0.6068948412698413 0.7132936507936508 0.6061507936507936 0.7063492063492064 0.6034226190476191 0.6994047619047619 0.5952380952380952 0.6974206349206349 0.5885416666666666 0.6987433862433863 0.5818452380952381 0.7033730158730159 0.576140873015873 0.7162698412698413 0.5709325396825397 0.7218915343915344 0.5706845238095238
0 0.7043650793650794 0.527281746031746 0.7238756613756614 0.5310019841269841 0.7318121693121693 0.5404265873015873 0.7301587301587301 0.5538194444444444 0.7238756613756614 0.5597718253968254 0.7175925925925926 0.5615079365079365 0.6990740740740741 0.5612599206349206 0.6868386243386243 0.5538194444444444 0.6848544973544973 0.5503472222222222 0.6848544973544973 0.5419146825396826 0.6881613756613757 0.5359623015873016 0.6967592592592593 0.529265873015873 0.7040343915343915 0.527281746031746
0 0.6755952380952381 0.5520833333333334 0.6845238095238095 0.5540674603174603 0.6944444444444444 0.560515873015873 0.7007275132275133 0.5736607142857143 0.6941137566137566 0.5882936507936508 0.6795634920634921 0.5932539682539683 0.666005291005291 0.5920138888888888 0.6577380952380952 0.5887896825396826 0.6507936507936508 0.5823412698412699 0.6471560846560847 0.5746527777777778 0.6484788359788359 0.5639880952380952 0.6537698412698413 0.5575396825396826 0.6613756613756614 0.5530753968253969 0.6752645502645502 0.5520833333333334
0 0.7410714285714286 0.4913194444444444 0.7493386243386243 0.4945436507936508 0.7579365079365079 0.5014880952380952 0.7619047619047619 0.513640873015873 0.7546296296296297 0.5225694444444444 0.7384259259259259 0.5290178571428571 0.7238756613756614 0.5267857142857143 0.7166005291005291 0.5223214285714286 0.7113095238095238 0.515625 0.7116402116402116 0.5066964285714286 0.7215608465608465 0.4945436507936508 0.7328042328042328 0.49107142857142855 0.7407407407407407 0.4913194444444444
0 0.6960978835978836 0.47346230158730157 0.7113095238095238 0.4771825396825397 0.7192460317460317 0.484375 0.7192460317460317 0.498015873015873 0.7123015873015873 0.5066964285714286 0.7027116402116402 0.5101686507936508 0.6865079365079365 0.5104166666666666 0.6716269841269841 0.498015873015873 0.6716269841269841 0.4913194444444444 0.6769179894179894 0.48313492063492064 0.6861772486772487 0.47643849206349204 0.6957671957671958 0.47371031746031744
0 0.666005291005291 0.49875992063492064 0.6716269841269841 0.5007440476190477 0.6828703703703703 0.5106646825396826 0.6845238095238095 0.5163690476190477 0.6792328042328042 0.5257936507936508 0.6732804232804233 0.5300099206349206 0.6623677248677249 0.533234126984127 0.6511243386243386 0.5324900793650794 0.6448412698412699 0.5297619047619048 0.6342592592592593 0.513640873015873 0.6369047619047619 0.5071924603174603 0.6474867724867724 0.49950396825396826 0.6541005291005291 0.49776785714285715 0.6656746031746031 0.49875992063492064
0 0.7182539682539683 0.4375 0.7251984126984127 0.4392361111111111 0.736441798941799 0.4459325396825397 0.7420634920634921 0.4556051587301587 0.7410714285714286 0.4600694444444444 0.7337962962962963 0.46726190476190477 0.7182539682539683 0.47172619047619047 0.708994708994709 0.4712301587301587 0.7027116402116402 0.46850198412698413 0.6954365079365079 0.46304563492063494 0.6927910052910053 0.4565972222222222 0.6994047619047619 0.4427083333333333 0.7073412698412699 0.43898809523809523 0.7179232804232805 0.4375
0 0.6216931216931217 0.5131448412698413 0.6345899470899471 0.5181051587301587 0.640542328042328 0.5270337301587301 0.6412037037037037 0.5339781746031746 0.6375661375661376 0.5434027777777778 0.6256613756613757 0.5503472222222222 0.6180555555555556 0.5518353174603174 0.6084656084656085 0.550843253968254 0.5995370370370371 0.5466269841269841 0.5929232804232805 0.5394345238095238 0.5909391534391535 0.5322420634920635 0.591931216931217 0.5260416666666666 0.5988756613756614 0.5178571428571429 0.6087962962962963 0.5138888888888888 0.6213624338624338 0.5131448412698413
0 0.671957671957672 0.44990079365079366 0.6868386243386243 0.45610119047619047 0.689484126984127 0.46081349206349204 0.6891534391534392 0.46875 0.6838624338624338 0.4781746031746032 0.6732804232804233 0.4853670634920635 0.6653439153439153 0.4868551587301587 0.6534391534391535 0.48561507936507936 0.6468253968253969 0.4809027777777778 0.6395502645502645 0.47172619047619047 0.6395502645502645 0.4632936507936508 0.6428571428571429 0.45634920634920634 0.6478174603174603 0.453125 0.6716269841269841 0.44990079365079366
0 0.6302910052910053 0.4722222222222222 0.6408730158730159 0.47544642857142855 0.646494708994709 0.4806547619047619 0.6488095238095238 0.4915674603174603 0.6461640211640212 0.49950396825396826 0.6369047619047619 0.5062003968253969 0.6286375661375662 0.5071924603174603 0.6164021164021164 0.5062003968253969 0.609457671957672 0.501984126984127 0.6044973544973545 0.49429563492063494 0.6038359788359788 0.486359126984127 0.6130952380952381 0.4756944444444444 0.6187169312169312 0.4732142857142857 0.6299603174603174 0.4722222222222222
0 0.7404100529100529 0.38293650793650796 0.7526455026455027 0.390625 0.7572751322751323 0.40476190476190477 0.7549603174603174 0.41021825396825395 0.7483465608465608 0.4156746031746032 0.7417328042328042 0.4184027777777778 0.732473544973545 0.41889880952380953 0.7242063492063492 0.4174107142857143 0.7162698412698413 0.4114583333333333 0.7113095238095238 0.404265873015873 0.7116402116402116 0.3975694444444444 0.7156084656084656 0.3898809523809524 0.7202380952380952 0.3864087301587302 0.7294973544973545 0.38293650793650796 0.7400793650793651 0.38293650793650796
0 0.667989417989418 0.41393849206349204 0.6858465608465608 0.42162698412698413 0.6898148148148148 0.4332837301587302 0.685515873015873 0.4419642857142857 0.6789021164021164 0.44742063492063494 0.6663359788359788 0.4496527777777778 0.6567460317460317 0.4496527777777778 0.6474867724867724 0.4466765873015873 0.6395502645502645 0.439484126984127 0.6388888888888888 0.4322916666666667 0.6468253968253969 0.419890873015873 0.6574074074074074 0.4149305555555556 0.6676587301587301 0.41393849206349204
0 0.5849867724867724 0.47668650793650796 0.5998677248677249 0.484375 0.6041666666666666 0.49677579365079366 0.6005291005291006 0.5062003968253969 0.5853174603174603 0.5126488095238095 0.5744047619047619 0.5124007936507936 0.566468253968254 0.5091765873015873 0.5588624338624338 0.501984126984127 0.5572089947089947 0.49231150793650796 0.5608465608465608 0.484375 0.5677910052910053 0.47966269841269843 0.5846560846560847 0.47668650793650796
0 0.6127645502645502 0.4409722222222222 0.6263227513227513 0.44345238095238093 0.6329365079365079 0.4494047619047619 0.6349206349206349 0.45461309523809523 0.6306216931216931 0.46825396825396826 0.6236772486772487 0.47172619047619047 0.6127645502645502 0.4732142857142857 0.5995370370370371 0.4704861111111111 0.5906084656084656 0.45982142857142855 0.5906084656084656 0.45262896825396826 0.5949074074074074 0.4466765873015873 0.6031746031746031 0.4417162698412698 0.6124338624338624 0.4409722222222222
0 0.689484126984127 0.3836805555555556 0.6994047619047619 0.3861607142857143 0.7056878306878307 0.39012896825396826 0.7093253968253969 0.4000496031746032 0.7046957671957672 0.41220238095238093 0.689484126984127 0.419890873015873 0.666005291005291 0.4124503968253968 0.6626984126984127 0.40500992063492064 0.6630291005291006 0.3978174603174603 0.6716269841269841 0.3861607142857143 0.6812169312169312 0.3834325396825397 0.6891534391534392 0.3836805555555556
0 0.5406746031746031 0.4836309523809524 0.5558862433862434 0.4905753968253968 0.5575396825396826 0.5047123015873016 0.5499338624338624 0.5146329365079365 0.5363756613756614 0.517609126984127 0.5261243386243386 0.5163690476190477 0.5188492063492064 0.5121527777777778 0.5142195767195767 0.5049603174603174 0.5132275132275133 0.4975198412698413 0.515542328042328 0.49206349206349204 0.521494708994709 0.48735119047619047 0.529431216931217 0.48412698412698413 0.5403439153439153 0.4836309523809524
0 0.7096560846560847 0.3524305555555556 0.7195767195767195 0.3559027777777778 0.7271825396825397 0.3618551587301587 0.730489417989418 0.36607142857142855 0.7308201058201058 0.37351190476190477 0.7271825396825397 0.38169642857142855 0.7159391534391535 0.3878968253968254 0.708994708994709 0.38938492063492064 0.6891534391534392 0.3819444444444444 0.683531746031746 0.3695436507936508 0.685515873015873 0.36334325396825395 0.6934523809523809 0.3549107142857143 0.7093253968253969 0.3524305555555556
0 0.6286375661375662 0.40625 0.6392195767195767 0.41121031746031744 0.6431878306878307 0.42212301587301587 0.6369047619047619 0.4330357142857143 0.6240079365079365 0.4412202380952381 0.6087962962962963 0.44047619047619047 0.6001984126984127 0.4357638888888889 0.5982142857142857 0.41964285714285715 0.6058201058201058 0.41021825396825395 0.6154100529100529 0.4069940476190476 0.6283068783068783 0.40625
0 0.5671296296296297 0.4402281746031746 0.5849867724867724 0.4439484126984127 0.5896164021164021 0.4556051587301587 0.5892857142857143 0.46304563492063494 0.5813492063492064 0.47445436507936506 0.5674603174603174 0.4789186507936508 0.5499338624338624 0.4742063492063492 0.544973544973545 0.4704861111111111 0.5423280423280423 0.4632936507936508 0.5426587301587301 0.45535714285714285 0.5499338624338624 0.44494047619047616 0.5568783068783069 0.44072420634920634 0.5667989417989417 0.4402281746031746
0 0.6531084656084656 0.36731150793650796 0.6656746031746031 0.37450396825396826 0.6696428571428571 0.3869047619047619 0.6610449735449735 0.39856150793650796 0.6448412698412699 0.4020337301587302 0.6345899470899471 0.4010416666666667 0.6259920634920635 0.3960813492063492 0.6220238095238095 0.390625 0.6220238095238095 0.38095238095238093 0.6256613756613757 0.37549603174603174 0.6339285714285714 0.37003968253968256 0.6438492063492064 0.36706349206349204 0.6527777777777778 0.36731150793650796
0 0.5810185185185185 0.4079861111111111 0.5909391534391535 0.4104662698412698 0.5972222222222222 0.42063492063492064 0.59755291005291 0.43601190476190477 0.5929232804232805 0.43973214285714285 0.5849867724867724 0.44146825396825395 0.5667989417989417 0.4392361111111111 0.5621693121693122 0.4365079365079365 0.5582010582010583 0.42956349206349204 0.5588624338624338 0.419890873015873 0.5634920634920635 0.41418650793650796 0.5744047619047619 0.4079861111111111 0.5806878306878307 0.4079861111111111
0 0.6011904761904762 0.3707837301587302 0.609457671957672 0.37276785714285715 0.6160714285714286 0.37723214285714285 0.6207010582010583 0.38318452380952384 0.6213624338624338 0.390625 0.6170634920634921 0.3993055555555556 0.609457671957672 0.4052579365079365 0.593915343915344 0.40848214285714285 0.5803571428571429 0.40500992063492064 0.5740740740740741 0.3970734126984127 0.5730820105820106 0.38665674603174605 0.5763888888888888 0.37896825396825395 0.5806878306878307 0.37549603174603174 0.6008597883597884 0.3707837301587302
0 0.4837962962962963 0.4615575396825397 0.4947089947089947 0.4704861111111111 0.49537037037037035 0.48040674603174605 0.4877645502645503 0.48759920634920634 0.47784391534391535 0.49007936507936506 0.46395502645502645 0.4868551587301587 0.45601851851851855 0.47371031746031744 0.45965608465608465 0.4660218253968254 0.46395502645502645 0.46304563492063494 0.4728835978835979 0.46081349206349204 0.4834656084656085 0.4615575396825397
0 0.5327380952380952 0.4134424603174603 0.5499338624338624 0.4181547619047619 0.5568783068783069 0.42485119047619047 0.5542328042328042 0.4382440476190476 0.546957671957672 0.44642857142857145 0.5393518518518519 0.4503968253968254 0.5264550264550265 0.45163690476190477 0.5128968253968254 0.4494047619047619 0.5036375661375662 0.4427083333333333 0.503968253968254 0.42931547619047616 0.5082671957671958 0.42212301587301587 0.5198412698412699 0.4146825396825397 0.5324074074074074 0.41369047619047616
0 0.5522486772486772 0.3774801587301587 0.5601851851851852 0.3794642857142857 0.5684523809523809 0.3854166666666667 0.5724206349206349 0.39037698412698413 0.5734126984126984 0.39657738095238093 0.5710978835978836 0.4069940476190476 0.5568783068783069 0.41691468253968256 0.542989417989418 0.41592261904761907 0.5360449735449735 0.4124503968253968 0.5261243386243386 0.404265873015873 0.5238095238095238 0.39831349206349204 0.5254629629629629 0.39087301587301587 0.5373677248677249 0.3794642857142857 0.5519179894179894 0.3774801587301587
0 0.44246031746031744 0.4680059523809524 0.455026455026455 0.47346230158730157 0.4603174603174603 0.48561507936507936 0.45337301587301587 0.4972718253968254 0.43716931216931215 0.5029761904761905 0.42923280423280424 0.501984126984127 0.42063492063492064 0.49776785714285715 0.4150132275132275 0.49107142857142855 0.41369047619047616 0.48387896825396826 0.4176587301587302 0.47470238095238093 0.4236111111111111 0.46999007936507936 0.4322089947089947 0.46726190476190477 0.44212962962962965 0.4680059523809524
0 0.6792328042328042 0.33705357142857145 0.6868386243386243 0.341765873015873 0.6911375661375662 0.3529265873015873 0.6825396825396826 0.36731150793650796 0.6782407407407407 0.37028769841269843 0.6686507936507936 0.3722718253968254 0.6421957671957672 0.36408730158730157 0.6395502645502645 0.359375 0.6402116402116402 0.3501984126984127 0.6478174603174603 0.34151785714285715 0.6640211640211641 0.3373015873015873 0.6789021164021164 0.33705357142857145
0 0.48578042328042326 0.4149305555555556 0.49437830687830686 0.41790674603174605 0.5033068783068783 0.42757936507936506 0.5013227513227513 0.44246031746031744 0.49503968253968256 0.4476686507936508 0.48578042328042326 0.44990079365079366 0.4738756613756614 0.4496527777777778 0.4662698412698413 0.44642857142857145 0.46164021164021163 0.4427083333333333 0.4593253968253968 0.43625992063492064 0.4599867724867725 0.4288194444444444 0.4642857142857143 0.421875 0.4738756613756614 0.4164186507936508 0.48544973544973546 0.4149305555555556
0 0.6722883597883598 0.3055555555555556 0.6815476190476191 0.31473214285714285 0.6808862433862434 0.328125 0.6752645502645502 0.33482142857142855 0.6583994708994709 0.3382936507936508 0.6511243386243386 0.3375496031746032 0.6392195767195767 0.3288690476190476 0.6378968253968254 0.31473214285714285 0.6435185185185185 0.30778769841269843 0.6511243386243386 0.30357142857142855 0.6646825396825397 0.30357142857142855 0.671957671957672 0.3055555555555556
0 0.5846560846560847 0.34052579365079366 0.591931216931217 0.3427579365079365 0.5965608465608465 0.3474702380952381 0.5995370370370371 0.35342261904761907 0.5998677248677249 0.3628472222222222 0.5945767195767195 0.37003968253968256 0.5783730158730159 0.37475198412698413 0.5677910052910053 0.37375992063492064 0.560515873015873 0.3705357142857143 0.5555555555555556 0.3658234126984127 0.5535714285714286 0.35887896825396826 0.5565476190476191 0.3506944444444444 0.5634920634920635 0.34250992063492064 0.5737433862433863 0.33978174603174605 0.5843253968253969 0.34052579365079366
0 0.6200396825396826 0.31225198412698413 0.6355820105820106 0.3196924603174603 0.6382275132275133 0.3315972222222222 0.6365740740740741 0.33804563492063494 0.6316137566137566 0.34325396825396826 0.6150793650793651 0.3482142857142857 0.6025132275132276 0.3464781746031746 0.5962301587301587 0.34250992063492064 0.5932539682539683 0.3385416666666667 0.5925925925925926 0.32961309523809523 0.5945767195767195 0.3216765873015873 0.6018518518518519 0.31398809523809523 0.6107804232804233 0.3117559523809524 0.6197089947089947 0.31225198412698413
0 0.5158730158730159 0.35788690476190477 0.533068783068783 0.3687996031746032 0.5353835978835979 0.376984126984127 0.5327380952380952 0.38268849206349204 0.5234788359788359 0.39112103174603174 0.5132275132275133 0.39285714285714285 0.5023148148148148 0.39037698412698413 0.4937169312169312 0.38467261904761907 0.4904100529100529 0.373015873015873 0.4923941798941799 0.3665674603174603 0.49702380952380953 0.3618551587301587 0.5052910052910053 0.3586309523809524 0.515542328042328 0.35788690476190477
0 0.4427910052910053 0.4193948412698413 0.45072751322751325 0.42162698412698413 0.45701058201058203 0.4263392857142857 0.4593253968253968 0.43601190476190477 0.4566798941798942 0.44642857142857145 0.45006613756613756 0.451140873015873 0.4401455026455027 0.4541170634920635 0.4289021164021164 0.453125 0.4203042328042328 0.44717261904761907 0.4166666666666667 0.4427083333333333 0.416005291005291 0.43080357142857145 0.42228835978835977 0.42162698412698413 0.4332010582010582 0.4191468253968254 0.44246031746031744 0.4193948412698413
0 0.4050925925925926 0.4558531746031746 0.41534391534391535 0.4625496031746032 0.41798941798941797 0.4729662698412698 0.41203703703703703 0.4861111111111111 0.40476190476190477 0.4913194444444444 0.398478835978836 0.49255952380952384 0.38657407407407407 0.4913194444444444 0.3802910052910053 0.4878472222222222 0.373015873015873 0.4799107142857143 0.37202380952380953 0.47023809523809523 0.37566137566137564 0.4632936507936508 0.38326719576719576 0.45709325396825395 0.3955026455026455 0.455109126984127 0.40476190476190477 0.4558531746031746
0 0.5413359788359788 0.33035714285714285 0.5529100529100529 0.33482142857142855 0.5575396825396826 0.34077380952380953 0.5582010582010583 0.34598214285714285 0.5512566137566137 0.35887896825396826 0.5357142857142857 0.3648313492063492 0.5277777777777778 0.3645833333333333 0.5165343915343915 0.3586309523809524 0.5119047619047619 0.34771825396825395 0.5152116402116402 0.33978174603174605 0.521494708994709 0.33407738095238093 0.529431216931217 0.33035714285714285 0.541005291005291 0.33035714285714285
0 0.5803571428571429 0.2896825396825397 0.5962301587301587 0.29985119047619047 0.5992063492063492 0.3125 0.591931216931217 0.32316468253968256 0.576058201058201 0.32688492063492064 0.5638227513227513 0.32514880952380953 0.5575396825396826 0.3216765873015873 0.5519179894179894 0.3149801587301587 0.5509259259259259 0.30853174603174605 0.5532407407407407 0.29985119047619047 0.5611772486772487 0.29191468253968256 0.5674603174603174 0.28918650793650796 0.580026455026455 0.2896825396825397
0 0.4748677248677249 0.36086309523809523 0.4887566137566138 0.3695436507936508 0.49074074074074076 0.3834325396825397 0.48048941798941797 0.39459325396825395 0.4646164021164021 0.3990575396825397 0.45535714285714285 0.39806547619047616 0.4497354497354497 0.3948412698412698 0.4417989417989418 0.3861607142857143 0.4408068783068783 0.37996031746031744 0.4444444444444444 0.3722718253968254 0.453042328042328 0.3648313492063492 0.4669312169312169 0.36086309523809523 0.47453703703703703 0.36086309523809523
0 0.39880952380952384 0.42162698412698413 0.40773809523809523 0.4243551587301587 0.4130291005291005 0.42857142857142855 0.41633597883597884 0.4357638888888889 0.4156746031746032 0.4427083333333333 0.40575396825396826 0.45362103174603174 0.3869047619047619 0.455109126984127 0.3812830687830688 0.45461309523809523 0.37466931216931215 0.45089285714285715 0.37103174603174605 0.44320436507936506 0.37136243386243384 0.4357638888888889 0.38293650793650796 0.42509920634920634 0.390542328042328 0.421875 0.398478835978836 0.42162698412698413
0 0.4322089947089947 0.38293650793650796 0.4398148148148148 0.3851686507936508 0.4460978835978836 0.390625 0.45006613756613756 0.3970734126984127 0.4497354497354497 0.40674603174603174 0.44212962962962965 0.4166666666666667 0.42228835978835977 0.42038690476190477 0.41335978835978837 0.41865079365079366 0.4041005291005291 0.41220238095238093 0.4007936507936508 0.40153769841269843 0.4054232804232804 0.3933531746031746 0.414021164021164 0.3864087301587302 0.42228835978835977 0.3834325396825397 0.43187830687830686 0.38293650793650796
0 0.3601190476190476 0.4350198412698413 0.37103174603174605 0.4412202380952381 0.37433862433862436 0.45337301587301587 0.3697089947089947 0.46205357142857145 0.35615079365079366 0.4697420634920635 0.3439153439153439 0.4680059523809524 0.3343253968253968 0.4632936507936508 0.32936507936507936 0.45634920634920634 0.3290343915343915 0.4486607142857143 0.33134920634920634 0.4439484126984127 0.3419312169312169 0.4365079365079365 0.35978835978835977 0.4350198412698413
0 0.37566137566137564 0.3931051587301587 0.390542328042328 0.3998015873015873 0.3958333333333333 0.41121031746031744 0.39285714285714285 0.419890873015873 0.376984126984127 0.4270833333333333 0.3637566137566138 0.42584325396825395 0.35615079365079366 0.4226190476190476 0.3488756613756614 0.4114583333333333 0.35085978835978837 0.40302579365079366 0.35648148148148145 0.39657738095238093 0.36342592592592593 0.39360119047619047 0.37533068783068785 0.3931051587301587
0 0.3974867724867725 0.36160714285714285 0.40773809523809523 0.3648313492063492 0.41369047619047616 0.3695436507936508 0.4166666666666667 0.3834325396825397 0.4031084656084656 0.3960813492063492 0.396494708994709 0.39806547619047616 0.39087301587301587 0.3978174603174603 0.373015873015873 0.39112103174603174 0.3680555555555556 0.38318452380952384 0.36706349206349204 0.3757440476190476 0.3697089947089947 0.3697916666666667 0.3759920634920635 0.3648313492063492 0.3878968253968254 0.36160714285714285 0.39715608465608465 0.36160714285714285
0 0.314484126984127 0.3740079365079365 0.3323412698412698 0.37996031746031744 0.3382936507936508 0.3881448412698413 0.3369708994708995 0.39732142857142855 0.33134920634920634 0.40500992063492064 0.3244047619047619 0.4097222222222222 0.3148148148148148 0.4114583333333333 0.2959656084656085 0.40600198412698413 0.2873677248677249 0.39087301587301587 0.2906746031746032 0.3836805555555556 0.3002645502645503 0.375 0.31415343915343913 0.3740079365079365
0 0.2628968253968254 0.3854166666666667 0.28273809523809523 0.38938492063492064 0.2933201058201058 0.4052579365079365 0.29298941798941797 0.4087301587301587 0.28273809523809523 0.41716269841269843 0.2698412698412698 0.42038690476190477 0.2576058201058201 0.4184027777777778 0.24834656084656084 0.40773809523809523 0.25132275132275134 0.39285714285714285 0.26256613756613756 0.3854166666666667
0 0.2767857142857143 0.3489583333333333 0.2926587301587302 0.3549107142857143 0.29894179894179895 0.36532738095238093 0.2976190476190476 0.37648809523809523 0.2896825396825397 0.38492063492063494 0.2833994708994709 0.3881448412698413 0.2619047619047619 0.38492063492063494 0.2509920634920635 0.3777281746031746 0.24801587301587302 0.37276785714285715 0.24801587301587302 0.36607142857142855 0.25462962962962965 0.35540674603174605 0.265542328042328 0.34945436507936506 0.27645502645502645 0.3489583333333333
0 0.20601851851851852 0.3854166666666667 0.22156084656084657 0.390625 0.22817460317460317 0.40054563492063494 0.22486772486772486 0.4124503968253968 0.2166005291005291 0.4184027777777778 0.20667989417989419 0.4208829365079365 0.18981481481481483 0.4181547619047619 0.1818783068783069 0.4126984126984127 0.1779100529100529 0.4052579365079365 0.1789021164021164 0.39732142857142855 0.18584656084656084 0.38938492063492064 0.1917989417989418 0.38665674603174605 0.2056878306878307 0.3854166666666667
0 0.15178571428571427 0.4992559523809524 0.1636904761904762 0.5049603174603174 0.1693121693121693 0.5168650793650794 0.16071428571428573 0.529265873015873 0.1455026455026455 0.533234126984127 0.13425925925925927 0.5322420634920635 0.12533068783068782 0.5270337301587301 0.1207010582010582 0.5190972222222222 0.12037037037037036 0.5114087301587301 0.12301587301587301 0.5066964285714286 0.13095238095238096 0.5014880952380952 0.15145502645502645 0.4992559523809524