0 0.5750661375661376 0.5654761904761905 0.5833333333333334 0.5677083333333334 0.591931216931217 0.5731646825396826 0.5972222222222222 0.5845734126984127 0.5965608465608465 0.5905257936507936 0.5925925925925926 0.5954861111111112 0.5849867724867724 0.5997023809523809 0.5763888888888888 0.6014384920634921 0.5677910052910053 0.6006944444444444 0.5611772486772487 0.5972222222222222 0.5515873015873016 0.5850694444444444 0.5548941798941799 0.5711805555555556 0.5634920634920635 0.5669642857142857 0.5747354497354498 0.5654761904761905
0 0.5509259259259259 0.48933531746031744 0.5578703703703703 0.4913194444444444 0.5641534391534392 0.4965277777777778 0.5677910052910053 0.5089285714285714 0.5591931216931217 0.5203373015873016 0.5443121693121693 0.5252976190476191 0.5363756613756614 0.5248015873015873 0.5261243386243386 0.5190972222222222 0.5208333333333334 0.5121527777777778 0.5208333333333334 0.5049603174603174 0.5241402116402116 0.4975198412698413 0.529431216931217 0.4930555555555556 0.5400132275132276 0.48933531746031744 0.5505952380952381 0.48933531746031744
0 0.2619047619047619 0.4280753968253968 0.2757936507936508 0.43353174603174605 0.28273809523809523 0.44246031746031744 0.28075396825396826 0.4503968253968254 0.2761243386243386 0.45610119047619047 0.2698412698412698 0.46056547619047616 0.2622354497354497 0.46205357142857145 0.24503968253968253 0.45907738095238093 0.23776455026455026 0.45262896825396826 0.23412698412698413 0.4444444444444444 0.23776455026455026 0.4350198412698413 0.24371693121693122 0.4305555555555556 0.251984126984127 0.4280753968253968 0.26157407407407407 0.4280753968253968
0 0.5102513227513228 0.5555555555555556 0.5251322751322751 0.560515873015873 0.5304232804232805 0.5639880952380952 0.5343915343915344 0.5709325396825397 0.5300925925925926 0.5833333333333334 0.5112433862433863 0.591765873015873 0.5016534391534392 0.5915178571428571 0.49437830687830686 0.5890376984126984 0.48644179894179895 0.5813492063492064 0.48478835978835977 0.5744047619047619 0.48478835978835977 0.5674603174603174 0.4904100529100529 0.560515873015873 0.5013227513227513 0.5558035714285714 0.5099206349206349 0.5555555555555556
0 0.5720899470899471 0.6046626984126984 0.5952380952380952 0.611359126984127 0.5995370370370371 0.6163194444444444 0.6005291005291006 0.6279761904761905 0.5972222222222222 0.6369047619047619 0.591931216931217 0.6408730158730159 0.5813492063492064 0.6431051587301587 0.5677910052910053 0.6421130952380952 0.5562169312169312 0.6329365079365079 0.5525793650793651 0.626984126984127 0.5522486772486772 0.6187996031746031 0.5555555555555556 0.6128472222222222 0.5625 0.6068948412698413 0.5717592592592593 0.6046626984126984
0 0.42427248677248675 0.4945436507936508 0.43353174603174605 0.49776785714285715 0.43915343915343913 0.5032242063492064 0.4398148148148148 0.515625 0.4322089947089947 0.5245535714285714 0.4117063492063492 0.5280257936507936 0.40244708994708994 0.5260416666666666 0.39715608465608465 0.5223214285714286 0.3931878306878307 0.5158730158730159 0.3931878306878307 0.5084325396825397 0.3974867724867725 0.5012400793650794 0.4070767195767196 0.4947916666666667 0.42394179894179895 0.4945436507936508
0 0.642526455026455 0.5037202380952381 0.6547619047619048 0.5066964285714286 0.6620370370370371 0.5163690476190477 0.6583994708994709 0.5275297619047619 0.6451719576719577 0.5322420634920635 0.6332671957671958 0.5307539682539683 0.6246693121693122 0.5230654761904762 0.625 0.5119047619047619 0.6276455026455027 0.5084325396825397 0.6332671957671958 0.5044642857142857 0.6421957671957672 0.5037202380952381
0 0.30092592592592593 0.47172619047619047 0.31415343915343913 0.4774305555555556 0.3187830687830688 0.48412698412698413 0.31977513227513227 0.49107142857142855 0.314484126984127 0.5 0.29993386243386244 0.5049603174603174 0.2830687830687831 0.5022321428571429 0.2748015873015873 0.49429563492063494 0.27314814814814814 0.4868551587301587 0.27843915343915343 0.4771825396825397 0.2830687830687831 0.4739583333333333 0.291005291005291 0.4712301587301587 0.3005952380952381 0.47172619047619047
0 0.3478835978835979 0.5513392857142857 0.36243386243386244 0.5575396825396826 0.36772486772486773 0.5694444444444444 0.3637566137566138 0.5793650793650794 0.35648148148148145 0.5838293650793651 0.3498677248677249 0.5850694444444444 0.34093915343915343 0.5850694444444444 0.3287037037037037 0.5818452380952381 0.32275132275132273 0.5756448412698413 0.32076719576719576 0.5694444444444444 0.32407407407407407 0.560515873015873 0.33201058201058203 0.5535714285714286 0.34755291005291006 0.5513392857142857
0 0.49834656084656087 0.5228174603174603 0.5119047619047619 0.5305059523809523 0.5148809523809523 0.5438988095238095 0.5089285714285714 0.5518353174603174 0.4914021164021164 0.5575396825396826 0.4808201058201058 0.5555555555555556 0.4695767195767196 0.5483630952380952 0.4675925925925926 0.5364583333333334 0.4699074074074074 0.5310019841269841 0.47685185185185186 0.5255456349206349 0.48677248677248675 0.5225694444444444 0.498015873015873 0.5228174603174603
0 0.5952380952380952 0.6468253968253969 0.6091269841269841 0.6493055555555556 0.6197089947089947 0.6574900793650794 0.6203703703703703 0.6686507936507936 0.6140873015873016 0.6785714285714286 0.6051587301587301 0.6822916666666666 0.5932539682539683 0.6817956349206349 0.583994708994709 0.6790674603174603 0.5753968253968254 0.6716269841269841 0.5737433862433863 0.6641865079365079 0.5770502645502645 0.6560019841269841 0.583994708994709 0.6505456349206349 0.5949074074074074 0.6470734126984127
0 0.2976190476190476 0.519593253968254 0.3039021164021164 0.5220734126984127 0.31084656084656087 0.529265873015873 0.3148148148148148 0.5411706349206349 0.30456349206349204 0.5548115079365079 0.2900132275132275 0.558531746031746 0.2757936507936508 0.5550595238095238 0.267526455026455 0.5476190476190477 0.2648809523809524 0.5396825396825397 0.2744708994708995 0.5252976190476191 0.2867063492063492 0.5198412698412699 0.29728835978835977 0.519593253968254
0 0.19874338624338625 0.6388888888888888 0.21031746031746032 0.6490575396825397 0.2113095238095238 0.6579861111111112 0.2027116402116402 0.669890873015873 0.18915343915343916 0.6743551587301587 0.16832010582010581 0.6706349206349206 0.16137566137566137 0.6619543650793651 0.16071428571428573 0.6540178571428571 0.16666666666666666 0.6440972222222222 0.17294973544973544 0.6403769841269841 0.18386243386243387 0.6381448412698413 0.1984126984126984 0.6388888888888888
0 0.5406746031746031 0.6314484126984127 0.5512566137566137 0.6326884920634921 0.5608465608465608 0.6369047619047619 0.5684523809523809 0.6463293650793651 0.5681216931216931 0.654265873015873 0.5641534391534392 0.6607142857142857 0.546957671957672 0.6681547619047619 0.5386904761904762 0.6674107142857143 0.5291005291005291 0.6634424603174603 0.5218253968253969 0.6537698412698413 0.5221560846560847 0.6443452380952381 0.5254629629629629 0.6369047619047619 0.5320767195767195 0.6326884920634921 0.5403439153439153 0.6314484126984127
0 0.5287698412698413 0.6646825396825397 0.541005291005291 0.6711309523809523 0.5439814814814815 0.6750992063492064 0.5453042328042328 0.685515873015873 0.5433201058201058 0.691468253968254 0.5370370370370371 0.6971726190476191 0.5251322751322751 0.6999007936507936 0.5128968253968254 0.6994047619047619 0.5066137566137566 0.6964285714285714 0.5016534391534392 0.6892361111111112 0.5006613756613757 0.6810515873015873 0.5026455026455027 0.6746031746031746 0.5105820105820106 0.6676587301587301 0.5224867724867724 0.6639384920634921 0.5284391534391535 0.6646825396825397
0 0.5373677248677249 0.5838293650793651 0.5512566137566137 0.5885416666666666 0.5611772486772487 0.6021825396825397 0.560515873015873 0.6061507936507936 0.5515873015873016 0.6168154761904762 0.5406746031746031 0.6205357142857143 0.5324074074074074 0.6200396825396826 0.5248015873015873 0.6165674603174603 0.515542328042328 0.6083829365079365 0.5125661375661376 0.6006944444444444 0.5165343915343915 0.5902777777777778 0.529431216931217 0.5840773809523809 0.5370370370370371 0.5838293650793651
0 0.34226190476190477 0.48933531746031744 0.35714285714285715 0.49429563492063494 0.3621031746031746 0.5012400793650794 0.36144179894179895 0.511656746031746 0.35714285714285715 0.5198412698412699 0.35185185185185186 0.5230654761904762 0.3429232804232804 0.5245535714285714 0.3273809523809524 0.5223214285714286 0.3194444444444444 0.5158730158730159 0.31646825396825395 0.5089285714285714 0.31746031746031744 0.5032242063492064 0.32341269841269843 0.49528769841269843 0.3316798941798942 0.4908234126984127 0.3419312169312169 0.48933531746031744
0 0.42923280423280424 0.5257936507936508 0.435515873015873 0.527281746031746 0.44312169312169314 0.5324900793650794 0.4480820105820106 0.5438988095238095 0.4460978835978836 0.5513392857142857 0.44047619047619047 0.5577876984126984 0.4252645502645503 0.5634920634920635 0.4041005291005291 0.5577876984126984 0.4001322751322751 0.5515873015873016 0.4001322751322751 0.542906746031746 0.4044312169312169 0.5349702380952381 0.4126984126984127 0.5282738095238095 0.4289021164021164 0.5257936507936508
0 0.22585978835978837 0.5364583333333334 0.23082010582010581 0.5381944444444444 0.2390873015873016 0.5456349206349206 0.2414021164021164 0.5543154761904762 0.23578042328042328 0.5647321428571429 0.22420634920634921 0.5701884920634921 0.21395502645502645 0.5696924603174603 0.20304232804232805 0.566468253968254 0.1970899470899471 0.5602678571428571 0.19543650793650794 0.5530753968253969 0.1970899470899471 0.5466269841269841 0.2046957671957672 0.5391865079365079 0.2152777777777778 0.5364583333333334 0.22552910052910052 0.5364583333333334
0 0.6197089947089947 0.5771329365079365 0.6392195767195767 0.5815972222222222 0.6471560846560847 0.5885416666666666 0.6498015873015873 0.5969742063492064 0.6438492063492064 0.6091269841269841 0.6332671957671958 0.6150793650793651 0.6167328042328042 0.6160714285714286 0.6071428571428571 0.613343253968254 0.5998677248677249 0.6063988095238095 0.5968915343915344 0.5992063492063492 0.5985449735449735 0.589781746031746 0.6084656084656085 0.5806051587301587 0.6193783068783069 0.5773809523809523
0 0.5995370370370371 0.49875992063492064 0.6117724867724867 0.5017361111111112 0.6197089947089947 0.5071924603174603 0.6246693121693122 0.5148809523809523 0.6246693121693122 0.5225694444444444 0.6137566137566137 0.5334821428571429 0.5992063492063492 0.5364583333333334 0.5863095238095238 0.5329861111111112 0.5770502645502645 0.5198412698412699 0.5773809523809523 0.5121527777777778 0.5810185185185185 0.5049603174603174 0.5876322751322751 0.5009920634920635 0.5992063492063492 0.49875992063492064
0 0.5472883597883598 0.5282738095238095 0.5611772486772487 0.5389384920634921 0.5615079365079365 0.5500992063492064 0.5535714285714286 0.5597718253968254 0.5363756613756614 0.5632440476190477 0.5297619047619048 0.5625 0.5168650793650794 0.5560515873015873 0.5168650793650794 0.5396825396825397 0.5248015873015873 0.5324900793650794 0.546957671957672 0.5282738095238095