0 0.4312169312169312 0.46924603174603174 0.439484126984127 0.4714781746031746 0.44675925925925924 0.47643849206349204 0.4523809523809524 0.484375 0.4537037037037037 0.4930555555555556 0.45006613756613756 0.5012400793650794 0.44477513227513227 0.5059523809523809 0.42923280423280424 0.5109126984126984 0.41898148148148145 0.5091765873015873 0.41104497354497355 0.5044642857142857 0.4044312169312169 0.49776785714285715 0.4027777777777778 0.4908234126984127 0.4054232804232804 0.4809027777777778 0.4113756613756614 0.47371031746031744 0.42063492063492064 0.4697420634920635 0.4308862433862434 0.46924603174603174
0 0.5886243386243386 0.23660714285714285 0.6011904761904762 0.24379960317460317 0.605489417989418 0.25768849206349204 0.5978835978835979 0.2693452380952381 0.5846560846560847 0.27356150793650796 0.5750661375661376 0.2728174603174603 0.5638227513227513 0.2663690476190476 0.560515873015873 0.26066468253968256 0.5601851851851852 0.2524801587301587 0.5710978835978836 0.2400793650793651 0.5882936507936508 0.23660714285714285
0 0.6636904761904762 0.33978174603174605 0.669973544973545 0.341765873015873 0.6762566137566137 0.3474702380952381 0.6795634920634921 0.3630952380952381 0.6703042328042328 0.37351190476190477 0.66005291005291 0.3767361111111111 0.6481481481481481 0.37549603174603174 0.6421957671957672 0.37276785714285715 0.6369047619047619 0.36433531746031744 0.6359126984126984 0.3556547619047619 0.6402116402116402 0.3482142857142857 0.6474867724867724 0.3427579365079365 0.6547619047619048 0.33978174603174605 0.6633597883597884 0.33978174603174605
0 0.39087301587301587 0.8258928571428571 0.4041005291005291 0.832093253968254 0.40773809523809523 0.8385416666666666 0.4083994708994709 0.8484623015873016 0.3998015873015873 0.8630952380952381 0.3931878306878307 0.8668154761904762 0.3835978835978836 0.8683035714285714 0.37136243386243384 0.8673115079365079 0.36408730158730157 0.863343253968254 0.3578042328042328 0.8531746031746031 0.3558201058201058 0.8420138888888888 0.3621031746031746 0.8338293650793651 0.3723544973544973 0.8273809523809523 0.390542328042328 0.8258928571428571
0 0.6246693121693122 0.5245535714285714 0.6398809523809523 0.5287698412698413 0.6468253968253969 0.5399305555555556 0.6458333333333334 0.5471230158730159 0.6412037037037037 0.5543154761904762 0.6306216931216931 0.5597718253968254 0.6127645502645502 0.5575396825396826 0.603505291005291 0.5505952380952381 0.5995370370370371 0.5436507936507936 0.6038359788359788 0.5314980158730159 0.6140873015873016 0.5255456349206349 0.6243386243386243 0.5245535714285714
0 0.4880952380952381 0.7633928571428571 0.49834656084656087 0.7666170634920635 0.5049603174603174 0.7720734126984127 0.5072751322751323 0.7857142857142857 0.49966931216931215 0.7991071428571429 0.4834656084656085 0.8050595238095238 0.4708994708994709 0.8040674603174603 0.4619708994708995 0.8000992063492064 0.45701058201058203 0.7824900793650794 0.4599867724867725 0.7745535714285714 0.4656084656084656 0.7686011904761905 0.4771825396825397 0.7641369047619048 0.4877645502645503 0.7633928571428571
0 0.5267857142857143 0.7807539682539683 0.5413359788359788 0.7857142857142857 0.5492724867724867 0.7976190476190477 0.5482804232804233 0.8070436507936508 0.5433201058201058 0.8162202380952381 0.5363756613756614 0.8211805555555556 0.5284391534391535 0.8231646825396826 0.5162037037037037 0.8216765873015873 0.5089285714285714 0.8184523809523809 0.5003306878306878 0.8055555555555556 0.5003306878306878 0.7993551587301587 0.5085978835978836 0.7847222222222222 0.515542328042328 0.7814980158730159 0.5264550264550265 0.7807539682539683
0 0.5033068783068783 0.25049603174603174 0.5119047619047619 0.2527281746031746 0.519510582010582 0.25793650793650796 0.5234788359788359 0.2698412698412698 0.5205026455026455 0.2767857142857143 0.513558201058201 0.2829861111111111 0.49834656084656087 0.28695436507936506 0.4914021164021164 0.28621031746031744 0.4801587301587302 0.279265873015873 0.4755291005291005 0.2725694444444444 0.47453703703703703 0.26537698412698413 0.4834656084656085 0.25297619047619047 0.5029761904761905 0.25049603174603174
0 0.5145502645502645 0.45535714285714285 0.5221560846560847 0.4573412698412698 0.531415343915344 0.4632936507936508 0.5367063492063492 0.4739583333333333 0.5333994708994709 0.48462301587301587 0.5224867724867724 0.4913194444444444 0.515542328042328 0.49255952380952384 0.5092592592592593 0.49181547619047616 0.49636243386243384 0.4853670634920635 0.4923941798941799 0.4739583333333333 0.498015873015873 0.45982142857142855 0.5042989417989417 0.4558531746031746 0.5142195767195767 0.45535714285714285
0 0.376984126984127 0.6091269841269841 0.38392857142857145 0.6106150793650794 0.39186507936507936 0.6155753968253969 0.396494708994709 0.6307043650793651 0.38822751322751325 0.6438492063492064 0.3759920634920635 0.6473214285714286 0.36474867724867727 0.6458333333333334 0.3544973544973545 0.6413690476190477 0.34755291005291006 0.6297123015873016 0.35119047619047616 0.6197916666666666 0.35648148148148145 0.6145833333333334 0.3664021164021164 0.6101190476190477 0.37665343915343913 0.6091269841269841
0 0.583994708994709 0.20163690476190477 0.5916005291005291 0.20461309523809523 0.59755291005291 0.20982142857142858 0.6001984126984127 0.22073412698412698 0.593915343915344 0.2309027777777778 0.5826719576719577 0.23635912698412698 0.5720899470899471 0.23586309523809523 0.5608465608465608 0.23139880952380953 0.5555555555555556 0.2269345238095238 0.5539021164021164 0.21899801587301587 0.5572089947089947 0.21006944444444445 0.5641534391534392 0.2041170634920635 0.5720899470899471 0.20163690476190477 0.5836640211640212 0.20163690476190477
0 0.4566798941798942 0.43427579365079366 0.4771825396825397 0.44246031746031744 0.4798280423280423 0.4558531746031746 0.4775132275132275 0.4623015873015873 0.47023809523809523 0.46899801587301587 0.4546957671957672 0.4732142857142857 0.44146825396825395 0.47098214285714285 0.4308862433862434 0.4600694444444444 0.42956349206349204 0.45262896825396826 0.435515873015873 0.44072420634920634 0.44675925925925924 0.435515873015873 0.45634920634920634 0.43427579365079366
0 0.42923280423280424 0.6034226190476191 0.43915343915343913 0.6059027777777778 0.44312169312169314 0.6091269841269841 0.44576719576719576 0.623015873015873 0.43816137566137564 0.6369047619047619 0.4308862433862434 0.6413690476190477 0.421957671957672 0.642609126984127 0.4107142857142857 0.6408730158730159 0.4021164021164021 0.6369047619047619 0.396494708994709 0.6279761904761905 0.3955026455026455 0.6195436507936508 0.39914021164021163 0.6128472222222222 0.4080687830687831 0.607390873015873 0.4289021164021164 0.6034226190476191
0 0.4246031746031746 0.32415674603174605 0.4441137566137566 0.3315972222222222 0.44775132275132273 0.34350198412698413 0.44345238095238093 0.3524305555555556 0.43253968253968256 0.3601190476190476 0.421957671957672 0.3628472222222222 0.40476190476190477 0.35540674603174605 0.40046296296296297 0.34846230158730157 0.4001322751322751 0.34077380952380953 0.4080687830687831 0.32787698412698413 0.4169973544973545 0.3244047619047619 0.42427248677248675 0.32415674603174605
0 0.5228174603174603 0.7053571428571429 0.53505291005291 0.7135416666666666 0.5383597883597884 0.7279265873015873 0.5297619047619048 0.7388392857142857 0.515542328042328 0.7437996031746031 0.5056216931216931 0.7425595238095238 0.49537037037037035 0.7375992063492064 0.4894179894179894 0.7309027777777778 0.4880952380952381 0.7224702380952381 0.4914021164021164 0.7135416666666666 0.49834656084656087 0.7080853174603174 0.5085978835978836 0.705109126984127 0.5224867724867724 0.7053571428571429
0 0.4103835978835979 0.43253968253968256 0.42063492063492064 0.435515873015873 0.4305555555555556 0.44568452380952384 0.4262566137566138 0.46056547619047616 0.41435185185185186 0.4680059523809524 0.3951719576719577 0.46651785714285715 0.38425925925925924 0.45982142857142855 0.3802910052910053 0.453125 0.3835978835978836 0.43898809523809523 0.392526455026455 0.43452380952380953 0.41005291005291006 0.43253968253968256
0 0.5816798941798942 0.7440476190476191 0.5916005291005291 0.7462797619047619 0.6008597883597884 0.7512400793650794 0.6064814814814815 0.7646329365079365 0.6038359788359788 0.7770337301587301 0.5949074074074074 0.7839781746031746 0.5863095238095238 0.7869543650793651 0.5661375661375662 0.7834821428571429 0.558531746031746 0.7765376984126984 0.5548941798941799 0.7693452380952381 0.5552248677248677 0.7619047619047619 0.5615079365079365 0.7514880952380952 0.5707671957671958 0.7457837301587301 0.5813492063492064 0.7440476190476191
0 0.3601190476190476 0.6552579365079365 0.37566137566137564 0.6612103174603174 0.3816137566137566 0.6763392857142857 0.37533068783068785 0.6889880952380952 0.36607142857142855 0.6939484126984127 0.357473544973545 0.6954365079365079 0.34523809523809523 0.6941964285714286 0.33630952380952384 0.689484126984127 0.33134920634920634 0.6793154761904762 0.33101851851851855 0.6728670634920635 0.33366402116402116 0.6661706349206349 0.3419312169312169 0.6592261904761905 0.35978835978835977 0.6552579365079365
0 0.5119047619047619 0.20188492063492064 0.519510582010582 0.2041170634920635 0.5254629629629629 0.20932539682539683 0.529431216931217 0.22123015873015872 0.5238095238095238 0.23214285714285715 0.5102513227513228 0.23660714285714285 0.5013227513227513 0.23635912698412698 0.4923941798941799 0.23214285714285715 0.48677248677248675 0.22420634920634921 0.4861111111111111 0.21552579365079366 0.48842592592592593 0.2095734126984127 0.49404761904761907 0.2048611111111111 0.5115740740740741 0.20188492063492064
0 0.5552248677248677 0.36061507936507936 0.5638227513227513 0.3621031746031746 0.5687830687830688 0.3655753968253968 0.5737433862433863 0.3732638888888889 0.5744047619047619 0.3802083333333333 0.5671296296296297 0.3916170634920635 0.5634920634920635 0.3940972222222222 0.5519179894179894 0.39632936507936506 0.5403439153439153 0.39533730158730157 0.5337301587301587 0.39186507936507936 0.529431216931217 0.3871527777777778 0.5281084656084656 0.3794642857142857 0.5300925925925926 0.373015873015873 0.5367063492063492 0.3655753968253968 0.5453042328042328 0.361359126984127 0.5548941798941799 0.36061507936507936
0 0.48048941798941797 0.4806547619047619 0.49107142857142855 0.4836309523809524 0.49437830687830686 0.48660714285714285 0.498015873015873 0.5029761904761905 0.4947089947089947 0.5114087301587301 0.48214285714285715 0.5166170634920635 0.46924603174603174 0.515625 0.4632936507936508 0.5128968253968254 0.45634920634920634 0.5054563492063492 0.4546957671957672 0.4990079365079365 0.4556878306878307 0.4898313492063492 0.4599867724867725 0.48487103174603174 0.4708994708994709 0.4809027777777778 0.4801587301587302 0.4806547619047619
0 0.4503968253968254 0.6986607142857143 0.4599867724867725 0.6999007936507936 0.4646164021164021 0.7028769841269841 0.47023809523809523 0.7145337301587301 0.4708994708994709 0.7249503968253969 0.4632936507936508 0.7331349206349206 0.4494047619047619 0.7368551587301587 0.43915343915343913 0.7353670634920635 0.43154761904761907 0.7309027777777778 0.42658730158730157 0.7239583333333334 0.4252645502645503 0.7152777777777778 0.42857142857142855 0.7068452380952381 0.4351851851851852 0.7016369047619048 0.45006613756613756 0.6986607142857143
0 0.43816137566137564 0.18526785714285715 0.4513888888888889 0.1892361111111111 0.458994708994709 0.20238095238095238 0.4580026455026455 0.2105654761904762 0.4537037037037037 0.2170138888888889 0.4427910052910053 0.22098214285714285 0.4308862433862434 0.2204861111111111 0.42328042328042326 0.2177579365079365 0.4176587301587302 0.21329365079365079 0.414021164021164 0.20634920634920634 0.41435185185185186 0.1974206349206349 0.4176587301587302 0.19295634920634921 0.42857142857142855 0.1865079365079365 0.43783068783068785 0.18526785714285715
0 0.3525132275132275 0.5394345238095238 0.359457671957672 0.5409226190476191 0.3664021164021164 0.5456349206349206 0.3707010582010582 0.5577876984126984 0.3637566137566138 0.5711805555555556 0.35085978835978837 0.576140873015873 0.3386243386243386 0.5746527777777778 0.330026455026455 0.5709325396825397 0.32407407407407407 0.5615079365079365 0.32341269841269843 0.5550595238095238 0.32572751322751325 0.5491071428571429 0.3333333333333333 0.5431547619047619 0.3521825396825397 0.5394345238095238
0 0.4255952380952381 0.8568948412698413 0.435515873015873 0.859375 0.44312169312169314 0.8653273809523809 0.44841269841269843 0.8819444444444444 0.44642857142857145 0.8871527777777778 0.4398148148148148 0.8916170634920635 0.4193121693121693 0.8980654761904762 0.4093915343915344 0.8975694444444444 0.4021164021164021 0.8936011904761905 0.39715608465608465 0.8874007936507936 0.3931878306878307 0.875 0.39616402116402116 0.8687996031746031 0.4041005291005291 0.8618551587301587 0.41435185185185186 0.8578869047619048 0.4252645502645503 0.8568948412698413
0 0.41435185185185186 0.6537698412698413 0.4269179894179894 0.6592261904761905 0.4305555555555556 0.6721230158730159 0.42592592592592593 0.6820436507936508 0.4150132275132275 0.6884920634920635 0.4080687830687831 0.6899801587301587 0.3968253968253968 0.6892361111111112 0.38822751322751325 0.685515873015873 0.38227513227513227 0.6785714285714286 0.3819444444444444 0.6676587301587301 0.3862433862433862 0.660218253968254 0.39351851851851855 0.6560019841269841 0.4037698412698413 0.6532738095238095 0.414021164021164 0.6537698412698413
0 0.6994047619047619 0.4228670634920635 0.7142857142857143 0.4283234126984127 0.7192460317460317 0.4357638888888889 0.7156084656084656 0.453125 0.7109788359788359 0.45709325396825395 0.7023809523809523 0.4600694444444444 0.6822089947089947 0.4575892857142857 0.6716269841269841 0.4489087301587302 0.6693121693121693 0.4427083333333333 0.6716269841269841 0.4340277777777778 0.6782407407407407 0.4270833333333333 0.6990740740740741 0.4228670634920635
0 0.5744047619047619 0.3288690476190476 0.5892857142857143 0.3345734126984127 0.5952380952380952 0.3402777777777778 0.5958994708994709 0.3489583333333333 0.5902777777777778 0.35987103174603174 0.5816798941798942 0.3645833333333333 0.5710978835978836 0.3645833333333333 0.5575396825396826 0.36061507936507936 0.5519179894179894 0.35615079365079366 0.5499338624338624 0.3444940476190476 0.5529100529100529 0.3382936507936508 0.560515873015873 0.3323412698412698 0.5740740740740741 0.3291170634920635
0 0.44047619047619047 0.7723214285714286 0.45436507936507936 0.7810019841269841 0.458994708994709 0.7991071428571429 0.4494047619047619 0.8117559523809523 0.43716931216931215 0.8174603174603174 0.43022486772486773 0.8182043650793651 0.42162698412698413 0.8174603174603174 0.4123677248677249 0.8107638888888888 0.4083994708994709 0.8010912698412699 0.4087301587301587 0.7872023809523809 0.41104497354497355 0.7822420634920635 0.41865079365079366 0.7765376984126984 0.43187830687830686 0.7723214285714286 0.4401455026455027 0.7723214285714286
0 0.7066798941798942 0.3365575396825397 0.7132936507936508 0.33878968253968256 0.7212301587301587 0.3454861111111111 0.7238756613756614 0.3559027777777778 0.7162698412698413 0.36681547619047616 0.7000661375661376 0.37202380952380953 0.689484126984127 0.37003968253968256 0.6805555555555556 0.3648313492063492 0.6785714285714286 0.3489583333333333 0.6881613756613757 0.3395337301587302 0.7063492063492064 0.3365575396825397