0 0.47023809523809523 0.21006944444444445 0.48048941798941797 0.21676587301587302 0.482473544973545 0.22767857142857142 0.47619047619047616 0.23487103174603174 0.46726190476190477 0.23809523809523808 0.4599867724867725 0.23759920634920634 0.45535714285714285 0.23487103174603174 0.4497354497354497 0.22743055555555555 0.4487433862433862 0.22197420634920634 0.4546957671957672 0.2130456349206349 0.4626322751322751 0.20982142857142858 0.4699074074074074 0.21006944444444445
0 0.3941798941798942 0.6438492063492064 0.40476190476190477 0.6502976190476191 0.4050925925925926 0.6584821428571429 0.4017857142857143 0.6649305555555556 0.3878968253968254 0.6713789682539683 0.38095238095238093 0.6706349206349206 0.37466931216931215 0.6664186507936508 0.37136243386243384 0.6555059523809523 0.37433862433862436 0.6493055555555556 0.37996031746031744 0.6450892857142857 0.39384920634920634 0.6438492063492064
0 0.3921957671957672 0.38244047619047616 0.4017857142857143 0.3869047619047619 0.4050925925925926 0.3948412698412698 0.4017857142857143 0.4010416666666667 0.3915343915343915 0.40600198412698413 0.37665343915343913 0.40327380952380953 0.37037037037037035 0.39384920634920634 0.37665343915343913 0.38492063492063494 0.38392857142857145 0.38244047619047616 0.39186507936507936 0.38244047619047616
0 0.36078042328042326 0.7584325396825397 0.37533068783068785 0.7653769841269841 0.3783068783068783 0.7750496031746031 0.373015873015873 0.7839781746031746 0.35714285714285715 0.7899305555555556 0.3488756613756614 0.7889384920634921 0.3419312169312169 0.7842261904761905 0.33895502645502645 0.7730654761904762 0.34523809523809523 0.7638888888888888 0.36044973544973546 0.7584325396825397
0 0.35615079365079366 0.4154265873015873 0.36904761904761907 0.4201388888888889 0.373015873015873 0.4270833333333333 0.37003968253968256 0.4365079365079365 0.35615079365079366 0.4429563492063492 0.3425925925925926 0.439484126984127 0.33664021164021163 0.42956349206349204 0.3369708994708995 0.42509920634920634 0.3412698412698413 0.42038690476190477 0.34854497354497355 0.41617063492063494 0.3558201058201058 0.4154265873015873
0 0.8485449735449735 0.5096726190476191 0.8581349206349206 0.5151289682539683 0.8597883597883598 0.5248015873015873 0.8561507936507936 0.5305059523809523 0.841931216931217 0.5344742063492064 0.8349867724867724 0.5337301587301587 0.8290343915343915 0.5305059523809523 0.8250661375661376 0.5190972222222222 0.8273809523809523 0.5146329365079365 0.8336640211640212 0.5109126984126984 0.8482142857142857 0.5096726190476191
0 0.6164021164021164 0.32341269841269843 0.6263227513227513 0.32936507936507936 0.6286375661375662 0.3392857142857143 0.6223544973544973 0.3462301587301587 0.6130952380952381 0.34945436507936506 0.6001984126984127 0.3454861111111111 0.5945767195767195 0.3375496031746032 0.5965608465608465 0.33134920634920634 0.6021825396825397 0.326140873015873 0.6160714285714286 0.32341269841269843
0 0.6474867724867724 0.5756448412698413 0.6597222222222222 0.5815972222222222 0.6626984126984127 0.591765873015873 0.6567460317460317 0.5992063492063492 0.6481481481481481 0.6019345238095238 0.6342592592592593 0.5989583333333334 0.6276455026455027 0.5900297619047619 0.6296296296296297 0.5813492063492064 0.6332671957671958 0.5778769841269841 0.6471560846560847 0.5756448412698413
0 0.6653439153439153 0.37971230158730157 0.6765873015873016 0.3834325396825397 0.6825396825396826 0.39211309523809523 0.6792328042328042 0.40128968253968256 0.6722883597883598 0.40625 0.6653439153439153 0.40773809523809523 0.654431216931217 0.40476190476190477 0.6474867724867724 0.39533730158730157 0.6474867724867724 0.39087301587301587 0.6521164021164021 0.3834325396825397 0.6583994708994709 0.3802083333333333 0.6650132275132276 0.37971230158730157
0 0.37103174603174605 0.6649305555555556 0.38095238095238093 0.671875 0.38293650793650796 0.6803075396825397 0.37863756613756616 0.6887400793650794 0.36706349206349204 0.6922123015873016 0.3525132275132275 0.689484126984127 0.3488756613756614 0.6860119047619048 0.34755291005291006 0.6783234126984127 0.35085978835978837 0.6713789682539683 0.3558201058201058 0.6676587301587301 0.3630952380952381 0.6646825396825397 0.3707010582010582 0.6649305555555556
0 0.515542328042328 0.3087797619047619 0.531415343915344 0.3132440476190476 0.5340608465608465 0.32217261904761907 0.531084656084656 0.32961309523809523 0.5185185185185185 0.33606150793650796 0.5085978835978836 0.33283730158730157 0.5026455026455027 0.328125 0.5013227513227513 0.32018849206349204 0.5033068783068783 0.31547619047619047 0.5079365079365079 0.31125992063492064 0.5152116402116402 0.3090277777777778
0 0.6471560846560847 0.6656746031746031 0.6567460317460317 0.6708829365079365 0.6603835978835979 0.6785714285714286 0.654431216931217 0.6889880952380952 0.6448412698412699 0.6922123015873016 0.6299603174603174 0.689484126984127 0.625 0.6852678571428571 0.6226851851851852 0.6780753968253969 0.6299603174603174 0.6688988095238095 0.6468253968253969 0.6656746031746031
0 0.6121031746031746 0.7028769841269841 0.6233465608465608 0.7080853174603174 0.6273148148148148 0.7165178571428571 0.6226851851851852 0.7274305555555556 0.6137566137566137 0.7311507936507936 0.59755291005291 0.7286706349206349 0.5916005291005291 0.7182539682539683 0.591931216931217 0.7132936507936508 0.5968915343915344 0.7063492063492064 0.605489417989418 0.7028769841269841 0.6117724867724867 0.7028769841269841
0 0.529431216931217 0.636656746031746 0.5406746031746031 0.6421130952380952 0.5433201058201058 0.6512896825396826 0.5370370370370371 0.6609623015873016 0.5261243386243386 0.6646825396825397 0.5165343915343915 0.6634424603174603 0.5089285714285714 0.6587301587301587 0.5056216931216931 0.6473214285714286 0.5125661375661376 0.6391369047619048 0.5185185185185185 0.6369047619047619 0.5291005291005291 0.636656746031746
0 0.2576058201058201 0.3871527777777778 0.2665343915343915 0.3931051587301587 0.2691798941798942 0.40228174603174605 0.2648809523809524 0.4114583333333333 0.2533068783068783 0.41617063492063494 0.2443783068783069 0.41592261904761907 0.23743386243386244 0.4124503968253968 0.2328042328042328 0.3998015873015873 0.2404100529100529 0.39037698412698413 0.24768518518518517 0.38740079365079366 0.25727513227513227 0.3871527777777778
0 0.5089285714285714 0.6594742063492064 0.5191798941798942 0.6656746031746031 0.5205026455026455 0.6721230158730159 0.5119047619047619 0.6845238095238095 0.5062830687830688 0.6860119047619048 0.498015873015873 0.6860119047619048 0.49074074074074076 0.6832837301587301 0.48544973544973546 0.6713789682539683 0.49537037037037035 0.6607142857142857 0.5085978835978836 0.6594742063492064
0 0.4252645502645503 0.32589285714285715 0.4341931216931217 0.32787698412698413 0.439484126984127 0.3318452380952381 0.4408068783068783 0.33903769841269843 0.43683862433862436 0.34672619047619047 0.4305555555555556 0.3509424603174603 0.4212962962962963 0.35143849206349204 0.40906084656084657 0.34523809523809523 0.40674603174603174 0.3392857142857143 0.40906084656084657 0.33134920634920634 0.416005291005291 0.3273809523809524 0.42493386243386244 0.326140873015873
0 0.4923941798941799 0.4114583333333333 0.5016534391534392 0.4164186507936508 0.503968253968254 0.4253472222222222 0.5016534391534392 0.4303075396825397 0.49007936507936506 0.4357638888888889 0.47619047619047616 0.43427579365079366 0.47023809523809523 0.4288194444444444 0.46924603174603174 0.4246031746031746 0.47585978835978837 0.4146825396825397 0.4851190476190476 0.4114583333333333 0.49206349206349204 0.4114583333333333
0 0.5684523809523809 0.6617063492063492 0.5810185185185185 0.6684027777777778 0.5853174603174603 0.6783234126984127 0.5793650793650794 0.6877480158730159 0.5684523809523809 0.6912202380952381 0.5542328042328042 0.6892361111111112 0.5459656084656085 0.6815476190476191 0.5446428571428571 0.6763392857142857 0.5459656084656085 0.6696428571428571 0.5525793650793651 0.6639384920634921 0.5608465608465608 0.6614583333333334 0.5681216931216931 0.6617063492063492
0 0.7516534391534392 0.6004464285714286 0.7628968253968254 0.6086309523809523 0.7645502645502645 0.6165674603174603 0.7582671957671958 0.625 0.7470238095238095 0.6287202380952381 0.7351190476190477 0.6272321428571429 0.7291666666666666 0.6232638888888888 0.7238756613756614 0.6158234126984127 0.7232142857142857 0.609375 0.7357804232804233 0.6014384920634921 0.7513227513227513 0.6004464285714286
0 0.8915343915343915 0.4878472222222222 0.9034391534391535 0.4908234126984127 0.9087301587301587 0.49776785714285715 0.904431216931217 0.5086805555555556 0.8998015873015873 0.5124007936507936 0.8915343915343915 0.5143849206349206 0.873015873015873 0.5109126984126984 0.8680555555555556 0.5017361111111112 0.8683862433862434 0.49776785714285715 0.875 0.4913194444444444 0.8912037037037037 0.4878472222222222
0 0.48148148148148145 0.3080357142857143 0.49107142857142855 0.3152281746031746 0.49272486772486773 0.3263888888888889 0.48412698412698413 0.3350694444444444 0.4771825396825397 0.3368055555555556 0.4669312169312169 0.3350694444444444 0.46130952380952384 0.3318452380952381 0.45866402116402116 0.3211805555555556 0.4652777777777778 0.310515873015873 0.4742063492063492 0.3070436507936508 0.48115079365079366 0.3080357142857143
0 0.4880952380952381 0.6329365079365079 0.5 0.6364087301587301 0.503968253968254 0.6438492063492064 0.5036375661375662 0.6488095238095238 0.49933862433862436 0.6560019841269841 0.48478835978835977 0.6607142857142857 0.47023809523809523 0.6557539682539683 0.4652777777777778 0.6465773809523809 0.4722222222222222 0.6359126984126984 0.4877645502645503 0.6329365079365079
0 0.5558862433862434 0.6051587301587301 0.5674603174603174 0.6088789682539683 0.5727513227513228 0.6175595238095238 0.5681216931216931 0.628968253968254 0.5572089947089947 0.6334325396825397 0.542989417989418 0.628968253968254 0.5376984126984127 0.6183035714285714 0.5386904761904762 0.6128472222222222 0.5436507936507936 0.6081349206349206 0.5555555555555556 0.6051587301587301
0 0.23511904761904762 0.41393849206349204 0.2447089947089947 0.41790674603174605 0.2490079365079365 0.4260912698412698 0.2414021164021164 0.4367559523809524 0.23082010582010581 0.4399801587301587 0.21693121693121692 0.43774801587301587 0.21164021164021163 0.4322916666666667 0.21164021164021163 0.4280753968253968 0.21693121693121692 0.4174107142857143 0.22387566137566137 0.4146825396825397 0.2347883597883598 0.41393849206349204
0 0.28174603174603174 0.4312996031746032 0.2916666666666667 0.4347718253968254 0.296957671957672 0.4427083333333333 0.2926587301587302 0.45287698412698413 0.2873677248677249 0.45634920634920634 0.27976190476190477 0.45783730158730157 0.26587301587301587 0.45337301587301587 0.2619047619047619 0.44568452380952384 0.26455026455026454 0.43725198412698413 0.2691798941798942 0.4330357142857143 0.2814153439153439 0.4312996031746032
0 0.4503968253968254 0.3447420634920635 0.4619708994708995 0.3489583333333333 0.4642857142857143 0.359375 0.4576719576719577 0.36607142857142855 0.44675925925925924 0.3695436507936508 0.43915343915343913 0.3680555555555556 0.4308862433862434 0.36259920634920634 0.42956349206349204 0.3551587301587302 0.43584656084656087 0.34771825396825395 0.44212962962962965 0.3447420634920635 0.45006613756613756 0.3447420634920635
0 0.4523809523809524 0.6530257936507936 0.4619708994708995 0.6574900793650794 0.4652777777777778 0.6676587301587301 0.46130952380952384 0.6746031746031746 0.45105820105820105 0.6790674603174603 0.435515873015873 0.675843253968254 0.43022486772486773 0.6646825396825397 0.4351851851851852 0.6567460317460317 0.44345238095238093 0.6535218253968254 0.45205026455026454 0.6530257936507936
0 0.4080687830687831 0.3464781746031746 0.41633597883597884 0.35143849206349204 0.41898148148148145 0.36259920634920634 0.4097222222222222 0.3705357142857143 0.40145502645502645 0.37202380952380953 0.39351851851851855 0.37103174603174605 0.3869047619047619 0.36706349206349204 0.38425925925925924 0.3559027777777778 0.3931878306878307 0.34697420634920634 0.40773809523809523 0.3464781746031746
0 0.5291005291005291 0.28695436507936506 0.5367063492063492 0.28943452380952384 0.542989417989418 0.29712301587301587 0.5406746031746031 0.30654761904761907 0.533068783068783 0.3125 0.5152116402116402 0.30927579365079366 0.5105820105820106 0.3038194444444444 0.5109126984126984 0.29637896825396826 0.5152116402116402 0.2906746031746032 0.5211640211640212 0.2874503968253968 0.5287698412698413 0.28695436507936506
0 0.6550925925925926 0.5198412698412699 0.666005291005291 0.5260416666666666 0.6676587301587301 0.5359623015873016 0.66005291005291 0.5443948412698413 0.6498015873015873 0.5481150793650794 0.6395502645502645 0.546875 0.6322751322751323 0.542906746031746 0.6276455026455027 0.5362103174603174 0.6276455026455027 0.5297619047619048 0.6369047619047619 0.5210813492063492 0.6471560846560847 0.5188492063492064 0.6547619047619048 0.5198412698412699
0 0.32043650793650796 0.6016865079365079 0.330026455026455 0.6059027777777778 0.3326719576719577 0.6163194444444444 0.3273809523809524 0.6240079365079365 0.31613756613756616 0.6277281746031746 0.3072089947089947 0.626984126984127 0.30158730158730157 0.6237599206349206 0.29794973544973546 0.6197916666666666 0.296957671957672 0.6128472222222222 0.3039021164021164 0.6031746031746031 0.3201058201058201 0.6016865079365079
0 0.6716269841269841 0.7090773809523809 0.6845238095238095 0.7140376984126984 0.6891534391534392 0.7194940476190477 0.6908068783068783 0.7261904761904762 0.6891534391534392 0.7309027777777778 0.683531746031746 0.7353670634920635 0.6729497354497355 0.7393353174603174 0.6646825396825397 0.738343253968254 0.6577380952380952 0.7338789682539683 0.6541005291005291 0.7249503968253969 0.6583994708994709 0.7135416666666666 0.6650132275132276 0.7095734126984127 0.6712962962962963 0.7090773809523809
0 0.2771164021164021 0.5307539682539683 0.2863756613756614 0.535218253968254 0.28935185185185186 0.5436507936507936 0.28604497354497355 0.550843253968254 0.2728174603174603 0.5560515873015873 0.26157407407407407 0.5555555555555556 0.2542989417989418 0.5518353174603174 0.25132275132275134 0.5396825396825397 0.25297619047619047 0.5362103174603174 0.25925925925925924 0.5324900793650794 0.2681878306878307 0.5302579365079365 0.2767857142857143 0.5307539682539683
0 0.3148148148148148 0.4149305555555556 0.32506613756613756 0.419890873015873 0.32837301587301587 0.4280753968253968 0.3244047619047619 0.4375 0.3148148148148148 0.44246031746031744 0.3002645502645503 0.439484126984127 0.2953042328042328 0.4357638888888889 0.29298941798941797 0.42956349206349204 0.294973544973545 0.421875 0.3002645502645503 0.41716269841269843 0.314484126984127 0.4149305555555556
0 0.42328042328042326 0.5639880952380952 0.4365079365079365 0.5674603174603174 0.4417989417989418 0.5768849206349206 0.4375 0.5853174603174603 0.42592592592592593 0.5907738095238095 0.4123677248677249 0.5880456349206349 0.4044312169312169 0.5788690476190477 0.4044312169312169 0.5736607142857143 0.4083994708994709 0.5677083333333334 0.41435185185185186 0.5642361111111112 0.42294973544973546 0.5639880952380952
0 0.43253968253968256 0.36408730158730157 0.44047619047619047 0.3697916666666667 0.4441137566137566 0.37624007936507936 0.4437830687830688 0.38070436507936506 0.43287037037037035 0.39087301587301587 0.4173280423280423 0.38740079365079366 0.41005291005291006 0.375 0.41104497354497355 0.37103174603174605 0.4183201058201058 0.36507936507936506 0.4322089947089947 0.36408730158730157
0 0.314484126984127 0.6336805555555556 0.3244047619047619 0.6364087301587301 0.32837301587301587 0.6401289682539683 0.33035714285714285 0.6455853174603174 0.3287037037037037 0.6550099206349206 0.3201058201058201 0.6619543650793651 0.3005952380952381 0.6634424603174603 0.2926587301587302 0.6612103174603174 0.28935185185185186 0.6547619047619048 0.2896825396825397 0.6490575396825397 0.30092592592592593 0.6369047619047619 0.31415343915343913 0.6336805555555556
0 0.5658068783068783 0.7061011904761905 0.5750661375661376 0.7115575396825397 0.5757275132275133 0.720734126984127 0.5667989417989417 0.7309027777777778 0.5575396825396826 0.7331349206349206 0.5502645502645502 0.7328869047619048 0.542989417989418 0.7289186507936508 0.5390211640211641 0.7237103174603174 0.5383597883597884 0.7160218253968254 0.5426587301587301 0.7090773809523809 0.5492724867724867 0.7061011904761905 0.5654761904761905 0.7061011904761905
0 0.40145502645502645 0.7160218253968254 0.4097222222222222 0.7234623015873016 0.4097222222222222 0.7336309523809523 0.4037698412698413 0.7403273809523809 0.39384920634920634 0.7430555555555556 0.38492063492063494 0.7420634920634921 0.37797619047619047 0.7380952380952381 0.37466931216931215 0.7333829365079365 0.37466931216931215 0.7274305555555556 0.38392857142857145 0.7162698412698413 0.39021164021164023 0.7145337301587301 0.4011243386243386 0.7160218253968254
0 0.8601190476190477 0.5763888888888888 0.8716931216931217 0.5818452380952381 0.8759920634920635 0.5932539682539683 0.8700396825396826 0.6014384920634921 0.8564814814814815 0.6041666666666666 0.8485449735449735 0.6021825396825397 0.8412698412698413 0.5969742063492064 0.8389550264550265 0.5880456349206349 0.8465608465608465 0.5778769841269841 0.8597883597883598 0.5763888888888888
0 0.19146825396825398 0.4558531746031746 0.20304232804232805 0.4625496031746032 0.20634920634920634 0.47098214285714285 0.2037037037037037 0.47941468253968256 0.1927910052910053 0.484375 0.17989417989417988 0.48139880952380953 0.17526455026455026 0.4771825396825397 0.17394179894179895 0.4722222222222222 0.1746031746031746 0.4635416666666667 0.1775793650793651 0.45907738095238093 0.18386243386243387 0.4558531746031746 0.19113756613756613 0.4558531746031746
0 0.3419312169312169 0.3804563492063492 0.3501984126984127 0.38591269841269843 0.35284391534391535 0.39632936507936506 0.34953703703703703 0.4027777777777778 0.33895502645502645 0.40674603174603174 0.3316798941798942 0.40625 0.32506613756613756 0.40327380952380953 0.3210978835978836 0.39955357142857145 0.3191137566137566 0.392609126984127 0.3253968253968254 0.3834325396825397 0.3326719576719577 0.38070436507936506 0.3416005291005291 0.3804563492063492
0 0.7800925925925926 0.5840773809523809 0.7890211640211641 0.5915178571428571 0.7919973544973545 0.5999503968253969 0.7863756613756614 0.6076388888888888 0.7761243386243386 0.6116071428571429 0.7652116402116402 0.6106150793650794 0.753968253968254 0.6019345238095238 0.7523148148148148 0.5982142857142857 0.7549603174603174 0.591765873015873 0.763558201058201 0.5850694444444444 0.7705026455026455 0.5833333333333334 0.7797619047619048 0.5840773809523809
0 0.5267857142857143 0.3685515873015873 0.5413359788359788 0.375 0.5439814814814815 0.38268849206349204 0.5367063492063492 0.39360119047619047 0.5267857142857143 0.3960813492063492 0.5152116402116402 0.39384920634920634 0.5076058201058201 0.38392857142857145 0.5115740740740741 0.3732638888888889 0.517526455026455 0.3695436507936508 0.5264550264550265 0.3685515873015873
0 0.42328042328042326 0.6252480158730159 0.4332010582010582 0.6302083333333334 0.43716931216931215 0.636656746031746 0.43353174603174605 0.6475694444444444 0.42328042328042326 0.6527777777777778 0.4070767195767196 0.6495535714285714 0.4017857142857143 0.6411210317460317 0.4064153439153439 0.6292162698412699 0.41534391534391535 0.6252480158730159 0.42294973544973546 0.6252480158730159
0 0.28835978835978837 0.6235119047619048 0.2962962962962963 0.6297123015873016 0.29828042328042326 0.6376488095238095 0.2900132275132275 0.6485615079365079 0.2830687830687831 0.6502976190476191 0.2724867724867725 0.6500496031746031 0.26686507936507936 0.6478174603174603 0.2605820105820106 0.6408730158730159 0.2605820105820106 0.6339285714285714 0.26322751322751325 0.6294642857142857 0.2708333333333333 0.6252480158730159 0.2804232804232804 0.623015873015873 0.2880291005291005 0.6235119047619048
0 0.08465608465608465 0.48933531746031744 0.09523809523809523 0.4937996031746032 0.09755291005291006 0.5017361111111112 0.08895502645502645 0.5121527777777778 0.07771164021164022 0.513640873015873 0.07076719576719577 0.5131448412698413 0.06349206349206349 0.5094246031746031 0.060515873015873016 0.5049603174603174 0.06018518518518518 0.4975198412698413 0.06712962962962964 0.4905753968253968 0.08432539682539683 0.48933531746031744
0 0.4738756613756614 0.8191964285714286 0.48578042328042326 0.8244047619047619 0.4887566137566138 0.8365575396825397 0.48412698412698413 0.8454861111111112 0.4771825396825397 0.8494543650793651 0.47023809523809523 0.8504464285714286 0.4636243386243386 0.8497023809523809 0.45634920634920634 0.8459821428571429 0.45271164021164023 0.8348214285714286 0.4599867724867725 0.8244047619047619 0.4669312169312169 0.8201884920634921 0.47354497354497355 0.8191964285714286
0 0.8121693121693122 0.550843253968254 0.8244047619047619 0.5548115079365079 0.8293650793650794 0.5639880952380952 0.8250661375661376 0.5734126984126984 0.814484126984127 0.5776289682539683 0.8005952380952381 0.5746527777777778 0.7933201058201058 0.5652281746031746 0.7959656084656085 0.5558035714285714 0.8035714285714286 0.5515873015873016 0.8118386243386243 0.550843253968254
0 0.6825396825396826 0.6111111111111112 0.6927910052910053 0.6160714285714286 0.6951058201058201 0.626984126984127 0.6888227513227513 0.6351686507936508 0.6789021164021164 0.6381448412698413 0.6712962962962963 0.6371527777777778 0.6640211640211641 0.6331845238095238 0.6610449735449735 0.6302083333333334 0.66005291005291 0.6222718253968254 0.6630291005291006 0.6160714285714286 0.667989417989418 0.6125992063492064 0.6822089947089947 0.6111111111111112
0 0.45634920634920634 0.37797619047619047 0.46726190476190477 0.38070436507936506 0.47156084656084657 0.38665674603174605 0.4722222222222222 0.3923611111111111 0.4662698412698413 0.4010416666666667 0.45337301587301587 0.4045138888888889 0.4460978835978836 0.40401785714285715 0.4398148148148148 0.4010416666666667 0.4365079365079365 0.38938492063492064 0.4444444444444444 0.37996031746031744 0.45601851851851855 0.37797619047619047
0 0.24636243386243387 0.4382440476190476 0.2566137566137566 0.4412202380952381 0.26256613756613756 0.4496527777777778 0.25925925925925924 0.45783730158730157 0.24636243386243387 0.4645337301587302 0.23445767195767195 0.46205357142857145 0.22718253968253968 0.4503968253968254 0.23082010582010581 0.4417162698412698 0.24603174603174602 0.4382440476190476
0 0.5363756613756614 0.330109126984127 0.5476190476190477 0.3353174603174603 0.5515873015873016 0.3464781746031746 0.5466269841269841 0.35441468253968256 0.5343915343915344 0.35788690476190477 0.5224867724867724 0.3539186507936508 0.517526455026455 0.3447420634920635 0.5205026455026455 0.3368055555555556 0.529431216931217 0.33134920634920634 0.5360449735449735 0.330109126984127
0 0.4017857142857143 0.6708829365079365 0.4117063492063492 0.673859126984127 0.4183201058201058 0.6783234126984127 0.42228835978835977 0.6877480158730159 0.41435185185185186 0.6986607142857143 0.4017857142857143 0.7021329365079365 0.3869047619047619 0.6966765873015873 0.3819444444444444 0.6865079365079365 0.3845899470899471 0.6763392857142857 0.39087301587301587 0.6728670634920635 0.40145502645502645 0.6708829365079365
0 0.5271164021164021 0.6755952380952381 0.5380291005291006 0.6783234126984127 0.5439814814814815 0.6870039682539683 0.5433201058201058 0.6949404761904762 0.5403439153439153 0.6989087301587301 0.5291005291005291 0.7021329365079365 0.5218253968253969 0.7018849206349206 0.5152116402116402 0.6986607142857143 0.5109126984126984 0.6870039682539683 0.5185185185185185 0.6768353174603174 0.5267857142857143 0.6755952380952381