0 0.76875 0.2265625 0.7703125 0.228125 0.803125 0.2296875 0.815625 0.2390625 0.81875 0.2453125 0.815625 0.2546875 0.803125 0.265625 0.7921875 0.26875 0.74375 0.265625 0.7328125 0.2625 0.7234375 0.2546875 0.721875 0.2453125 0.7265625 0.2359375 0.7328125 0.2296875 0.740625 0.2265625 0.7671875 0.2265625
0 0 0.1515625 0.003125 0.1515625 0.00625 0.15625 0.0046875 0.171875 0 0.18125 0 0.153125
0 0.2296875 0.6765625 0.2453125 0.68125 0.2515625 0.6875 0.2515625 0.6984375 0.240625 0.7109375 0.225 0.7171875 0.190625 0.7171875 0.1625 0.7140625 0.15 0.70625 0.1484375 0.696875 0.15 0.690625 0.1578125 0.6828125 0.1671875 0.678125 0.228125 0.6765625
0 0.121875 0.7421875 0.1609375 0.7609375 0.175 0.771875 0.1765625 0.7828125 0.1734375 0.7890625 0.165625 0.796875 0.153125 0.8046875 0.1328125 0.8046875 0.125 0.8015625 0.109375 0.790625 0.0859375 0.7796875 0.08125 0.775 0.0796875 0.7625 0.090625 0.75 0.10625 0.7421875 0.1203125 0.7421875
0 0.0859375 0.053125 0.1 0.065625 0.1 0.075 0.096875 0.08125 0.0546875 0.11875 0.0390625 0.1265625 0.028125 0.1265625 0.003125 0.1125 0 0.109375 0 0.096875 0.05 0.053125 0.059375 0.0484375 0.0765625 0.0484375 0.084375 0.053125
0 0.4421875 0.4421875 0.45 0.44375 0.4578125 0.4484375 0.4640625 0.4546875 0.465625 0.459375 0.4625 0.515625 0.459375 0.5234375 0.453125 0.5296875 0.4421875 0.534375 0.425 0.5328125 0.4140625 0.5265625 0.409375 0.51875 0.4109375 0.4734375 0.4140625 0.4546875 0.428125 0.44375 0.440625 0.4421875
0 0.7828125 0.278125 0.8 0.2875 0.8078125 0.2890625 0.8234375 0.296875 0.828125 0.296875 0.8375 0.303125 0.840625 0.3078125 0.8421875 0.3203125 0.8390625 0.325 0.83125 0.33125 0.815625 0.3375 0.8 0.3359375 0.759375 0.3171875 0.7375 0.3109375 0.7265625 0.3015625 0.725 0.296875 0.7265625 0.2875 0.7359375 0.2765625 0.7453125 0.271875 0.7625 0.271875 0.78125 0.278125
0 0.6359375 0.2734375 0.6921875 0.309375 0.7 0.31875 0.7 0.328125 0.6953125 0.3359375 0.6796875 0.3453125 0.6671875 0.3453125 0.653125 0.340625 0.5984375 0.303125 0.5953125 0.29375 0.596875 0.2875 0.5984375 0.2828125 0.60625 0.275 0.6234375 0.2703125 0.634375 0.2734375
0 0.5109375 0.434375 0.55 0.4515625 0.5578125 0.453125 0.58125 0.465625 0.5828125 0.471875 0.5703125 0.4875 0.553125 0.484375 0.5359375 0.478125 0.4953125 0.45625 0.4921875 0.453125 0.4921875 0.446875 0.5015625 0.4359375 0.509375 0.434375
0 0.5109375 0.4734375 0.525 0.4765625 0.5296875 0.4796875 0.5359375 0.4796875 0.5453125 0.484375 0.5765625 0.490625 0.590625 0.496875 0.5984375 0.50625 0.5984375 0.5171875 0.5921875 0.5265625 0.58125 0.53125 0.5625 0.53125 0.4890625 0.509375 0.4796875 0.4984375 0.48125 0.484375 0.49375 0.475 0.509375 0.4734375
0 0.44375 0.29375 0.453125 0.2984375 0.4890625 0.328125 0.503125 0.34375 0.5015625 0.359375 0.4921875 0.3671875 0.48125 0.3703125 0.4703125 0.36875 0.453125 0.359375 0.4078125 0.31875 0.40625 0.3078125 0.4078125 0.303125 0.4140625 0.296875 0.4234375 0.2921875 0.440625 0.2921875 0.4421875 0.29375