0 0.42162698412698413 0.7137896825396826 0.42956349206349204 0.7170138888888888 0.43353174603174605 0.7237103174603174 0.4312169312169312 0.7311507936507936 0.421957671957672 0.736359126984127 0.4080687830687831 0.734375 0.40343915343915343 0.7274305555555556 0.4074074074074074 0.7170138888888888 0.4113756613756614 0.7145337301587301 0.4212962962962963 0.7137896825396826
0 0.6197089947089947 0.5084325396825397 0.6296296296296297 0.511656746031746 0.6349206349206349 0.5186011904761905 0.6329365079365079 0.5255456349206349 0.626984126984127 0.5295138888888888 0.6200396825396826 0.5307539682539683 0.6071428571428571 0.5267857142857143 0.6041666666666666 0.517609126984127 0.607473544973545 0.5114087301587301 0.6193783068783069 0.5084325396825397
0 0.4365079365079365 0.8380456349206349 0.4503968253968254 0.8449900793650794 0.45205026455026454 0.8526785714285714 0.44841269841269843 0.859375 0.43617724867724866 0.8645833333333334 0.42757936507936506 0.8628472222222222 0.4209656084656085 0.8541666666666666 0.42228835978835977 0.8452380952380952 0.42857142857142855 0.8402777777777778 0.43617724867724866 0.8380456349206349
0 0.4679232804232804 0.24330357142857142 0.4751984126984127 0.2482638888888889 0.4781746031746032 0.2554563492063492 0.47354497354497355 0.2621527777777778 0.4669312169312169 0.26537698412698413 0.45965608465608465 0.2648809523809524 0.45205026455026454 0.2611607142857143 0.4487433862433862 0.25148809523809523 0.45634920634920634 0.24404761904761904 0.4675925925925926 0.24330357142857142
0 0.5724206349206349 0.24603174603174602 0.5813492063492064 0.2517361111111111 0.5830026455026455 0.25892857142857145 0.5767195767195767 0.265625 0.5687830687830688 0.2690972222222222 0.5582010582010583 0.26612103174603174 0.5539021164021164 0.25496031746031744 0.560515873015873 0.24776785714285715 0.5720899470899471 0.24603174603174602
0 0.4742063492063492 0.8382936507936508 0.48544973544973546 0.8422619047619048 0.49074074074074076 0.8516865079365079 0.4877645502645503 0.8603670634920635 0.476521164021164 0.8658234126984127 0.4626322751322751 0.8630952380952381 0.45535714285714285 0.8524305555555556 0.4583333333333333 0.8439980158730159 0.4662698412698413 0.8392857142857143 0.4738756613756614 0.8382936507936508
0 0.5499338624338624 0.5711805555555556 0.5555555555555556 0.5746527777777778 0.5582010582010583 0.5833333333333334 0.5545634920634921 0.5900297619047619 0.546957671957672 0.5930059523809523 0.5343915343915344 0.5905257936507936 0.5304232804232805 0.5808531746031746 0.5353835978835979 0.5734126984126984 0.5413359788359788 0.5711805555555556 0.5496031746031746 0.5711805555555556
0 0.39880952380952384 0.7733134920634921 0.4083994708994709 0.7765376984126984 0.4107142857142857 0.7869543650793651 0.4044312169312169 0.7963789682539683 0.3951719576719577 0.7986111111111112 0.3869047619047619 0.7973710317460317 0.38293650793650796 0.7936507936507936 0.38062169312169314 0.7834821428571429 0.3869047619047619 0.7757936507936508 0.398478835978836 0.7733134920634921
0 0.5472883597883598 0.2544642857142857 0.5542328042328042 0.2571924603174603 0.5582010582010583 0.2663690476190476 0.5542328042328042 0.27356150793650796 0.5433201058201058 0.2777777777777778 0.529431216931217 0.2708333333333333 0.5284391534391535 0.26339285714285715 0.5333994708994709 0.2564484126984127 0.546957671957672 0.2544642857142857
0 0.5300925925925926 0.2718253968253968 0.5396825396825397 0.27529761904761907 0.5446428571428571 0.2822420634920635 0.5416666666666666 0.2904265873015873 0.5324074074074074 0.2941468253968254 0.5185185185185185 0.2906746031746032 0.5152116402116402 0.28348214285714285 0.5185185185185185 0.27628968253968256 0.5297619047619048 0.2718253968253968
0 0.25 0.16989087301587302 0.26025132275132273 0.1736111111111111 0.2648809523809524 0.18154761904761904 0.2628968253968254 0.18874007936507936 0.251984126984127 0.1932043650793651 0.24537037037037038 0.19246031746031747 0.2390873015873016 0.18898809523809523 0.23445767195767195 0.17906746031746032 0.2404100529100529 0.17137896825396826 0.24966931216931218 0.16989087301587302
0 0.48148148148148145 0.7219742063492064 0.4894179894179894 0.7271825396825397 0.4923941798941799 0.7346230158730159 0.4851190476190476 0.7455357142857143 0.4748677248677249 0.7475198412698413 0.4626322751322751 0.7435515873015873 0.458994708994709 0.7336309523809523 0.4669312169312169 0.7229662698412699 0.48115079365079366 0.7219742063492064
0 0.4087301587301587 0.1297123015873016 0.4150132275132275 0.13368055555555555 0.41865079365079366 0.14087301587301587 0.41534391534391535 0.14781746031746032 0.4080687830687831 0.15178571428571427 0.4001322751322751 0.15104166666666666 0.3931878306878307 0.14682539682539683 0.3912037037037037 0.13665674603174602 0.39616402116402116 0.1297123015873016 0.4083994708994709 0.1297123015873016
0 0.47784391534391535 0.5270337301587301 0.4861111111111111 0.5317460317460317 0.48842592592592593 0.5409226190476191 0.484457671957672 0.5471230158730159 0.4775132275132275 0.5498511904761905 0.4636243386243386 0.5471230158730159 0.4583333333333333 0.5406746031746031 0.45866402116402116 0.533234126984127 0.46164021164021163 0.529265873015873 0.4675925925925926 0.5270337301587301 0.4775132275132275 0.5270337301587301
0 0.5502645502645502 0.5969742063492064 0.5578703703703703 0.5987103174603174 0.5625 0.6021825396825397 0.5638227513227513 0.6096230158730159 0.5608465608465608 0.6165674603174603 0.5555555555555556 0.6197916666666666 0.5459656084656085 0.6205357142857143 0.5370370370370371 0.6158234126984127 0.5357142857142857 0.6081349206349206 0.5386904761904762 0.6019345238095238 0.542989417989418 0.5984623015873016 0.5499338624338624 0.5972222222222222
0 0.47585978835978837 0.5637400793650794 0.4834656084656085 0.5677083333333334 0.4861111111111111 0.5744047619047619 0.48412698412698413 0.5798611111111112 0.4775132275132275 0.5840773809523809 0.4632936507936508 0.582093253968254 0.45866402116402116 0.5751488095238095 0.4593253968253968 0.5677083333333334 0.4636243386243386 0.5639880952380952 0.4755291005291005 0.5637400793650794
0 0.3941798941798942 0.6624503968253969 0.4037698412698413 0.6684027777777778 0.40575396825396826 0.675843253968254 0.4011243386243386 0.6825396825396826 0.392526455026455 0.685515873015873 0.37962962962962965 0.6820436507936508 0.376984126984127 0.671875 0.38293650793650796 0.6644345238095238 0.39384920634920634 0.6624503968253969
0 0.5459656084656085 0.8931051587301587 0.5542328042328042 0.8973214285714286 0.5582010582010583 0.9099702380952381 0.5535714285714286 0.9188988095238095 0.5492724867724867 0.9223710317460317 0.5433201058201058 0.9236111111111112 0.5363756613756614 0.9226190476190477 0.5287698412698413 0.9184027777777778 0.5254629629629629 0.9144345238095238 0.5248015873015873 0.9072420634920635 0.52744708994709 0.9005456349206349 0.5327380952380952 0.8958333333333334 0.5456349206349206 0.8931051587301587
0 0.7900132275132276 0.32514880952380953 0.8009259259259259 0.3288690476190476 0.8035714285714286 0.33779761904761907 0.7992724867724867 0.34375 0.7876984126984127 0.34697420634920634 0.7761243386243386 0.34523809523809523 0.7718253968253969 0.33804563492063494 0.77744708994709 0.32787698412698413 0.7896825396825397 0.32514880952380953
0 0.49404761904761907 0.5811011904761905 0.501984126984127 0.5848214285714286 0.5042989417989417 0.5922619047619048 0.5013227513227513 0.5999503968253969 0.49206349206349204 0.6029265873015873 0.4794973544973545 0.5989583333333334 0.4771825396825397 0.5905257936507936 0.4798280423280423 0.5848214285714286 0.4937169312169312 0.5811011904761905
0 0.6792328042328042 0.42857142857142855 0.685515873015873 0.43452380952380953 0.6858465608465608 0.4409722222222222 0.6795634920634921 0.4476686507936508 0.6706349206349206 0.45089285714285715 0.6633597883597884 0.4503968253968254 0.658068783068783 0.4476686507936508 0.6541005291005291 0.4429563492063492 0.6541005291005291 0.43898809523809523 0.6646825396825397 0.42931547619047616 0.6789021164021164 0.42857142857142855
0 0.5036375661375662 0.9012896825396826 0.5138888888888888 0.904265873015873 0.5188492063492064 0.9114583333333334 0.515542328042328 0.9233630952380952 0.5052910052910053 0.9295634920634921 0.4976851851851852 0.9288194444444444 0.4923941798941799 0.9255952380952381 0.48743386243386244 0.9149305555555556 0.4904100529100529 0.90625 0.49702380952380953 0.902281746031746 0.5033068783068783 0.9012896825396826
0 0.390542328042328 0.5830853174603174 0.3978174603174603 0.5882936507936508 0.40046296296296297 0.5954861111111112 0.39880952380952384 0.5992063492063492 0.3872354497354497 0.6061507936507936 0.37962962962962965 0.6056547619047619 0.3726851851851852 0.6021825396825397 0.3697089947089947 0.591765873015873 0.376984126984127 0.5848214285714286 0.39021164021164023 0.5830853174603174
0 0.4398148148148148 0.3350694444444444 0.45006613756613756 0.33903769841269843 0.45337301587301587 0.3454861111111111 0.4503968253968254 0.3531746031746032 0.4401455026455027 0.35714285714285715 0.42923280423280424 0.3541666666666667 0.4252645502645503 0.34697420634920634 0.4298941798941799 0.3382936507936508 0.439484126984127 0.3350694444444444
0 0.45205026455026454 0.7378472222222222 0.4593253968253968 0.7447916666666666 0.4593253968253968 0.7517361111111112 0.45205026455026454 0.7586805555555556 0.4460978835978836 0.7604166666666666 0.43617724867724866 0.7589285714285714 0.4308862433862434 0.7547123015873016 0.42956349206349204 0.748015873015873 0.435515873015873 0.7400793650793651 0.4427910052910053 0.7373511904761905 0.45171957671957674 0.7378472222222222
0 0.4054232804232804 0.7447916666666666 0.4150132275132275 0.7497519841269841 0.4176587301587302 0.7581845238095238 0.4146825396825397 0.7661210317460317 0.4054232804232804 0.7708333333333334 0.39384920634920634 0.7703373015873016 0.3869047619047619 0.7646329365079365 0.38492063492063494 0.7591765873015873 0.38657407407407407 0.7522321428571429 0.3912037037037037 0.748015873015873 0.3974867724867725 0.7447916666666666 0.4050925925925926 0.7447916666666666
0 0.45701058201058203 0.8206845238095238 0.4662698412698413 0.828125 0.46726190476190477 0.8350694444444444 0.45965608465608465 0.8427579365079365 0.453042328042328 0.8447420634920635 0.439484126984127 0.8385416666666666 0.43783068783068785 0.8315972222222222 0.43915343915343913 0.8276289682539683 0.4460978835978836 0.8221726190476191 0.4566798941798942 0.8206845238095238
0 0.5929232804232805 0.5141369047619048 0.6031746031746031 0.5181051587301587 0.6058201058201058 0.5262896825396826 0.603505291005291 0.5322420634920635 0.591931216931217 0.5372023809523809 0.5813492063492064 0.5349702380952381 0.576058201058201 0.5257936507936508 0.5810185185185185 0.5168650793650794 0.5925925925925926 0.5141369047619048
0 0.4001322751322751 0.5590277777777778 0.4087301587301587 0.5639880952380952 0.4107142857142857 0.5714285714285714 0.40575396825396826 0.5791170634920635 0.3974867724867725 0.5825892857142857 0.38591269841269843 0.5793650793650794 0.3812830687830688 0.5706845238095238 0.3872354497354497 0.5615079365079365 0.3998015873015873 0.5590277777777778
0 0.529431216931217 0.3194444444444444 0.5386904761904762 0.3239087301587302 0.541005291005291 0.3315972222222222 0.5363756613756614 0.3373015873015873 0.5267857142857143 0.3400297619047619 0.5145502645502645 0.33630952380952384 0.5119047619047619 0.32787698412698413 0.517526455026455 0.3211805555555556 0.5291005291005291 0.3194444444444444
0 0.3134920634920635 0.3454861111111111 0.32142857142857145 0.3501984126984127 0.3244047619047619 0.359375 0.3201058201058201 0.3658234126984127 0.31216931216931215 0.3678075396825397 0.2986111111111111 0.3648313492063492 0.2943121693121693 0.35962301587301587 0.29398148148148145 0.3551587301587302 0.29662698412698413 0.34970238095238093 0.30224867724867727 0.3454861111111111 0.31316137566137564 0.3454861111111111
0 0.33564814814814814 0.6803075396825397 0.3416005291005291 0.6815476190476191 0.3462301587301587 0.685515873015873 0.3458994708994709 0.6961805555555556 0.3386243386243386 0.7016369047619048 0.328042328042328 0.7026289682539683 0.3210978835978836 0.7008928571428571 0.31746031746031744 0.6976686507936508 0.314484126984127 0.6887400793650794 0.31746031746031744 0.6850198412698413 0.3353174603174603 0.6803075396825397
0 0.4669312169312169 0.4427083333333333 0.47453703703703703 0.4461805555555556 0.4794973544973545 0.45262896825396826 0.47585978835978837 0.46081349206349204 0.4675925925925926 0.4645337301587302 0.45701058201058203 0.4635416666666667 0.4494047619047619 0.4548611111111111 0.45072751322751325 0.4496527777777778 0.45634920634920634 0.4437003968253968 0.4666005291005291 0.4427083333333333
0 0.564484126984127 0.9092261904761905 0.5753968253968254 0.9149305555555556 0.5787037037037037 0.925843253968254 0.5757275132275133 0.9320436507936508 0.5641534391534392 0.9367559523809523 0.5558862433862434 0.9342757936507936 0.5502645502645502 0.9253472222222222 0.5502645502645502 0.921875 0.558531746031746 0.910218253968254 0.5641534391534392 0.9092261904761905
0 0.3915343915343915 0.6364087301587301 0.4007936507936508 0.6416170634920635 0.4021164021164021 0.6502976190476191 0.3941798941798942 0.6604662698412699 0.38392857142857145 0.6622023809523809 0.37334656084656087 0.6577380952380952 0.37136243386243384 0.6480654761904762 0.3802910052910053 0.6376488095238095 0.3912037037037037 0.6364087301587301
0 0.37863756613756616 0.37177579365079366 0.38955026455026454 0.37549603174603174 0.3931878306878307 0.38318452380952384 0.3912037037037037 0.388640873015873 0.3816137566137566 0.39285714285714285 0.3707010582010582 0.390625 0.36574074074074076 0.3841765873015873 0.36937830687830686 0.37450396825396826 0.3783068783068783 0.37177579365079366
0 0.37996031746031744 0.17807539682539683 0.3869047619047619 0.1827876984126984 0.38921957671957674 0.1884920634920635 0.3872354497354497 0.1956845238095238 0.3802910052910053 0.1996527777777778 0.36937830687830686 0.19866071428571427 0.36474867724867727 0.19593253968253968 0.36177248677248675 0.19047619047619047 0.3621031746031746 0.18452380952380953 0.3664021164021164 0.17881944444444445 0.37962962962962965 0.17807539682539683
0 0.3382936507936508 0.6061507936507936 0.3462301587301587 0.609375 0.3498677248677249 0.6150793650793651 0.3478835978835979 0.623015873015873 0.33895502645502645 0.6282242063492064 0.33101851851851855 0.6279761904761905 0.3237433862433862 0.6252480158730159 0.3194444444444444 0.6170634920634921 0.3253968253968254 0.6086309523809523 0.33796296296296297 0.6061507936507936
0 0.38062169312169314 0.7008928571428571 0.390542328042328 0.7028769841269841 0.39616402116402116 0.7095734126984127 0.39384920634920634 0.7177579365079365 0.38293650793650796 0.7244543650793651 0.37433862433862436 0.7239583333333334 0.37003968253968256 0.7217261904761905 0.36507936507936506 0.7135416666666666 0.36904761904761907 0.7048611111111112 0.3802910052910053 0.7008928571428571
0 0.40773809523809523 0.2795138888888889 0.416005291005291 0.283234126984127 0.41964285714285715 0.28869047619047616 0.4183201058201058 0.296875 0.4080687830687831 0.3023313492063492 0.39715608465608465 0.3003472222222222 0.39186507936507936 0.29365079365079366 0.39384920634920634 0.2849702380952381 0.4074074074074074 0.2795138888888889
0 0.35912698412698413 0.7748015873015873 0.36937830687830686 0.7770337301587301 0.3776455026455027 0.7839781746031746 0.3783068783068783 0.7901785714285714 0.373015873015873 0.8000992063492064 0.36937830687830686 0.8023313492063492 0.3601190476190476 0.8028273809523809 0.3521825396825397 0.8000992063492064 0.3482142857142857 0.7963789682539683 0.34755291005291006 0.7797619047619048 0.35185185185185186 0.7760416666666666 0.3587962962962963 0.7750496031746031
0 0.5066137566137566 0.7331349206349206 0.5145502645502645 0.7375992063492064 0.5168650793650794 0.7447916666666666 0.5128968253968254 0.7522321428571429 0.503968253968254 0.7564484126984127 0.49173280423280424 0.7537202380952381 0.4877645502645503 0.7497519841269841 0.48677248677248675 0.7442956349206349 0.49404761904761907 0.7336309523809523 0.5062830687830688 0.7331349206349206
0 0.43617724867724866 0.6294642857142857 0.44345238095238093 0.6346726190476191 0.4444444444444444 0.642609126984127 0.43915343915343913 0.6493055555555556 0.43154761904761907 0.6515376984126984 0.42493386243386244 0.6512896825396826 0.41898148148148145 0.6485615079365079 0.41435185185185186 0.6403769841269841 0.42162698412698413 0.6309523809523809 0.42824074074074076 0.628968253968254 0.43584656084656087 0.6294642857142857
0 0.42294973544973546 0.5726686507936508 0.43022486772486773 0.5771329365079365 0.43287037037037035 0.582093253968254 0.42956349206349204 0.5905257936507936 0.42162698412698413 0.5932539682539683 0.4113756613756614 0.5915178571428571 0.40773809523809523 0.5885416666666666 0.40575396825396826 0.5811011904761905 0.4117063492063492 0.5736607142857143 0.4226190476190476 0.5726686507936508
0 0.6058201058201058 0.5337301587301587 0.6134259259259259 0.5374503968253969 0.6160714285714286 0.5416666666666666 0.6134259259259259 0.5493551587301587 0.6058201058201058 0.5540674603174603 0.5922619047619048 0.5520833333333334 0.5879629629629629 0.5443948412698413 0.5902777777777778 0.5372023809523809 0.605489417989418 0.5337301587301587
0 0.673941798941799 0.25967261904761907 0.6822089947089947 0.2631448412698413 0.685515873015873 0.2720734126984127 0.6828703703703703 0.2760416666666667 0.6736111111111112 0.28100198412698413 0.6630291005291006 0.279265873015873 0.6574074074074074 0.27232142857142855 0.6603835978835979 0.263640873015873 0.6736111111111112 0.25967261904761907
0 0.24173280423280424 0.26884920634920634 0.24933862433862433 0.2725694444444444 0.25297619047619047 0.2787698412698413 0.2526455026455027 0.2837301587301587 0.24371693121693122 0.2906746031746032 0.230489417989418 0.28918650793650796 0.22453703703703703 0.2805059523809524 0.22916666666666666 0.27132936507936506 0.2414021164021164 0.26884920634920634
0 0.4603174603174603 0.4694940476190476 0.4666005291005291 0.4712301587301587 0.47023809523809523 0.47470238095238093 0.4712301587301587 0.4818948412698413 0.4632936507936508 0.4898313492063492 0.45701058201058203 0.4913194444444444 0.4460978835978836 0.4861111111111111 0.4441137566137566 0.4771825396825397 0.45072751322751325 0.47023809523809523 0.4599867724867725 0.4694940476190476
0 0.4771825396825397 0.484375 0.4877645502645503 0.4915674603174603 0.48842592592592593 0.49851190476190477 0.48578042328042326 0.5017361111111112 0.4798280423280423 0.5054563492063492 0.4708994708994709 0.5052083333333334 0.46064814814814814 0.4982638888888889 0.4619708994708995 0.49007936507936506 0.4705687830687831 0.4853670634920635 0.47685185185185186 0.48462301587301587
0 0.4427910052910053 0.5572916666666666 0.453042328042328 0.5625 0.4556878306878307 0.5674603174603174 0.45337301587301587 0.5746527777777778 0.4427910052910053 0.5806051587301587 0.43253968253968256 0.5788690476190477 0.42493386243386244 0.5726686507936508 0.4236111111111111 0.5689484126984127 0.42857142857142855 0.5607638888888888 0.44246031746031744 0.5572916666666666
0 0.5962301587301587 0.5925099206349206 0.605489417989418 0.5982142857142857 0.6064814814814815 0.6049107142857143 0.5995370370370371 0.6130952380952381 0.5932539682539683 0.6150793650793651 0.5853174603174603 0.6138392857142857 0.5806878306878307 0.6108630952380952 0.5777116402116402 0.6024305555555556 0.5823412698412699 0.5944940476190477 0.5882936507936508 0.5922619047619048 0.5958994708994709 0.5925099206349206
0 0.29398148148148145 0.2822420634920635 0.3005952380952381 0.28720238095238093 0.30324074074074076 0.29712301587301587 0.3002645502645503 0.30158730158730157 0.2923280423280423 0.30431547619047616 0.2791005291005291 0.3020833333333333 0.273478835978836 0.29712301587301587 0.2724867724867725 0.28943452380952384 0.2794312169312169 0.2819940476190476 0.2863756613756614 0.28075396825396826 0.29365079365079366 0.2822420634920635
0 0.5092592592592593 0.6579861111111112 0.5168650793650794 0.6614583333333334 0.5198412698412699 0.6696428571428571 0.5132275132275133 0.6790674603174603 0.5049603174603174 0.6815476190476191 0.4947089947089947 0.6785714285714286 0.49107142857142855 0.667906746031746 0.49834656084656087 0.6599702380952381 0.5089285714285714 0.6579861111111112
0 0.45105820105820105 0.28794642857142855 0.46130952380952384 0.2934027777777778 0.4632936507936508 0.3010912698412698 0.45701058201058203 0.30778769841269843 0.4497354497354497 0.3100198412698413 0.43915343915343913 0.3070436507936508 0.43386243386243384 0.296875 0.43915343915343913 0.2896825396825397 0.45072751322751325 0.28794642857142855
0 0.5343915343915344 0.46130952380952384 0.5416666666666666 0.46403769841269843 0.546957671957672 0.47371031746031744 0.5413359788359788 0.4809027777777778 0.5337301587301587 0.48313492063492064 0.5231481481481481 0.4806547619047619 0.5168650793650794 0.46999007936507936 0.5218253968253969 0.4632936507936508 0.5340608465608465 0.46130952380952384
0 0.38062169312169314 0.12475198412698413 0.38756613756613756 0.12822420634920634 0.3915343915343915 0.13392857142857142 0.39021164021164023 0.14434523809523808 0.38062169312169314 0.1488095238095238 0.3723544973544973 0.14756944444444445 0.36474867724867727 0.13988095238095238 0.3680555555555556 0.12896825396825398 0.37334656084656087 0.12574404761904762 0.3802910052910053 0.12475198412698413
0 0.3220899470899471 0.6592261904761905 0.33465608465608465 0.6644345238095238 0.3353174603174603 0.6746031746031746 0.3316798941798942 0.6798115079365079 0.31547619047619047 0.6850198412698413 0.30654761904761907 0.6810515873015873 0.30257936507936506 0.6706349206349206 0.30753968253968256 0.6631944444444444 0.32175925925925924 0.6592261904761905
0 0.4011243386243386 0.33878968253968256 0.4064153439153439 0.341765873015873 0.41005291005291006 0.3489583333333333 0.40575396825396826 0.35714285714285715 0.39814814814814814 0.3601190476190476 0.3872354497354497 0.3586309523809524 0.3835978835978836 0.3559027777777778 0.3819444444444444 0.3479662698412698 0.3835978835978836 0.34350198412698413 0.390542328042328 0.3392857142857143 0.4007936507936508 0.33878968253968256
0 0.17261904761904762 0.548859126984127 0.18088624338624337 0.5535714285714286 0.18253968253968253 0.5617559523809523 0.17824074074074073 0.5677083333333334 0.17096560846560846 0.5711805555555556 0.16435185185185186 0.5711805555555556 0.15542328042328044 0.5677083333333334 0.15112433862433863 0.5575396825396826 0.15873015873015872 0.5503472222222222 0.1722883597883598 0.548859126984127
0 0.5572089947089947 0.4521329365079365 0.5674603174603174 0.4565972222222222 0.5701058201058201 0.4632936507936508 0.5674603174603174 0.4697420634920635 0.5578703703703703 0.4742063492063492 0.5472883597883598 0.47271825396825395 0.5423280423280423 0.4635416666666667 0.5459656084656085 0.4558531746031746 0.5515873015873016 0.4523809523809524 0.5568783068783069 0.4521329365079365
0 0.4417989417989418 0.8861607142857143 0.45072751322751325 0.8928571428571429 0.4523809523809524 0.9007936507936508 0.44576719576719576 0.9107142857142857 0.43617724867724866 0.9126984126984127 0.4252645502645503 0.9112103174603174 0.421957671957672 0.9087301587301587 0.41964285714285715 0.8970734126984127 0.42328042328042326 0.890625 0.42857142857142855 0.8871527777777778 0.44146825396825395 0.8861607142857143
0 0.3835978835978836 0.25024801587301587 0.39384920634920634 0.2524801587301587 0.3994708994708995 0.25818452380952384 0.39880952380952384 0.265625 0.3951719576719577 0.26884920634920634 0.3898809523809524 0.2725694444444444 0.3816137566137566 0.2728174603174603 0.3707010582010582 0.26512896825396826 0.36904761904761907 0.2586805555555556 0.37103174603174605 0.25496031746031744 0.37632275132275134 0.25124007936507936 0.38326719576719576 0.25049603174603174
0 0.46130952380952384 0.5818452380952381 0.4742063492063492 0.5850694444444444 0.47685185185185186 0.5912698412698413 0.47453703703703703 0.5989583333333334 0.4646164021164021 0.6036706349206349 0.4546957671957672 0.6021825396825397 0.4480820105820106 0.5949900793650794 0.4494047619047619 0.5870535714285714 0.460978835978836 0.5818452380952381
0 0.6693121693121693 0.4523809523809524 0.6792328042328042 0.45882936507936506 0.6812169312169312 0.46552579365079366 0.6746031746031746 0.47371031746031744 0.6656746031746031 0.4756944444444444 0.6603835978835979 0.4751984126984127 0.6541005291005291 0.470734126984127 0.6531084656084656 0.46279761904761907 0.6577380952380952 0.4558531746031746 0.6689814814814815 0.4523809523809524
0 0.623015873015873 0.4270833333333333 0.6319444444444444 0.43154761904761907 0.6339285714285714 0.4392361111111111 0.6299603174603174 0.44642857142857145 0.6207010582010583 0.4494047619047619 0.6097883597883598 0.4461805555555556 0.605489417989418 0.43874007936507936 0.6084656084656085 0.4320436507936508 0.6127645502645502 0.4288194444444444 0.6226851851851852 0.4270833333333333
0 0.35615079365079366 0.14508928571428573 0.3630952380952381 0.14756944444444445 0.3687169312169312 0.15699404761904762 0.3654100529100529 0.16493055555555555 0.35648148148148145 0.1684027777777778 0.34656084656084657 0.16517857142857142 0.34093915343915343 0.1579861111111111 0.34523809523809523 0.14781746031746032 0.3558201058201058 0.14508928571428573
0 0.6203703703703703 0.7425595238095238 0.6273148148148148 0.746031746031746 0.6326058201058201 0.7542162698412699 0.628968253968254 0.7626488095238095 0.6203703703703703 0.7666170634920635 0.6078042328042328 0.7631448412698413 0.6028439153439153 0.7557043650793651 0.607473544973545 0.746031746031746 0.6127645502645502 0.7430555555555556 0.6200396825396826 0.7425595238095238
0 0.49206349206349204 0.5101686507936508 0.5016534391534392 0.5128968253968254 0.5059523809523809 0.5190972222222222 0.5029761904761905 0.5295138888888888 0.4923941798941799 0.5329861111111112 0.4877645502645503 0.5329861111111112 0.47784391534391535 0.5275297619047619 0.4755291005291005 0.5235615079365079 0.476521164021164 0.5161210317460317 0.4798280423280423 0.5124007936507936 0.49173280423280424 0.5101686507936508
0 0.5360449735449735 0.7891865079365079 0.5456349206349206 0.7924107142857143 0.548941798941799 0.7986111111111112 0.5462962962962963 0.8072916666666666 0.5373677248677249 0.8127480158730159 0.5248015873015873 0.810515873015873 0.5188492063492064 0.8053075396825397 0.5171957671957672 0.8005952380952381 0.5218253968253969 0.7924107142857143 0.5357142857142857 0.7891865079365079
0 0.3005952380952381 0.18824404761904762 0.31117724867724866 0.19270833333333334 0.3148148148148148 0.19940476190476192 0.31283068783068785 0.20436507936507936 0.30357142857142855 0.20858134920634921 0.2959656084656085 0.2065972222222222 0.28935185185185186 0.19940476190476192 0.29133597883597884 0.19171626984126985 0.3002645502645503 0.18824404761904762
0 0.5833333333333334 0.4965277777777778 0.591931216931217 0.5002480158730159 0.5932539682539683 0.5084325396825397 0.5889550264550265 0.5138888888888888 0.5787037037037037 0.5166170634920635 0.5671296296296297 0.5124007936507936 0.5641534391534392 0.5044642857142857 0.5704365079365079 0.4972718253968254 0.5830026455026455 0.4965277777777778
0 0.48148148148148145 0.3732638888888889 0.49074074074074076 0.37723214285714285 0.4937169312169312 0.3821924603174603 0.49206349206349204 0.390625 0.4818121693121693 0.3958333333333333 0.4708994708994709 0.39384920634920634 0.4662698412698413 0.3871527777777778 0.47023809523809523 0.376984126984127 0.4742063492063492 0.3742559523809524 0.48115079365079366 0.3732638888888889
0 0.5066137566137566 0.46726190476190477 0.5165343915343915 0.4697420634920635 0.5208333333333334 0.4809027777777778 0.515542328042328 0.48586309523809523 0.5052910052910053 0.4880952380952381 0.49636243386243384 0.48487103174603174 0.4937169312169312 0.47643849206349204 0.498015873015873 0.46924603174603174 0.5062830687830688 0.46726190476190477
0 0.2595899470899471 0.28249007936507936 0.26951058201058203 0.2864583333333333 0.2728174603174603 0.2934027777777778 0.2698412698412698 0.30158730158730157 0.2619047619047619 0.30505952380952384 0.24768518518518517 0.3023313492063492 0.24404761904761904 0.294890873015873 0.24537037037037038 0.2899305555555556 0.24966931216931218 0.28621031746031744 0.25925925925925924 0.28249007936507936
0 0.5380291005291006 0.43526785714285715 0.5479497354497355 0.4392361111111111 0.5496031746031746 0.4469246031746032 0.5453042328042328 0.45362103174603174 0.5363756613756614 0.4568452380952381 0.5241402116402116 0.45362103174603174 0.5205026455026455 0.4446924603174603 0.5261243386243386 0.4375 0.5376984126984127 0.43526785714285715
0 0.519510582010582 0.5885416666666666 0.5261243386243386 0.5922619047619048 0.5300925925925926 0.5984623015873016 0.5284391534391535 0.6059027777777778 0.5198412698412699 0.6103670634920635 0.5085978835978836 0.6081349206349206 0.5023148148148148 0.6001984126984127 0.5072751322751323 0.589781746031746 0.5191798941798942 0.5885416666666666
0 0.4451058201058201 0.761656746031746 0.45436507936507936 0.7673611111111112 0.4566798941798942 0.7752976190476191 0.45337301587301587 0.7829861111111112 0.44312169312169314 0.7864583333333334 0.435515873015873 0.7849702380952381 0.42824074074074076 0.7805059523809523 0.42658730158730157 0.7720734126984127 0.4312169312169312 0.7648809523809523 0.43882275132275134 0.761656746031746 0.44477513227513227 0.761656746031746
0 0.3697089947089947 0.6820436507936508 0.37665343915343913 0.6872519841269841 0.3783068783068783 0.6932043650793651 0.37037037037037035 0.7016369047619048 0.3621031746031746 0.7038690476190477 0.3558201058201058 0.7033730158730159 0.3498677248677249 0.6999007936507936 0.3472222222222222 0.6961805555555556 0.34755291005291006 0.6889880952380952 0.35714285714285715 0.6820436507936508 0.36937830687830686 0.6820436507936508
0 0.4808201058201058 0.8050595238095238 0.4871031746031746 0.808531746031746 0.4904100529100529 0.8177083333333334 0.4880952380952381 0.8256448412698413 0.4775132275132275 0.8298611111111112 0.4669312169312169 0.8286210317460317 0.45965608465608465 0.8206845238095238 0.4593253968253968 0.8139880952380952 0.4669312169312169 0.8067956349206349 0.48048941798941797 0.8050595238095238
0 0.46395502645502645 0.6257440476190477 0.4708994708994709 0.6299603174603174 0.4738756613756614 0.6401289682539683 0.4669312169312169 0.6475694444444444 0.4603174603174603 0.6493055555555556 0.4494047619047619 0.6468253968253969 0.44543650793650796 0.6413690476190477 0.44477513227513227 0.6336805555555556 0.4513888888888889 0.6267361111111112 0.4636243386243386 0.6257440476190477
0 0.6964285714285714 0.37351190476190477 0.707010582010582 0.37822420634920634 0.7093253968253969 0.3864087301587302 0.7023809523809523 0.39360119047619047 0.6944444444444444 0.3950892857142857 0.6868386243386243 0.3940972222222222 0.6818783068783069 0.39087301587301587 0.6802248677248677 0.38293650793650796 0.6851851851851852 0.37648809523809523 0.6960978835978836 0.37351190476190477
0 0.4021164021164021 0.8479662698412699 0.4103835978835979 0.8556547619047619 0.4113756613756614 0.863343253968254 0.40575396825396826 0.873015873015873 0.39814814814814814 0.8762400793650794 0.38591269841269843 0.8727678571428571 0.3812830687830688 0.859375 0.390542328042328 0.8487103174603174 0.4017857142857143 0.8479662698412699