0 0.7172619047619048 0.3368055555555556 0.7258597883597884 0.3420138888888889 0.7265211640211641 0.35143849206349204 0.7195767195767195 0.35962301587301587 0.7093253968253969 0.36334325396825395 0.7027116402116402 0.3628472222222222 0.6951058201058201 0.359375 0.691468253968254 0.3551587301587302 0.6908068783068783 0.3482142857142857 0.6994047619047619 0.3368055555555556 0.716931216931217 0.3368055555555556
0 0.42857142857142855 0.5451388888888888 0.439484126984127 0.5486111111111112 0.44477513227513227 0.5560515873015873 0.44312169312169314 0.5634920634920635 0.439484126984127 0.5674603174603174 0.42857142857142855 0.5704365079365079 0.4146825396825397 0.5689484126984127 0.4093915343915344 0.5639880952380952 0.4074074074074074 0.5577876984126984 0.4087301587301587 0.5528273809523809 0.41534391534391535 0.5476190476190477 0.4212962962962963 0.5451388888888888 0.42824074074074076 0.5451388888888888
0 0.544973544973545 0.07837301587301587 0.5558862433862434 0.08283730158730158 0.5595238095238095 0.09151785714285714 0.5555555555555556 0.10069444444444445 0.5466269841269841 0.10491071428571429 0.5327380952380952 0.10267857142857142 0.5271164021164021 0.09598214285714286 0.5297619047619048 0.08407738095238096 0.53505291005291 0.08010912698412699 0.5446428571428571 0.07837301587301587
0 0.5608465608465608 0.14037698412698413 0.5701058201058201 0.14384920634920634 0.5753968253968254 0.15079365079365079 0.5714285714285714 0.16245039682539683 0.5628306878306878 0.16641865079365079 0.5505952380952381 0.16493055555555555 0.5456349206349206 0.16170634920634921 0.542989417989418 0.15476190476190477 0.5476190476190477 0.14384920634920634 0.560515873015873 0.14037698412698413
0 0.6276455026455027 0.6145833333333334 0.6435185185185185 0.6187996031746031 0.6484788359788359 0.6254960317460317 0.6474867724867724 0.6334325396825397 0.644510582010582 0.6369047619047619 0.6312830687830688 0.6421130952380952 0.6160714285714286 0.638640873015873 0.6107804232804233 0.6304563492063492 0.6127645502645502 0.6197916666666666 0.6193783068783069 0.6153273809523809 0.6273148148148148 0.6145833333333334
0 0.41435185185185186 0.17137896825396826 0.4226190476190476 0.17509920634920634 0.42592592592592593 0.17981150793650794 0.4236111111111111 0.19270833333333334 0.4146825396825397 0.1974206349206349 0.4007936507936508 0.19543650793650794 0.39384920634920634 0.1857638888888889 0.39451058201058203 0.17906746031746032 0.39814814814814814 0.17435515873015872 0.4050925925925926 0.17137896825396826 0.414021164021164 0.17137896825396826
0 0.5558862433862434 0.29365079365079366 0.560515873015873 0.294890873015873 0.564484126984127 0.2996031746031746 0.564484126984127 0.3100198412698413 0.5615079365079365 0.314484126984127 0.5499338624338624 0.3187003968253968 0.5403439153439153 0.3177083333333333 0.53505291005291 0.31473214285714285 0.5320767195767195 0.31101190476190477 0.5320767195767195 0.30282738095238093 0.5393518518518519 0.29464285714285715 0.5555555555555556 0.29365079365079366
0 0.5515873015873016 0.2720734126984127 0.5615079365079365 0.2775297619047619 0.5634920634920635 0.28621031746031744 0.5572089947089947 0.29389880952380953 0.5419973544973545 0.294890873015873 0.5360449735449735 0.2943948412698413 0.5320767195767195 0.2906746031746032 0.5320767195767195 0.2775297619047619 0.5380291005291006 0.2725694444444444 0.5512566137566137 0.2720734126984127
0 0.6286375661375662 0.4779265873015873 0.6398809523809523 0.4836309523809524 0.6418650793650794 0.49032738095238093 0.6359126984126984 0.49875992063492064 0.6246693121693122 0.5024801587301587 0.6170634920634921 0.5017361111111112 0.6107804232804233 0.498015873015873 0.6064814814814815 0.4878472222222222 0.6107804232804233 0.4809027777777778 0.6160714285714286 0.4781746031746032 0.6283068783068783 0.4779265873015873
0 0.781084656084656 0.34375 0.7896825396825397 0.3489583333333333 0.791005291005291 0.3559027777777778 0.7840608465608465 0.36408730158730157 0.7748015873015873 0.3678075396825397 0.7632275132275133 0.3665674603174603 0.7582671957671958 0.3628472222222222 0.7549603174603174 0.35466269841269843 0.7585978835978836 0.34771825396825395 0.7648809523809523 0.34399801587301587 0.771494708994709 0.34250992063492064 0.7807539682539683 0.34375
0 0.4771825396825397 0.11011904761904762 0.48908730158730157 0.1158234126984127 0.4923941798941799 0.12375992063492064 0.4877645502645503 0.13368055555555555 0.476521164021164 0.1378968253968254 0.4699074074074074 0.1371527777777778 0.4626322751322751 0.13194444444444445 0.45965608465608465 0.12177579365079365 0.4619708994708995 0.11607142857142858 0.4666005291005291 0.11259920634920635 0.47685185185185186 0.11011904761904762
0 0.6236772486772487 0.3107638888888889 0.6335978835978836 0.31646825396825395 0.6362433862433863 0.328125 0.6309523809523809 0.33556547619047616 0.6233465608465608 0.3392857142857143 0.6087962962962963 0.33630952380952384 0.6025132275132276 0.32787698412698413 0.6028439153439153 0.3209325396825397 0.607473544973545 0.3142361111111111 0.6154100529100529 0.310515873015873 0.6233465608465608 0.3107638888888889
0 0.716931216931217 0.3107638888888889 0.7281746031746031 0.3142361111111111 0.7318121693121693 0.32018849206349204 0.7275132275132276 0.33283730158730157 0.7179232804232805 0.3373015873015873 0.7007275132275133 0.33581349206349204 0.6954365079365079 0.32787698412698413 0.6990740740740741 0.31721230158730157 0.7056878306878307 0.31274801587301587 0.7166005291005291 0.3107638888888889
0 0.42757936507936506 0.20808531746031747 0.439484126984127 0.21155753968253968 0.4444444444444444 0.21949404761904762 0.44146825396825395 0.22916666666666666 0.4298941798941799 0.23387896825396826 0.4169973544973545 0.2316468253968254 0.4103835978835979 0.22123015873015872 0.4123677248677249 0.21254960317460317 0.41865079365079366 0.2088293650793651 0.42724867724867727 0.20808531746031747
0 0.656084656084656 0.28348214285714285 0.6686507936507936 0.2899305555555556 0.669973544973545 0.3003472222222222 0.6643518518518519 0.30778769841269843 0.6527777777777778 0.31200396825396826 0.6365740740740741 0.30357142857142855 0.6355820105820106 0.298859126984127 0.6412037037037037 0.28794642857142855 0.646494708994709 0.28447420634920634 0.6557539682539683 0.28348214285714285
0 0.3776455026455027 0.3898809523809524 0.38756613756613756 0.3940972222222222 0.39186507936507936 0.404265873015873 0.38525132275132273 0.4124503968253968 0.37433862433862436 0.4156746031746032 0.36574074074074076 0.4149305555555556 0.35813492063492064 0.4104662698412698 0.3541666666666667 0.40500992063492064 0.35383597883597884 0.39955357142857145 0.3558201058201058 0.3950892857142857 0.3627645502645503 0.39087301587301587 0.3773148148148148 0.3898809523809524
0 0.4791666666666667 0.28075396825396826 0.48842592592592593 0.28521825396825395 0.49173280423280424 0.2941468253968254 0.4851190476190476 0.30357142857142855 0.47784391534391535 0.3055555555555556 0.4632936507936508 0.3030753968253968 0.4583333333333333 0.2976190476190476 0.4573412698412698 0.29117063492063494 0.4626322751322751 0.2822420634920635 0.47883597883597884 0.28075396825396826
0 0.3644179894179894 0.2353670634920635 0.375 0.24032738095238096 0.37896825396825395 0.2490079365079365 0.37797619047619047 0.2552083333333333 0.37433862433862436 0.2591765873015873 0.36507936507936506 0.26165674603174605 0.3501984126984127 0.2584325396825397 0.3455687830687831 0.24875992063492064 0.3472222222222222 0.2418154761904762 0.351521164021164 0.23735119047619047 0.3584656084656085 0.23487103174603174 0.36408730158730157 0.2353670634920635
0 0.35714285714285715 0.4310515873015873 0.37037037037037035 0.4357638888888889 0.37334656084656087 0.43898809523809523 0.3740079365079365 0.44568452380952384 0.36673280423280424 0.45362103174603174 0.3568121693121693 0.4556051587301587 0.34523809523809523 0.45461309523809523 0.33664021164021163 0.44568452380952384 0.33664021164021163 0.4392361111111111 0.3412698412698413 0.4337797619047619 0.3492063492063492 0.4310515873015873 0.3568121693121693 0.4310515873015873
0 0.6329365079365079 0.53125 0.6455026455026455 0.5364583333333334 0.6501322751322751 0.542906746031746 0.6481481481481481 0.5515873015873016 0.6332671957671958 0.5572916666666666 0.6167328042328042 0.5530753968253969 0.6121031746031746 0.5441468253968254 0.6160714285714286 0.5357142857142857 0.6220238095238095 0.5327380952380952 0.6326058201058201 0.53125
0 0.3816137566137566 0.18551587301587302 0.39186507936507936 0.19072420634920634 0.3951719576719577 0.20089285714285715 0.3912037037037037 0.20808531746031747 0.37996031746031744 0.21155753968253968 0.37103174603174605 0.2105654761904762 0.3644179894179894 0.20709325396825398 0.3601190476190476 0.1956845238095238 0.3664021164021164 0.18774801587301587 0.3812830687830688 0.18551587301587302
0 0.6008597883597884 0.2720734126984127 0.6111111111111112 0.2760416666666667 0.6130952380952381 0.28943452380952384 0.6091269841269841 0.29538690476190477 0.5992063492063492 0.2996031746031746 0.591931216931217 0.2993551587301587 0.5849867724867724 0.29637896825396826 0.5803571428571429 0.2916666666666667 0.5790343915343915 0.28596230158730157 0.5853174603174603 0.2750496031746032 0.591931216931217 0.27232142857142855 0.6005291005291006 0.2720734126984127
0 0.4576719576719577 0.39955357142857145 0.4699074074074074 0.4020337301587302 0.476521164021164 0.4117063492063492 0.47585978835978837 0.4184027777777778 0.4656084656084656 0.4246031746031746 0.44477513227513227 0.4208829365079365 0.44113756613756616 0.4149305555555556 0.44113756613756616 0.40947420634920634 0.4444444444444444 0.4045138888888889 0.4497354497354497 0.4007936507936508 0.4573412698412698 0.39955357142857145
0 0.44642857142857145 0.4201388888888889 0.4580026455026455 0.42410714285714285 0.4626322751322751 0.4283234126984127 0.4642857142857143 0.4340277777777778 0.4583333333333333 0.44246031746031744 0.4427910052910053 0.4459325396825397 0.4308862433862434 0.44246031746031744 0.4262566137566138 0.43179563492063494 0.4322089947089947 0.423859126984127 0.4460978835978836 0.4201388888888889
0 0.3392857142857143 0.26339285714285715 0.35085978835978837 0.2681051587301587 0.35383597883597884 0.2770337301587302 0.34755291005291006 0.2864583333333333 0.3369708994708995 0.2899305555555556 0.3237433862433862 0.2864583333333333 0.31845238095238093 0.2795138888888889 0.31712962962962965 0.2725694444444444 0.31812169312169314 0.26884920634920634 0.3230820105820106 0.26512896825396826 0.33895502645502645 0.26339285714285715
0 0.6306216931216931 0.2698412698412698 0.6412037037037037 0.2743055555555556 0.6448412698412699 0.28273809523809523 0.6375661375661376 0.29389880952380953 0.6306216931216931 0.29712301587301587 0.6180555555555556 0.2941468253968254 0.6130952380952381 0.2881944444444444 0.6160714285714286 0.27380952380952384 0.6226851851851852 0.27058531746031744 0.6302910052910053 0.2698412698412698
0 0.48544973544973546 0.7467757936507936 0.49867724867724866 0.7522321428571429 0.5036375661375662 0.761656746031746 0.5023148148148148 0.7686011904761905 0.49867724867724866 0.7723214285714286 0.4861111111111111 0.7760416666666666 0.4732142857142857 0.7735615079365079 0.4666005291005291 0.7628968253968254 0.4679232804232804 0.7549603174603174 0.4728835978835979 0.7490079365079365 0.4851190476190476 0.7467757936507936
0 0.6960978835978836 0.28174603174603174 0.7076719576719577 0.28943452380952384 0.7093253968253969 0.2978670634920635 0.703042328042328 0.30778769841269843 0.6937830687830688 0.310515873015873 0.6815476190476191 0.30853174603174605 0.6752645502645502 0.30431547619047616 0.6729497354497355 0.2931547619047619 0.6775793650793651 0.2849702380952381 0.685515873015873 0.2819940476190476 0.6957671957671958 0.28174603174603174
0 0.8396164021164021 0.8204365079365079 0.8515211640211641 0.824156746031746 0.8587962962962963 0.832093253968254 0.8561507936507936 0.8459821428571429 0.8521825396825397 0.8492063492063492 0.8458994708994709 0.8504464285714286 0.8316798941798942 0.8472222222222222 0.8210978835978836 0.8353174603174603 0.8220899470899471 0.8286210317460317 0.826058201058201 0.8234126984126984 0.8392857142857143 0.8204365079365079
0 0.7136243386243386 0.25570436507936506 0.7242063492063492 0.2614087301587302 0.7245370370370371 0.27157738095238093 0.7172619047619048 0.28000992063492064 0.707010582010582 0.28125 0.6997354497354498 0.2805059523809524 0.6937830687830688 0.27628968253968256 0.691468253968254 0.26711309523809523 0.6997354497354498 0.25744047619047616 0.7132936507936508 0.25570436507936506