0 0.5509259259259259 0.4871031746031746 0.5608465608465608 0.49181547619047616 0.5674603174603174 0.498015873015873 0.5684523809523809 0.5027281746031746 0.5608465608465608 0.5148809523809523 0.5502645502645502 0.5181051587301587 0.5343915343915344 0.5124007936507936 0.5287698412698413 0.5052083333333334 0.5284391534391535 0.5004960317460317 0.5327380952380952 0.49255952380952384 0.5505952380952381 0.4871031746031746
0 0.3912037037037037 0.6088789682539683 0.4050925925925926 0.6140873015873016 0.41005291005291006 0.6267361111111112 0.40145502645502645 0.6374007936507936 0.38955026455026454 0.6403769841269841 0.3802910052910053 0.6391369047619048 0.37566137566137564 0.6364087301587301 0.37136243386243384 0.6304563492063492 0.37037037037037035 0.6222718253968254 0.3726851851851852 0.6160714285714286 0.3792989417989418 0.6108630952380952 0.39087301587301587 0.6088789682539683
0 0.484457671957672 0.6247519841269841 0.4947089947089947 0.6299603174603174 0.5 0.6403769841269841 0.49503968253968256 0.6510416666666666 0.48478835978835977 0.6552579365079365 0.4771825396825397 0.6550099206349206 0.46726190476190477 0.6515376984126984 0.46130952380952384 0.6413690476190477 0.4632936507936508 0.6331845238095238 0.4679232804232804 0.6287202380952381 0.47685185185185186 0.625 0.48412698412698413 0.6247519841269841
0 0.398478835978836 0.4280753968253968 0.4083994708994709 0.4312996031746032 0.41369047619047616 0.43898809523809523 0.4113756613756614 0.44990079365079366 0.39914021164021163 0.4556051587301587 0.39021164021164023 0.45461309523809523 0.38392857142857145 0.45163690476190477 0.37996031746031744 0.4466765873015873 0.37896825396825395 0.44047619047619047 0.38062169312169314 0.43526785714285715 0.3855820105820106 0.4310515873015873 0.39814814814814814 0.4280753968253968
0 0.5492724867724867 0.5997023809523809 0.5618386243386243 0.6056547619047619 0.5654761904761905 0.6200396825396826 0.5641534391534392 0.6232638888888888 0.5575396825396826 0.6272321428571429 0.5472883597883598 0.6299603174603174 0.5396825396825397 0.6292162698412699 0.5327380952380952 0.6254960317460317 0.5267857142857143 0.6192956349206349 0.5257936507936508 0.6145833333333334 0.5284391534391535 0.6061507936507936 0.533068783068783 0.6019345238095238 0.5416666666666666 0.5989583333333334 0.548941798941799 0.5997023809523809
0 0.5363756613756614 0.513640873015873 0.5453042328042328 0.5183531746031746 0.5479497354497355 0.5302579365079365 0.544973544973545 0.5364583333333334 0.5337301587301587 0.5411706349206349 0.5188492063492064 0.5384424603174603 0.5128968253968254 0.5290178571428571 0.5148809523809523 0.5208333333333334 0.5188492063492064 0.5166170634920635 0.5360449735449735 0.513640873015873
0 0.49636243386243384 0.5044642857142857 0.5066137566137566 0.5111607142857143 0.5089285714285714 0.5208333333333334 0.5009920634920635 0.529265873015873 0.48842592592592593 0.5314980158730159 0.478505291005291 0.5297619047619048 0.4732142857142857 0.5255456349206349 0.4708994708994709 0.5121527777777778 0.48048941798941797 0.5049603174603174 0.4871031746031746 0.5034722222222222 0.49603174603174605 0.5044642857142857
0 0.39087301587301587 0.5811011904761905 0.39814814814814814 0.5828373015873016 0.4044312169312169 0.5873015873015873 0.40575396825396826 0.5989583333333334 0.3974867724867725 0.6071428571428571 0.38425925925925924 0.609375 0.37665343915343913 0.6083829365079365 0.3723544973544973 0.605406746031746 0.3680555555555556 0.5920138888888888 0.37665343915343913 0.5828373015873016 0.390542328042328 0.5811011904761905
0 0.45601851851851855 0.5124007936507936 0.4689153439153439 0.5188492063492064 0.47156084656084657 0.5260416666666666 0.4669312169312169 0.5354662698412699 0.45436507936507936 0.5404265873015873 0.4398148148148148 0.5369543650793651 0.43584656084656087 0.5327380952380952 0.43452380952380953 0.5257936507936508 0.43617724867724866 0.5190972222222222 0.4408068783068783 0.5146329365079365 0.4556878306878307 0.5124007936507936
0 0.35648148148148145 0.550843253968254 0.3664021164021164 0.5575396825396826 0.36904761904761907 0.5677083333333334 0.36243386243386244 0.5768849206349206 0.34953703703703703 0.5813492063492064 0.3333333333333333 0.5773809523809523 0.3287037037037037 0.5714285714285714 0.3273809523809524 0.5639880952380952 0.33035714285714285 0.5575396825396826 0.335978835978836 0.5533234126984127 0.34523809523809523 0.5503472222222222 0.35615079365079366 0.550843253968254
0 0.4646164021164021 0.3990575396825397 0.47354497354497355 0.4017857142857143 0.4808201058201058 0.41096230158730157 0.47619047619047616 0.42162698412698413 0.4646164021164021 0.42683531746031744 0.4487433862433862 0.423859126984127 0.4427910052910053 0.4154265873015873 0.4437830687830688 0.4079861111111111 0.4480820105820106 0.4025297619047619 0.45271164021164023 0.4000496031746032 0.4642857142857143 0.3990575396825397
0 0.37665343915343913 0.48933531746031744 0.38425925925925924 0.4955357142857143 0.3862433862433862 0.503968253968254 0.38227513227513227 0.5099206349206349 0.37136243386243384 0.5141369047619048 0.3531746031746032 0.5104166666666666 0.3492063492063492 0.5052083333333334 0.3488756613756614 0.4990079365079365 0.3525132275132275 0.4930555555555556 0.35912698412698413 0.4888392857142857 0.37632275132275134 0.48933531746031744
0 0.2976190476190476 0.5597718253968254 0.30952380952380953 0.564484126984127 0.314484126984127 0.5734126984126984 0.31415343915343913 0.5783730158730159 0.3091931216931217 0.5850694444444444 0.29828042328042326 0.5895337301587301 0.2896825396825397 0.5892857142857143 0.2833994708994709 0.5865575396825397 0.2781084656084656 0.582093253968254 0.2744708994708995 0.5746527777777778 0.2757936507936508 0.5677083333333334 0.2810846560846561 0.5625 0.29728835978835977 0.5597718253968254
0 0.5787037037037037 0.5431547619047619 0.58994708994709 0.5463789682539683 0.5988756613756614 0.5562996031746031 0.5965608465608465 0.5642361111111112 0.5922619047619048 0.5687003968253969 0.5813492063492064 0.5726686507936508 0.5674603174603174 0.5691964285714286 0.5625 0.564484126984127 0.5608465608465608 0.558531746031746 0.5638227513227513 0.5493551587301587 0.5710978835978836 0.5443948412698413 0.5783730158730159 0.5431547619047619
0 0.46064814814814814 0.4615575396825397 0.4732142857142857 0.46577380952380953 0.4775132275132275 0.4742063492063492 0.4708994708994709 0.48487103174603174 0.45866402116402116 0.4895833333333333 0.453042328042328 0.4888392857142857 0.44576719576719576 0.4836309523809524 0.4401455026455027 0.4774305555555556 0.43915343915343913 0.47172619047619047 0.4487433862433862 0.4632936507936508 0.4603174603174603 0.4615575396825397
0 0.27380952380952384 0.5044642857142857 0.2863756613756614 0.5106646825396826 0.2906746031746032 0.5200892857142857 0.2833994708994709 0.5300099206349206 0.2698412698412698 0.5337301587301587 0.2622354497354497 0.5327380952380952 0.25165343915343913 0.5265376984126984 0.24768518518518517 0.5168650793650794 0.2490079365079365 0.5119047619047619 0.25496031746031744 0.5062003968253969 0.26421957671957674 0.5037202380952381 0.273478835978836 0.5044642857142857
0 0.43022486772486773 0.6227678571428571 0.43716931216931215 0.6247519841269841 0.4408068783068783 0.6282242063492064 0.4441137566137566 0.6376488095238095 0.43617724867724866 0.6478174603174603 0.4236111111111111 0.6512896825396826 0.4169973544973545 0.6507936507936508 0.4107142857142857 0.6475694444444444 0.40575396825396826 0.6403769841269841 0.40575396825396826 0.6331845238095238 0.41369047619047616 0.6252480158730159 0.4298941798941799 0.6227678571428571
0 0.45271164021164023 0.5964781746031746 0.4632936507936508 0.6031746031746031 0.4652777777777778 0.6116071428571429 0.4580026455026455 0.6227678571428571 0.44775132275132273 0.6259920634920635 0.4398148148148148 0.6252480158730159 0.43187830687830686 0.621031746031746 0.42824074074074076 0.6153273809523809 0.42857142857142855 0.6063988095238095 0.4348544973544973 0.5987103174603174 0.4523809523809524 0.5964781746031746
0 0.4675925925925926 0.542906746031746 0.47784391534391535 0.5466269841269841 0.4851190476190476 0.5515873015873016 0.4871031746031746 0.5555555555555556 0.48412698412698413 0.566468253968254 0.478505291005291 0.5711805555555556 0.47023809523809523 0.5736607142857143 0.4626322751322751 0.5731646825396826 0.45337301587301587 0.5689484126984127 0.44742063492063494 0.5577876984126984 0.45171957671957674 0.5491071428571429 0.46726190476190477 0.542906746031746
0 0.6200396825396826 0.4384920634920635 0.6316137566137566 0.44568452380952384 0.6335978835978836 0.4568452380952381 0.6266534391534392 0.4650297619047619 0.6160714285714286 0.46825396825396826 0.6015211640211641 0.46478174603174605 0.5965608465608465 0.4600694444444444 0.5949074074074074 0.45287698412698413 0.5982142857142857 0.4459325396825397 0.6051587301587301 0.4402281746031746 0.6197089947089947 0.4384920634920635