0 0.6661706349206349 0.5446428571428571 0.6721230158730159 0.5472883597883598 0.6790674603174603 0.5548941798941799 0.6827876984126984 0.5707671957671958 0.6803075396825397 0.5813492063492064 0.6753472222222222 0.5892857142857143 0.6619543650793651 0.5952380952380952 0.6560019841269841 0.5932539682539683 0.6468253968253969 0.5816798941798942 0.6448412698412699 0.5641534391534392 0.6473214285714286 0.5555555555555556 0.654265873015873 0.5466269841269841 0.6659226190476191 0.5446428571428571
0 0.3836805555555556 0.4923941798941799 0.39087301587301587 0.5013227513227513 0.39186507936507936 0.5178571428571429 0.3871527777777778 0.5287698412698413 0.3774801587301587 0.53505291005291 0.36532738095238093 0.5307539682539683 0.35887896825396826 0.5201719576719577 0.3576388888888889 0.5095899470899471 0.361359126984127 0.49834656084656087 0.3655753968253968 0.49437830687830686 0.37276785714285715 0.49173280423280424 0.3834325396825397 0.4923941798941799
0 0.5786210317460317 0.4401455026455027 0.5873015873015873 0.45271164021164023 0.5875496031746031 0.4666005291005291 0.5798611111111112 0.47784391534391535 0.5711805555555556 0.48115079365079366 0.5622519841269841 0.4791666666666667 0.5560515873015873 0.47156084656084657 0.5548115079365079 0.4566798941798942 0.5602678571428571 0.4444444444444444 0.5783730158730159 0.4401455026455027
0 0.5513392857142857 0.37003968253968256 0.560515873015873 0.3776455026455027 0.5629960317460317 0.3869047619047619 0.5625 0.3941798941798942 0.5582837301587301 0.4031084656084656 0.5434027777777778 0.40773809523809523 0.5396825396825397 0.40773809523809523 0.5342261904761905 0.40145502645502645 0.5319940476190477 0.39351851851851855 0.5327380952380952 0.38293650793650796 0.5399305555555556 0.3726851851851852 0.5510912698412699 0.37003968253968256
0 0.6304563492063492 0.6329365079365079 0.6423611111111112 0.642526455026455 0.6468253968253969 0.6607142857142857 0.6463293650793651 0.6716269841269841 0.6443452380952381 0.6755952380952381 0.6393849206349206 0.6825396825396826 0.6339285714285714 0.685515873015873 0.6232638888888888 0.6832010582010583 0.6155753968253969 0.6775793650793651 0.6118551587301587 0.6712962962962963 0.6101190476190477 0.6626984126984127 0.6101190476190477 0.654431216931217 0.6158234126984127 0.6398809523809523 0.623015873015873 0.6332671957671958 0.6302083333333334 0.6329365079365079
0 0.5959821428571429 0.5532407407407407 0.609375 0.5601851851851852 0.6135912698412699 0.566468253968254 0.6160714285714286 0.5777116402116402 0.6130952380952381 0.5952380952380952 0.609375 0.5995370370370371 0.5994543650793651 0.6031746031746031 0.5845734126984127 0.5962301587301587 0.5793650793650794 0.5853174603174603 0.5798611111111112 0.5737433862433863 0.5830853174603174 0.5641534391534392 0.595734126984127 0.5532407407407407
0 0.6669146825396826 0.6187169312169312 0.6743551587301587 0.6266534391534392 0.6788194444444444 0.6484788359788359 0.6723710317460317 0.6626984126984127 0.6619543650793651 0.6689814814814815 0.6545138888888888 0.667989417989418 0.6485615079365079 0.6630291005291006 0.6398809523809523 0.6369047619047619 0.6470734126984127 0.6226851851851852 0.6572420634920635 0.6180555555555556 0.6666666666666666 0.6187169312169312
0 0.4382440476190476 0.27744708994708994 0.4503968253968254 0.2824074074074074 0.45535714285714285 0.2962962962962963 0.4556051587301587 0.30456349206349204 0.45337301587301587 0.31117724867724866 0.44320436507936506 0.31712962962962965 0.4320436507936508 0.31415343915343913 0.4255952380952381 0.296957671957672 0.42857142857142855 0.2833994708994709 0.4322916666666667 0.2791005291005291 0.43799603174603174 0.27744708994708994
0 0.3722718253968254 0.45634920634920634 0.3787202380952381 0.4599867724867725 0.3836805555555556 0.4669312169312169 0.38591269841269843 0.4801587301587302 0.3851686507936508 0.4877645502645503 0.38293650793650796 0.49206349206349204 0.37202380952380953 0.49272486772486773 0.35962301587301587 0.49933862433862436 0.35540674603174605 0.4947089947089947 0.35342261904761907 0.4871031746031746 0.3541666666666667 0.4699074074074074 0.36160714285714285 0.458994708994709 0.37202380952380953 0.45634920634920634
0 0.34350198412698413 0.3654100529100529 0.3559027777777778 0.37103174603174605 0.36061507936507936 0.3835978835978836 0.357390873015873 0.39814814814814814 0.3499503968253968 0.4050925925925926 0.345734126984127 0.40575396825396826 0.3350694444444444 0.4027777777777778 0.33035714285714285 0.3951719576719577 0.3288690476190476 0.3878968253968254 0.33035714285714285 0.376984126984127 0.3335813492063492 0.37037037037037035 0.34325396825396826 0.3654100529100529
0 0.41220238095238093 0.373015873015873 0.4228670634920635 0.38095238095238093 0.42658730158730157 0.392526455026455 0.4260912698412698 0.4007936507936508 0.4226190476190476 0.41005291005291006 0.4149305555555556 0.4176587301587302 0.4017857142857143 0.4117063492063492 0.3958333333333333 0.40476190476190477 0.3943452380952381 0.39880952380952384 0.39732142857142855 0.37962962962962965 0.40054563492063494 0.3759920634920635 0.41195436507936506 0.373015873015873
0 0.18874007936507936 0.519510582010582 0.19618055555555555 0.5241402116402116 0.20014880952380953 0.5297619047619048 0.20386904761904762 0.5479497354497355 0.20114087301587302 0.5572089947089947 0.1966765873015873 0.5634920634920635 0.18526785714285715 0.5687830687830688 0.1783234126984127 0.5681216931216931 0.16964285714285715 0.560515873015873 0.16592261904761904 0.5502645502645502 0.16517857142857142 0.5386904761904762 0.16790674603174602 0.529431216931217 0.17385912698412698 0.5228174603174603 0.18154761904761904 0.5191798941798942 0.1884920634920635 0.519510582010582
0 0.5513392857142857 0.4718915343915344 0.5622519841269841 0.4808201058201058 0.5647321428571429 0.4877645502645503 0.5649801587301587 0.4990079365079365 0.560515873015873 0.5085978835978836 0.5471230158730159 0.5158730158730159 0.5396825396825397 0.513558201058201 0.5347222222222222 0.5082671957671958 0.5322420634920635 0.5016534391534392 0.5317460317460317 0.4877645502645503 0.5337301587301587 0.4801587301587302 0.5389384920634921 0.4738756613756614 0.5510912698412699 0.4718915343915344
0 0.5577876984126984 0.4050925925925926 0.5649801587301587 0.41369047619047616 0.5667162698412699 0.42923280423280424 0.5642361111111112 0.43882275132275134 0.5538194444444444 0.44642857142857145 0.5436507936507936 0.4441137566137566 0.5379464285714286 0.43882275132275134 0.5359623015873016 0.42162698412698413 0.5424107142857143 0.40773809523809523 0.5575396825396826 0.4050925925925926
0 0.6959325396825397 0.6068121693121693 0.7088293650793651 0.611441798941799 0.7132936507936508 0.6193783068783069 0.7160218253968254 0.6319444444444444 0.7132936507936508 0.646494708994709 0.7065972222222222 0.654431216931217 0.7001488095238095 0.6567460317460317 0.6917162698412699 0.6550925925925926 0.6808035714285714 0.6488095238095238 0.6750992063492064 0.626984126984127 0.6785714285714286 0.6150793650793651 0.6892361111111112 0.6078042328042328 0.6956845238095238 0.6068121693121693
0 0.43005952380952384 0.48478835978835977 0.4461805555555556 0.49173280423280424 0.45163690476190477 0.5049603174603174 0.45089285714285715 0.515542328042328 0.4476686507936508 0.5221560846560847 0.43973214285714285 0.5297619047619048 0.43353174603174605 0.531084656084656 0.42509920634920634 0.5304232804232805 0.41865079365079366 0.5264550264550265 0.41195436507936506 0.5092592592592593 0.4126984126984127 0.5006613756613757 0.41691468253968256 0.49272486772486773 0.4228670634920635 0.4861111111111111 0.42981150793650796 0.48478835978835977
0 0.3226686507936508 0.4722222222222222 0.32961309523809523 0.47685185185185186 0.3353174603174603 0.484457671957672 0.3373015873015873 0.49603174603174605 0.33209325396825395 0.5092592592592593 0.32043650793650796 0.5171957671957672 0.31374007936507936 0.5168650793650794 0.3072916666666667 0.5128968253968254 0.30158730158730157 0.5052910052910053 0.30009920634920634 0.49404761904761907 0.30183531746031744 0.48412698412698413 0.30654761904761907 0.47685185185185186 0.3169642857142857 0.4718915343915344 0.32242063492063494 0.4722222222222222
0 0.4114583333333333 0.4537037037037037 0.41865079365079366 0.46494708994708994 0.42038690476190477 0.4828042328042328 0.4124503968253968 0.49702380952380953 0.40600198412698413 0.5009920634920635 0.3950892857142857 0.49834656084656087 0.38938492063492064 0.4937169312169312 0.3861607142857143 0.48478835978835977 0.38492063492063494 0.47255291005291006 0.3933531746031746 0.45965608465608465 0.404265873015873 0.4537037037037037 0.41121031746031744 0.4537037037037037
0 0.3539186507936508 0.44146825396825395 0.36433531746031744 0.4451058201058201 0.36755952380952384 0.45535714285714285 0.357390873015873 0.4642857142857143 0.3499503968253968 0.48148148148148145 0.3420138888888889 0.48115079365079366 0.33804563492063494 0.4781746031746032 0.33382936507936506 0.47023809523809523 0.3335813492063492 0.4599867724867725 0.3385416666666667 0.4460978835978836 0.3447420634920635 0.4417989417989418 0.35367063492063494 0.44146825396825395
0 0.6493055555555556 0.4255952380952381 0.6579861111111112 0.435515873015873 0.6599702380952381 0.44841269841269843 0.654265873015873 0.4636243386243386 0.6450892857142857 0.4675925925925926 0.6391369047619048 0.46726190476190477 0.6321924603174603 0.46130952380952384 0.6284722222222222 0.453042328042328 0.6279761904761905 0.44212962962962965 0.6336805555555556 0.42824074074074076 0.640625 0.4252645502645503 0.6490575396825397 0.4255952380952381