0 0.2208994708994709 0.6187996031746031 0.2347883597883598 0.6232638888888888 0.23974867724867724 0.6376488095238095 0.2347883597883598 0.6453373015873016 0.22056878306878308 0.6493055555555556 0.20667989417989419 0.6475694444444444 0.19973544973544974 0.642609126984127 0.1970899470899471 0.6374007936507936 0.19907407407407407 0.6292162698412699 0.20436507936507936 0.623015873015873 0.21064814814814814 0.6195436507936508 0.22056878306878308 0.6187996031746031
0 0.5843253968253969 0.2884424603174603 0.5929232804232805 0.29290674603174605 0.5965608465608465 0.30456349206349204 0.5922619047619048 0.31398809523809523 0.5773809523809523 0.32018849206349204 0.5674603174603174 0.31919642857142855 0.5582010582010583 0.3142361111111111 0.5539021164021164 0.30753968253968256 0.5539021164021164 0.30009920634920634 0.5562169312169312 0.2958829365079365 0.5658068783068783 0.2896825396825397 0.583994708994709 0.2884424603174603
0 0.5499338624338624 0.37723214285714285 0.5591931216931217 0.37971230158730157 0.5648148148148148 0.38467261904761907 0.5661375661375662 0.39856150793650796 0.5634920634920635 0.4052579365079365 0.5539021164021164 0.4104662698412698 0.542989417989418 0.4107142857142857 0.5333994708994709 0.4079861111111111 0.5257936507936508 0.40054563492063494 0.5244708994708994 0.39012896825396826 0.5291005291005291 0.38318452380952384 0.5363756613756614 0.3784722222222222 0.5496031746031746 0.3774801587301587
0 0.4169973544973545 0.2435515873015873 0.4312169312169312 0.24751984126984128 0.4365079365079365 0.25223214285714285 0.43816137566137564 0.25818452380952384 0.4375 0.265625 0.43386243386243384 0.2690972222222222 0.42757936507936506 0.27306547619047616 0.41865079365079366 0.2748015873015873 0.4041005291005291 0.2718253968253968 0.3958333333333333 0.2604166666666667 0.3998015873015873 0.24950396825396826 0.40773809523809523 0.24454365079365079 0.4166666666666667 0.2435515873015873
0 0.5509259259259259 0.4603174603174603 0.5634920634920635 0.4635416666666667 0.5697751322751323 0.47346230158730157 0.5684523809523809 0.48313492063492064 0.5648148148148148 0.4880952380952381 0.5512566137566137 0.4928075396825397 0.5396825396825397 0.49206349206349204 0.5333994708994709 0.4895833333333333 0.5277777777777778 0.4833829365079365 0.5248015873015873 0.47445436507936506 0.5267857142857143 0.4697420634920635 0.5357142857142857 0.4623015873015873 0.5505952380952381 0.4603174603174603
0 0.8518518518518519 0.3611111111111111 0.8664021164021164 0.3678075396825397 0.8697089947089947 0.373015873015873 0.8700396825396826 0.38070436507936506 0.8670634920634921 0.38665674603174605 0.861441798941799 0.39087301587301587 0.8458994708994709 0.3943452380952381 0.8349867724867724 0.39360119047619047 0.8237433862433863 0.38839285714285715 0.8207671957671958 0.38392857142857145 0.8204365079365079 0.3759920634920635 0.8303571428571429 0.36532738095238093 0.8402777777777778 0.3618551587301587 0.8515211640211641 0.3611111111111111
0 0.16765873015873015 0.5297619047619048 0.17989417989417988 0.535218253968254 0.18353174603174602 0.5394345238095238 0.18551587301587302 0.5478670634920635 0.1832010582010582 0.5538194444444444 0.17824074074074073 0.5580357142857143 0.16468253968253968 0.5627480158730159 0.1541005291005291 0.5615079365079365 0.14517195767195767 0.5577876984126984 0.14087301587301587 0.5535714285714286 0.13822751322751323 0.5431547619047619 0.14351851851851852 0.5359623015873016 0.15079365079365079 0.5310019841269841 0.16732804232804233 0.5297619047619048
0 0.32175925925925924 0.36532738095238093 0.3316798941798942 0.3707837301587302 0.33366402116402116 0.3804563492063492 0.3290343915343915 0.39087301587301587 0.31746031746031744 0.39657738095238093 0.30687830687830686 0.3960813492063492 0.29662698412698413 0.3913690476190476 0.291005291005291 0.37624007936507936 0.29563492063492064 0.37003968253968256 0.30357142857142855 0.3658234126984127 0.32142857142857145 0.36532738095238093
0 0.22354497354497355 0.5763888888888888 0.2361111111111111 0.5830853174603174 0.23941798941798942 0.5959821428571429 0.23313492063492064 0.6034226190476191 0.22023809523809523 0.6071428571428571 0.2027116402116402 0.6051587301587301 0.19576719576719576 0.5997023809523809 0.19444444444444445 0.5942460317460317 0.20337301587301587 0.5803571428571429 0.21395502645502645 0.5763888888888888 0.22321428571428573 0.5763888888888888
0 0.19113756613756613 0.41369047619047616 0.2013888888888889 0.4184027777777778 0.2046957671957672 0.4322916666666667 0.20006613756613756 0.4402281746031746 0.18584656084656084 0.4461805555555556 0.17526455026455026 0.4459325396825397 0.1626984126984127 0.44047619047619047 0.1593915343915344 0.4350198412698413 0.1593915343915344 0.42509920634920634 0.16468253968253968 0.4191468253968254 0.1746031746031746 0.41418650793650796 0.1908068783068783 0.41369047619047616
0 0.32936507936507936 0.3308531746031746 0.3425925925925926 0.33705357142857145 0.3468915343915344 0.34945436507936506 0.3416005291005291 0.35788690476190477 0.32572751322751325 0.36259920634920634 0.31746031746031744 0.3618551587301587 0.30787037037037035 0.3566468253968254 0.30456349206349204 0.3524305555555556 0.30357142857142855 0.3444940476190476 0.30687830687830686 0.33804563492063494 0.31415343915343913 0.33209325396825395 0.32043650793650796 0.330109126984127 0.3290343915343915 0.3308531746031746
0 0.10813492063492064 0.6195436507936508 0.12301587301587301 0.6252480158730159 0.12731481481481483 0.6378968253968254 0.11871693121693122 0.6480654761904762 0.105489417989418 0.6507936507936508 0.08928571428571429 0.6490575396825397 0.082010582010582 0.640625 0.08101851851851852 0.6334325396825397 0.08366402116402116 0.6282242063492064 0.09193121693121693 0.6217757936507936 0.1078042328042328 0.6195436507936508
0 0.3148148148148148 0.5639880952380952 0.32506613756613756 0.5714285714285714 0.32572751322751325 0.5813492063492064 0.31415343915343913 0.5922619047619048 0.30092592592592593 0.5942460317460317 0.2880291005291005 0.5900297619047619 0.28273809523809523 0.5818452380952381 0.2837301587301587 0.5746527777777778 0.2896825396825397 0.5677083333333334 0.2962962962962963 0.5639880952380952 0.314484126984127 0.5639880952380952
0 0.2933201058201058 0.5925099206349206 0.3012566137566138 0.597718253968254 0.30224867724867727 0.6061507936507936 0.2976190476190476 0.6128472222222222 0.2857142857142857 0.6185515873015873 0.26785714285714285 0.6163194444444444 0.26025132275132273 0.6056547619047619 0.2648809523809524 0.5964781746031746 0.2708333333333333 0.591765873015873 0.2896825396825397 0.5900297619047619 0.29298941798941797 0.5925099206349206
0 0.17162698412698413 0.5962301587301587 0.17989417989417988 0.6019345238095238 0.18287037037037038 0.613343253968254 0.17493386243386244 0.6232638888888888 0.16335978835978837 0.6262400793650794 0.15079365079365079 0.6247519841269841 0.144510582010582 0.6212797619047619 0.13955026455026456 0.6160714285714286 0.13822751322751323 0.6086309523809523 0.1421957671957672 0.6021825396825397 0.14947089947089948 0.5979662698412699 0.16038359788359788 0.5952380952380952 0.1712962962962963 0.5962301587301587