0 0.546957671957672 0.716765873015873 0.5568783068783069 0.7204861111111112 0.5641534391534392 0.7269345238095238 0.5674603174603174 0.7341269841269841 0.5674603174603174 0.7433035714285714 0.560515873015873 0.7537202380952381 0.5400132275132276 0.7591765873015873 0.529431216931217 0.7562003968253969 0.5191798941798942 0.7477678571428571 0.5158730158730159 0.7341269841269841 0.5188492063492064 0.7269345238095238 0.52744708994709 0.7204861111111112 0.5363756613756614 0.7170138888888888 0.5466269841269841 0.716765873015873
0 0.6517857142857143 0.48214285714285715 0.6610449735449735 0.4836309523809524 0.671957671957672 0.48933531746031744 0.6779100529100529 0.4947916666666667 0.6805555555555556 0.5022321428571429 0.6775793650793651 0.5086805555555556 0.6689814814814815 0.5168650793650794 0.6514550264550265 0.5213293650793651 0.6375661375661376 0.517609126984127 0.6299603174603174 0.5099206349206349 0.6276455026455027 0.5037202380952381 0.6326058201058201 0.49107142857142855 0.642526455026455 0.48387896825396826 0.6514550264550265 0.48214285714285715
0 0.5720899470899471 0.5166170634920635 0.5849867724867724 0.5233134920634921 0.5892857142857143 0.5290178571428571 0.5906084656084656 0.5367063492063492 0.5810185185185185 0.5513392857142857 0.5648148148148148 0.5555555555555556 0.5542328042328042 0.5535714285714286 0.542989417989418 0.5458829365079365 0.5413359788359788 0.5285218253968254 0.544973544973545 0.5233134920634921 0.5532407407407407 0.5186011904761905 0.5717592592592593 0.5166170634920635
0 0.6276455026455027 0.4459325396825397 0.638558201058201 0.4486607142857143 0.644510582010582 0.4523809523809524 0.6498015873015873 0.45982142857142855 0.6511243386243386 0.4670138888888889 0.6481481481481481 0.4739583333333333 0.642526455026455 0.47867063492063494 0.6273148148148148 0.48462301587301587 0.6197089947089947 0.48412698412698413 0.6084656084656085 0.47941468253968256 0.6025132275132276 0.4739583333333333 0.5998677248677249 0.46726190476190477 0.6011904761904762 0.4595734126984127 0.6097883597883598 0.44915674603174605 0.6177248677248677 0.4459325396825397 0.6273148148148148 0.4459325396825397
0 0.5902777777777778 0.47445436507936506 0.5985449735449735 0.4771825396825397 0.6058201058201058 0.4833829365079365 0.6097883597883598 0.498015873015873 0.6025132275132276 0.5091765873015873 0.5876322751322751 0.5133928571428571 0.5734126984126984 0.5126488095238095 0.5628306878306878 0.5069444444444444 0.5598544973544973 0.5022321428571429 0.5578703703703703 0.48735119047619047 0.5658068783068783 0.4771825396825397 0.5763888888888888 0.4742063492063492 0.58994708994709 0.47445436507936506
0 0.5238095238095238 0.5210813492063492 0.5340608465608465 0.5250496031746031 0.5400132275132276 0.5302579365079365 0.5413359788359788 0.5446428571428571 0.5347222222222222 0.5545634920634921 0.519510582010582 0.5592757936507936 0.5079365079365079 0.5587797619047619 0.5 0.5548115079365079 0.4933862433862434 0.5471230158730159 0.49206349206349204 0.5376984126984127 0.4947089947089947 0.5324900793650794 0.5085978835978836 0.5225694444444444 0.5234788359788359 0.5210813492063492
0 0.5370370370370371 0.4774305555555556 0.546957671957672 0.48040674603174605 0.5562169312169312 0.48735119047619047 0.5588624338624338 0.4913194444444444 0.5591931216931217 0.5044642857142857 0.5542328042328042 0.5114087301587301 0.5472883597883598 0.5158730158730159 0.5367063492063492 0.5181051587301587 0.5224867724867724 0.5163690476190477 0.5148809523809523 0.5128968253968254 0.5105820105820106 0.5101686507936508 0.5062830687830688 0.501984126984127 0.5062830687830688 0.49429563492063494 0.5102513227513228 0.48759920634920634 0.5234788359788359 0.4791666666666667 0.5367063492063492 0.4774305555555556
0 0.578042328042328 0.42757936507936506 0.5992063492063492 0.4322916666666667 0.6051587301587301 0.4357638888888889 0.6081349206349206 0.4419642857142857 0.6071428571428571 0.44990079365079366 0.5998677248677249 0.4583333333333333 0.5958994708994709 0.46130952380952384 0.5856481481481481 0.46378968253968256 0.5701058201058201 0.46056547619047616 0.5608465608465608 0.453125 0.5568783068783069 0.4461805555555556 0.5578703703703703 0.439484126984127 0.5634920634920635 0.43253968253968256 0.5710978835978836 0.4280753968253968 0.5777116402116402 0.42757936507936506
0 0.4669312169312169 0.5282738095238095 0.48644179894179895 0.5359623015873016 0.49074074074074076 0.5466269841269841 0.4887566137566138 0.5550595238095238 0.48478835978835977 0.5595238095238095 0.4675925925925926 0.5677083333333334 0.4599867724867725 0.5674603174603174 0.44576719576719576 0.5617559523809523 0.43915343915343913 0.550843253968254 0.439484126984127 0.5431547619047619 0.44477513227513227 0.5357142857142857 0.4566798941798942 0.529265873015873 0.4666005291005291 0.5282738095238095
0 0.4933862433862434 0.4955357142857143 0.5 0.498015873015873 0.5066137566137566 0.5049603174603174 0.5089285714285714 0.5158730158730159 0.5056216931216931 0.5233134920634921 0.48842592592592593 0.5334821428571429 0.4642857142857143 0.5265376984126984 0.45965608465608465 0.5188492063492064 0.45965608465608465 0.5121527777777778 0.4626322751322751 0.5069444444444444 0.4738756613756614 0.498015873015873 0.4930555555555556 0.4955357142857143
0 0.5033068783068783 0.45188492063492064 0.5188492063492064 0.45982142857142855 0.5254629629629629 0.470734126984127 0.5238095238095238 0.4774305555555556 0.5191798941798942 0.4816468253968254 0.5085978835978836 0.48834325396825395 0.49834656084656087 0.4898313492063492 0.4880952380952381 0.48834325396825395 0.48048941798941797 0.48387896825396826 0.4732142857142857 0.47470238095238093 0.47255291005291006 0.4660218253968254 0.47619047619047616 0.45982142857142855 0.48743386243386244 0.4521329365079365 0.5029761904761905 0.45188492063492064
0 0.42956349206349204 0.5057043650793651 0.44675925925925924 0.513640873015873 0.45205026455026454 0.5262896825396826 0.45105820105820105 0.5295138888888888 0.43882275132275134 0.5401785714285714 0.4289021164021164 0.5416666666666666 0.41104497354497355 0.5379464285714286 0.40575396825396826 0.5339781746031746 0.4021164021164021 0.5290178571428571 0.4007936507936508 0.5186011904761905 0.4041005291005291 0.5121527777777778 0.4107142857142857 0.5076884920634921 0.419973544973545 0.5044642857142857 0.42923280423280424 0.5057043650793651
0 0.4017857142857143 0.5379464285714286 0.41633597883597884 0.5414186507936508 0.42328042328042326 0.5520833333333334 0.42328042328042326 0.5610119047619048 0.419973544973545 0.5672123015873016 0.4044312169312169 0.5739087301587301 0.3869047619047619 0.5714285714285714 0.37863756613756616 0.5647321428571429 0.3740079365079365 0.5550595238095238 0.375 0.5481150793650794 0.38095238095238093 0.542906746031746 0.3912037037037037 0.5379464285714286 0.40145502645502645 0.5379464285714286
0 0.4546957671957672 0.47271825396825395 0.4632936507936508 0.47643849206349204 0.4708994708994709 0.48288690476190477 0.4728835978835979 0.49330357142857145 0.4685846560846561 0.5017361111111112 0.4583333333333333 0.5091765873015873 0.4497354497354497 0.5106646825396826 0.44246031746031744 0.5101686507936508 0.4269179894179894 0.5027281746031746 0.421957671957672 0.48933531746031744 0.42658730158730157 0.4809027777777778 0.4384920634920635 0.47371031746031744 0.45436507936507936 0.47271825396825395
0 0.3488756613756614 0.6071428571428571 0.36177248677248675 0.6091269841269841 0.36937830687830686 0.6125992063492064 0.37665343915343913 0.6202876984126984 0.37797619047619047 0.6259920634920635 0.3773148148148148 0.6341765873015873 0.373015873015873 0.640625 0.36673280423280424 0.6448412698412699 0.351521164021164 0.6480654761904762 0.3402777777777778 0.6473214285714286 0.3237433862433862 0.640625 0.31977513227513227 0.6371527777777778 0.31613756613756616 0.6272321428571429 0.31712962962962965 0.6212797619047619 0.32771164021164023 0.611359126984127 0.33796296296296297 0.6076388888888888 0.34854497354497355 0.6071428571428571
0 0.46726190476190477 0.4253472222222222 0.48412698412698413 0.4320436507936508 0.48842592592592593 0.4392361111111111 0.4887566137566138 0.4476686507936508 0.48478835978835977 0.4538690476190476 0.47453703703703703 0.46130952380952384 0.46130952380952384 0.46378968253968256 0.45634920634920634 0.4635416666666667 0.4451058201058201 0.45783730158730157 0.43816137566137564 0.4494047619047619 0.43683862433862436 0.4427083333333333 0.4460978835978836 0.43179563492063494 0.45601851851851855 0.4270833333333333 0.4669312169312169 0.4253472222222222
0 0.376984126984127 0.5069444444444444 0.3948412698412698 0.5138888888888888 0.39880952380952384 0.5188492063492064 0.3994708994708995 0.5267857142857143 0.39616402116402116 0.5337301587301587 0.37665343915343913 0.5446428571428571 0.36243386243386244 0.5414186507936508 0.3558201058201058 0.5369543650793651 0.3498677248677249 0.5280257936507936 0.3498677248677249 0.5225694444444444 0.3541666666666667 0.5153769841269841 0.36574074074074076 0.5081845238095238 0.37665343915343913 0.5069444444444444
0 0.49834656084656087 0.3821924603174603 0.5049603174603174 0.38392857142857145 0.5125661375661376 0.38913690476190477 0.519510582010582 0.40054563492063494 0.5191798941798942 0.4052579365079365 0.5128968253968254 0.41443452380952384 0.49933862433862436 0.4201388888888889 0.48478835978835977 0.41865079365079366 0.47619047619047616 0.41517857142857145 0.4712301587301587 0.4114583333333333 0.46825396825396826 0.4045138888888889 0.4689153439153439 0.3960813492063492 0.4751984126984127 0.3871527777777778 0.4834656084656085 0.38318452380952384 0.498015873015873 0.3821924603174603
0 0.3941798941798942 0.4751984126984127 0.4113756613756614 0.4799107142857143 0.4156746031746032 0.48387896825396826 0.4176587301587302 0.49181547619047616 0.41534391534391535 0.503968253968254 0.4041005291005291 0.5094246031746031 0.3958333333333333 0.5109126984126984 0.3759920634920635 0.5057043650793651 0.37136243386243384 0.5017361111111112 0.3697089947089947 0.49181547619047616 0.3723544973544973 0.4818948412698413 0.3773148148148148 0.47693452380952384 0.38392857142857145 0.4749503968253968 0.39384920634920634 0.4751984126984127
0 0.34854497354497355 0.5369543650793651 0.35714285714285715 0.5381944444444444 0.3673941798941799 0.5451388888888888 0.37103174603174605 0.5562996031746031 0.36706349206349204 0.5696924603174603 0.359457671957672 0.5749007936507936 0.3505291005291005 0.5773809523809523 0.3412698412698413 0.5768849206349206 0.33134920634920634 0.5736607142857143 0.32341269841269843 0.566468253968254 0.32076719576719576 0.5582837301587301 0.32242063492063494 0.5503472222222222 0.3287037037037037 0.542906746031746 0.3353174603174603 0.5386904761904762 0.3482142857142857 0.5369543650793651
0 0.4193121693121693 0.44146825396825395 0.42824074074074076 0.4429563492063492 0.4365079365079365 0.4494047619047619 0.4398148148148148 0.4565972222222222 0.44047619047619047 0.46875 0.43683862433862436 0.47371031746031744 0.4298941798941799 0.47767857142857145 0.41865079365079366 0.48040674603174605 0.40906084656084657 0.4789186507936508 0.3958333333333333 0.47172619047619047 0.39186507936507936 0.4575892857142857 0.3931878306878307 0.45287698412698413 0.4011243386243386 0.4461805555555556 0.41898148148148145 0.44146825396825395
0 0.44841269841269843 0.36731150793650796 0.4669312169312169 0.3722718253968254 0.4732142857142857 0.3836805555555556 0.46726190476190477 0.39880952380952384 0.4537037037037037 0.4045138888888889 0.43915343915343913 0.4027777777777778 0.42724867724867727 0.3943452380952381 0.42294973544973546 0.3869047619047619 0.42294973544973546 0.37996031746031744 0.4279100529100529 0.37276785714285715 0.43584656084656087 0.3685515873015873 0.4480820105820106 0.36731150793650796
0 0.3082010582010582 0.5823412698412699 0.31845238095238093 0.5850694444444444 0.3287037037037037 0.5912698412698413 0.3306878306878307 0.6021825396825397 0.3287037037037037 0.6096230158730159 0.3177910052910053 0.6187996031746031 0.30324074074074076 0.6220238095238095 0.2933201058201058 0.621031746031746 0.2814153439153439 0.6140873015873016 0.27843915343915343 0.6091269841269841 0.2777777777777778 0.5989583333333334 0.2919973544973545 0.5860615079365079 0.296957671957672 0.5835813492063492 0.30787037037037035 0.5823412698412699
0 0.3445767195767196 0.4756944444444444 0.35912698412698413 0.47941468253968256 0.36706349206349204 0.48660714285714285 0.36937830687830686 0.4928075396825397 0.36772486772486773 0.5052083333333334 0.3498677248677249 0.515625 0.3333333333333333 0.5126488095238095 0.3237433862433862 0.5049603174603174 0.3210978835978836 0.4990079365079365 0.32705026455026454 0.4833829365079365 0.3382936507936508 0.47643849206349204 0.34424603174603174 0.4756944444444444
0 0.2953042328042328 0.5463789682539683 0.31316137566137564 0.5528273809523809 0.31977513227513227 0.5627480158730159 0.3191137566137566 0.5716765873015873 0.31382275132275134 0.5793650793650794 0.30886243386243384 0.5823412698412699 0.2959656084656085 0.5843253968253969 0.27546296296296297 0.5783730158730159 0.27116402116402116 0.5751488095238095 0.26851851851851855 0.5684523809523809 0.26951058201058203 0.5607638888888888 0.2744708994708995 0.5525793650793651 0.2863756613756614 0.546875 0.294973544973545 0.5463789682539683
0 0.4169973544973545 0.392609126984127 0.4252645502645503 0.39360119047619047 0.43617724867724866 0.40054563492063494 0.4401455026455027 0.4055059523809524 0.44113756613756616 0.41369047619047616 0.4398148148148148 0.41889880952380953 0.43386243386243384 0.4253472222222222 0.4269179894179894 0.42981150793650796 0.416005291005291 0.4330357142857143 0.4074074074074074 0.43253968253968256 0.3958333333333333 0.4263392857142857 0.39021164021164023 0.4181547619047619 0.38921957671957674 0.4097222222222222 0.3915343915343915 0.4045138888888889 0.4011243386243386 0.39558531746031744 0.4166666666666667 0.392609126984127
0 0.3664021164021164 0.43774801587301587 0.37334656084656087 0.43898809523809523 0.3835978835978836 0.4461805555555556 0.3872354497354497 0.45436507936507936 0.3869047619047619 0.4632936507936508 0.37962962962962965 0.470734126984127 0.35714285714285715 0.47668650793650796 0.3382936507936508 0.4732142857142857 0.33134920634920634 0.4645337301587302 0.3296957671957672 0.45610119047619047 0.3416005291005291 0.4417162698412698 0.36607142857142855 0.43774801587301587
0 0.30886243386243384 0.5017361111111112 0.31977513227513227 0.503968253968254 0.328042328042328 0.5104166666666666 0.3316798941798942 0.5238095238095238 0.3290343915343915 0.5300099206349206 0.3194444444444444 0.5374503968253969 0.3062169312169312 0.5411706349206349 0.29398148148148145 0.5399305555555556 0.2873677248677249 0.5362103174603174 0.28174603174603174 0.5297619047619048 0.2800925925925926 0.5200892857142857 0.28273809523809523 0.5119047619047619 0.2900132275132275 0.5049603174603174 0.30853174603174605 0.5017361111111112
0 0.2523148148148148 0.5843253968253969 0.2622354497354497 0.5865575396825397 0.271494708994709 0.5920138888888888 0.2777777777777778 0.6049107142857143 0.27744708994708994 0.6123511904761905 0.2705026455026455 0.6232638888888888 0.25496031746031744 0.6309523809523809 0.23247354497354497 0.6232638888888888 0.2251984126984127 0.6163194444444444 0.2218915343915344 0.6091269841269841 0.22321428571428573 0.5999503968253969 0.2294973544973545 0.5915178571428571 0.24107142857142858 0.5843253968253969 0.251984126984127 0.5843253968253969
0 0.30753968253968256 0.46205357142857145 0.3210978835978836 0.4697420634920635 0.32341269841269843 0.4816468253968254 0.31845238095238093 0.4913194444444444 0.30324074074074076 0.4992559523809524 0.28835978835978837 0.4982638888888889 0.27976190476190477 0.49528769841269843 0.2718253968253968 0.48759920634920634 0.27116402116402116 0.48040674603174605 0.2724867724867725 0.4739583333333333 0.2781084656084656 0.46651785714285715 0.2933201058201058 0.46130952380952384 0.3072089947089947 0.46205357142857145
0 0.31977513227513227 0.41716269841269843 0.328042328042328 0.4208829365079365 0.33564814814814814 0.42757936507936506 0.33895502645502645 0.4392361111111111 0.330026455026455 0.451140873015873 0.3151455026455027 0.4548611111111111 0.30654761904761907 0.453125 0.29894179894179895 0.4479166666666667 0.29298941798941797 0.4392361111111111 0.2919973544973545 0.4312996031746032 0.29464285714285715 0.42485119047619047 0.3002645502645503 0.4201388888888889 0.30787037037037035 0.4166666666666667 0.3194444444444444 0.41716269841269843
0 0.3396164021164021 0.38392857142857145 0.3521825396825397 0.3869047619047619 0.3578042328042328 0.39037698412698413 0.36706349206349204 0.4037698412698413 0.3664021164021164 0.4117063492063492 0.36144179894179895 0.41889880952380953 0.34854497354497355 0.4243551587301587 0.33101851851851855 0.4226190476190476 0.3191137566137566 0.4154265873015873 0.31382275132275134 0.4055059523809524 0.3151455026455027 0.39732142857142855 0.3201058201058201 0.38913690476190477 0.32771164021164023 0.3854166666666667 0.3392857142857143 0.38392857142857145
0 0.2585978835978836 0.49776785714285715 0.2728174603174603 0.5057043650793651 0.2791005291005291 0.5166170634920635 0.2767857142857143 0.5270337301587301 0.267526455026455 0.5337301587301587 0.25925925925925924 0.5354662698412699 0.24173280423280424 0.5337301587301587 0.230489417989418 0.5297619047619048 0.226521164021164 0.5262896825396826 0.22420634920634921 0.5166170634920635 0.226521164021164 0.5099206349206349 0.2371031746031746 0.5014880952380952 0.25132275132275134 0.49677579365079366 0.25826719576719576 0.49776785714285715
0 0.20932539682539683 0.5580357142857143 0.22982804232804233 0.5637400793650794 0.23776455026455026 0.5706845238095238 0.23974867724867724 0.5773809523809523 0.2390873015873016 0.5845734126984127 0.22552910052910052 0.5959821428571429 0.21197089947089948 0.6006944444444444 0.19543650793650794 0.5989583333333334 0.18452380952380953 0.5925099206349206 0.18022486772486773 0.5855654761904762 0.1822089947089947 0.5746527777777778 0.1908068783068783 0.5632440476190477 0.19675925925925927 0.5595238095238095 0.20899470899470898 0.5580357142857143
0 0.2843915343915344 0.392609126984127 0.3005952380952381 0.3970734126984127 0.30522486772486773 0.40054563492063494 0.30853174603174605 0.40749007936507936 0.3072089947089947 0.4164186507936508 0.29034391534391535 0.42857142857142855 0.2843915343915344 0.42956349206349204 0.26785714285714285 0.42584325396825395 0.25727513227513227 0.4117063492063492 0.2585978835978836 0.40476190476190477 0.2662037037037037 0.39732142857142855 0.2724867724867725 0.39384920634920634 0.28406084656084657 0.392609126984127
0 0.24636243386243387 0.4087301587301587 0.25793650793650796 0.4134424603174603 0.26421957671957674 0.4255952380952381 0.25892857142857145 0.43526785714285715 0.24206349206349206 0.4446924603174603 0.22850529100529102 0.44246031746031744 0.2166005291005291 0.4365079365079365 0.21329365079365079 0.4322916666666667 0.21263227513227514 0.42237103174603174 0.21626984126984128 0.41369047619047616 0.22321428571428573 0.4089781746031746 0.24603174603174602 0.4087301587301587
0 0.18915343915343916 0.4330357142857143 0.20634920634920634 0.43774801587301587 0.21494708994708994 0.4479166666666667 0.21428571428571427 0.4565972222222222 0.21031746031746032 0.46403769841269843 0.19212962962962962 0.4704861111111111 0.1822089947089947 0.47023809523809523 0.17195767195767195 0.4670138888888889 0.16435185185185186 0.4618055555555556 0.16137566137566137 0.45634920634920634 0.16302910052910052 0.44642857142857145 0.16832010582010581 0.43874007936507936 0.17857142857142858 0.4340277777777778 0.18882275132275134 0.4330357142857143