0 0.2896825396825397 0.6726190476190477 0.29828042328042326 0.6817956349206349 0.29894179894179895 0.6929563492063492 0.291005291005291 0.7001488095238095 0.27744708994708994 0.7046130952380952 0.26521164021164023 0.703125 0.2569444444444444 0.6994047619047619 0.25363756613756616 0.6845238095238095 0.2576058201058201 0.6763392857142857 0.2622354497354497 0.6733630952380952 0.2718253968253968 0.6711309523809523 0.28935185185185186 0.6726190476190477
0 0.6236772486772487 0.5198412698412699 0.6412037037037037 0.5250496031746031 0.646494708994709 0.5295138888888888 0.6481481481481481 0.5362103174603174 0.646494708994709 0.5431547619047619 0.6421957671957672 0.5471230158730159 0.6246693121693122 0.5528273809523809 0.609457671957672 0.5478670634920635 0.6018518518518519 0.5379464285714286 0.6021825396825397 0.5302579365079365 0.605489417989418 0.5248015873015873 0.611441798941799 0.5215773809523809 0.6233465608465608 0.5198412698412699
0 0.45271164021164023 0.44419642857142855 0.4599867724867725 0.4469246031746032 0.4666005291005291 0.453125 0.46825396825396826 0.4670138888888889 0.45866402116402116 0.4781746031746032 0.439484126984127 0.48462301587301587 0.43154761904761907 0.48288690476190477 0.42394179894179895 0.4774305555555556 0.4212962962962963 0.47023809523809523 0.421957671957672 0.4593253968253968 0.42493386243386244 0.45337301587301587 0.43187830687830686 0.44816468253968256 0.44246031746031744 0.4446924603174603 0.4523809523809524 0.44419642857142855
0 0.32705026455026454 0.6731150793650794 0.3349867724867725 0.673859126984127 0.34226190476190477 0.6783234126984127 0.3462301587301587 0.6899801587301587 0.33895502645502645 0.7028769841269841 0.32506613756613756 0.7075892857142857 0.3062169312169312 0.7033730158730159 0.3019179894179894 0.6996527777777778 0.29927248677248675 0.6912202380952381 0.30092592592592593 0.6822916666666666 0.30753968253968256 0.6746031746031746 0.31712962962962965 0.6721230158730159 0.32671957671957674 0.6731150793650794
0 0.48908730158730157 0.5982142857142857 0.5049603174603174 0.6009424603174603 0.5132275132275133 0.6076388888888888 0.5148809523809523 0.6125992063492064 0.5132275132275133 0.6205357142857143 0.5085978835978836 0.6262400793650794 0.5013227513227513 0.6302083333333334 0.49107142857142855 0.6324404761904762 0.476521164021164 0.626984126984127 0.4695767195767196 0.613343253968254 0.47619047619047616 0.6021825396825397 0.4887566137566138 0.5982142857142857
0 0.6329365079365079 0.6297123015873016 0.6491402116402116 0.6369047619047619 0.6541005291005291 0.6440972222222222 0.654431216931217 0.6510416666666666 0.6461640211640212 0.6617063492063492 0.6286375661375662 0.6664186507936508 0.6193783068783069 0.6656746031746031 0.6104497354497355 0.6614583333333334 0.6028439153439153 0.6515376984126984 0.6018518518518519 0.6428571428571429 0.6044973544973545 0.6381448412698413 0.6134259259259259 0.6329365079365079 0.6226851851851852 0.6297123015873016 0.6326058201058201 0.6297123015873016
0 0.716931216931217 0.5701884920634921 0.7271825396825397 0.576140873015873 0.7334656084656085 0.5875496031746031 0.7288359788359788 0.5987103174603174 0.716931216931217 0.6046626984126984 0.703042328042328 0.6029265873015873 0.6954365079365079 0.5997023809523809 0.6881613756613757 0.5892857142857143 0.6904761904761905 0.5758928571428571 0.6964285714285714 0.5709325396825397 0.7023809523809523 0.5691964285714286 0.7166005291005291 0.5701884920634921
0 0.5218253968253969 0.5689484126984127 0.5367063492063492 0.5753968253968254 0.5433201058201058 0.5838293650793651 0.5436507936507936 0.5895337301587301 0.5406746031746031 0.5959821428571429 0.533068783068783 0.6011904761904762 0.5168650793650794 0.6034226190476191 0.5046296296296297 0.5997023809523809 0.498015873015873 0.5880456349206349 0.5049603174603174 0.5744047619047619 0.5119047619047619 0.5696924603174603 0.521494708994709 0.5689484126984127
0 0.6716269841269841 0.5632440476190477 0.6815476190476191 0.5669642857142857 0.6875 0.5729166666666666 0.6878306878306878 0.5880456349206349 0.6858465608465608 0.591765873015873 0.6789021164021164 0.5959821428571429 0.6650132275132276 0.5979662698412699 0.6547619047619048 0.5952380952380952 0.6461640211640212 0.5895337301587301 0.6441798941798942 0.5806051587301587 0.6468253968253969 0.5726686507936508 0.6517857142857143 0.5672123015873016 0.6617063492063492 0.5629960317460317 0.6712962962962963 0.5632440476190477
0 0.18584656084656084 0.7013888888888888 0.19246031746031747 0.7033730158730159 0.20304232804232805 0.7108134920634921 0.20436507936507936 0.7234623015873016 0.20072751322751323 0.7313988095238095 0.1960978835978836 0.7348710317460317 0.18915343915343916 0.7385912698412699 0.17724867724867724 0.7405753968253969 0.16832010582010581 0.7398313492063492 0.16137566137566137 0.7361111111111112 0.1550925925925926 0.7271825396825397 0.15443121693121692 0.7202380952380952 0.15773809523809523 0.7127976190476191 0.16567460317460317 0.7058531746031746 0.18551587301587302 0.7013888888888888
0 0.18253968253968253 0.5753968253968254 0.19246031746031747 0.5813492063492064 0.19510582010582012 0.5922619047619048 0.1865079365079365 0.605406746031746 0.1736111111111111 0.6098710317460317 0.1636904761904762 0.6091269841269841 0.1531084656084656 0.6041666666666666 0.1474867724867725 0.597718253968254 0.14649470899470898 0.5885416666666666 0.15079365079365079 0.5815972222222222 0.15873015873015872 0.5768849206349206 0.1703042328042328 0.5746527777777778 0.1822089947089947 0.5753968253968254
0 0.2457010582010582 0.5543154761904762 0.2552910052910053 0.5565476190476191 0.2622354497354497 0.5612599206349206 0.2665343915343915 0.5711805555555556 0.2638888888888889 0.578125 0.2585978835978836 0.5825892857142857 0.2447089947089947 0.5868055555555556 0.23313492063492064 0.5855654761904762 0.2261904761904762 0.5825892857142857 0.21825396825396826 0.5744047619047619 0.21693121693121692 0.5667162698412699 0.22023809523809523 0.5617559523809523 0.22883597883597884 0.5572916666666666 0.24537037037037038 0.5543154761904762
0 0.34424603174603174 0.6349206349206349 0.3531746031746032 0.6381448412698413 0.35912698412698413 0.6433531746031746 0.3630952380952381 0.6498015873015873 0.3630952380952381 0.6552579365079365 0.36144179894179895 0.6617063492063492 0.35548941798941797 0.6681547619047619 0.3482142857142857 0.6723710317460317 0.33895502645502645 0.673859126984127 0.3273809523809524 0.6728670634920635 0.32142857142857145 0.6701388888888888 0.31382275132275134 0.6624503968253969 0.3134920634920635 0.6569940476190477 0.31613756613756616 0.6438492063492064 0.32407407407407407 0.6369047619047619 0.3439153439153439 0.6349206349206349
0 0.49272486772486773 0.44419642857142855 0.503968253968254 0.44816468253968256 0.5119047619047619 0.4583333333333333 0.5082671957671958 0.46999007936507936 0.49437830687830686 0.47643849206349204 0.4794973544973545 0.47470238095238093 0.4732142857142857 0.47023809523809523 0.4695767195767196 0.46106150793650796 0.4699074074074074 0.45535714285714285 0.4771825396825397 0.4476686507936508 0.484457671957672 0.4446924603174603 0.4923941798941799 0.44419642857142855
0 0.3630952380952381 0.49851190476190477 0.3773148148148148 0.5047123015873016 0.38062169312169314 0.5089285714285714 0.3816137566137566 0.5168650793650794 0.37533068783068785 0.5265376984126984 0.36937830687830686 0.5305059523809523 0.36144179894179895 0.5319940476190477 0.3498677248677249 0.5297619047619048 0.3435846560846561 0.5257936507936508 0.3382936507936508 0.5190972222222222 0.3373015873015873 0.5109126984126984 0.3416005291005291 0.5029761904761905 0.3627645502645503 0.49851190476190477
0 0.595568783068783 0.5478670634920635 0.609457671957672 0.5525793650793651 0.6147486772486772 0.5570436507936508 0.6170634920634921 0.5627480158730159 0.6164021164021164 0.5714285714285714 0.6127645502645502 0.5768849206349206 0.5988756613756614 0.5830853174603174 0.5892857142857143 0.5823412698412699 0.580026455026455 0.5788690476190477 0.5744047619047619 0.5744047619047619 0.5710978835978836 0.5679563492063492 0.5714285714285714 0.5607638888888888 0.576058201058201 0.5535714285714286 0.5849867724867724 0.548859126984127 0.5952380952380952 0.5478670634920635
0 0.2691798941798942 0.6297123015873016 0.2757936507936508 0.6321924603174603 0.28406084656084657 0.640625 0.2863756613756614 0.6495535714285714 0.2804232804232804 0.6614583333333334 0.2705026455026455 0.6691468253968254 0.26256613756613756 0.6708829365079365 0.25363756613756616 0.6696428571428571 0.2390873015873016 0.6614583333333334 0.23644179894179895 0.6480654761904762 0.2404100529100529 0.6408730158730159 0.24966931216931218 0.6331845238095238 0.25826719576719576 0.6299603174603174 0.26884920634920634 0.6297123015873016
0 0.2724867724867725 0.5939980158730159 0.28604497354497355 0.5982142857142857 0.29365079365079366 0.6078869047619048 0.29298941798941797 0.6160714285714286 0.28835978835978837 0.6232638888888888 0.2724867724867725 0.6299603174603174 0.2552910052910053 0.6279761904761905 0.24603174603174602 0.6153273809523809 0.24801587301587302 0.6046626984126984 0.25396825396825395 0.5984623015873016 0.2622354497354497 0.5947420634920635 0.27215608465608465 0.5939980158730159
0 0.4365079365079365 0.3878968253968254 0.4487433862433862 0.39632936507936506 0.4513888888888889 0.408234126984127 0.44841269841269843 0.4146825396825397 0.4427910052910053 0.4193948412698413 0.4322089947089947 0.42237103174603174 0.42162698412698413 0.42237103174603174 0.4146825396825397 0.41964285714285715 0.40773809523809523 0.4124503968253968 0.4060846560846561 0.4035218253968254 0.4103835978835979 0.3940972222222222 0.4146825396825397 0.39087301587301587 0.42757936507936506 0.3871527777777778 0.43617724867724866 0.3878968253968254
0 0.18915343915343916 0.4915674603174603 0.207010582010582 0.501984126984127 0.20965608465608465 0.5119047619047619 0.2027116402116402 0.5205853174603174 0.18617724867724866 0.5238095238095238 0.17493386243386244 0.5223214285714286 0.16832010582010581 0.5190972222222222 0.164021164021164 0.5081845238095238 0.16600529100529102 0.5017361111111112 0.17261904761904762 0.49429563492063494 0.18882275132275134 0.4915674603174603
0 0.3488756613756614 0.5989583333333334 0.3578042328042328 0.6019345238095238 0.36243386243386244 0.6059027777777778 0.3654100529100529 0.6178075396825397 0.35615079365079366 0.6304563492063492 0.34523809523809523 0.6346726190476191 0.3349867724867725 0.6344246031746031 0.3244047619047619 0.6302083333333334 0.3191137566137566 0.6235119047619048 0.31746031746031744 0.6145833333333334 0.3201058201058201 0.6083829365079365 0.32771164021164023 0.6014384920634921 0.3376322751322751 0.5987103174603174 0.34854497354497355 0.5989583333333334
0 0.4011243386243386 0.4660218253968254 0.4080687830687831 0.46726190476190477 0.4183201058201058 0.47371031746031744 0.42228835978835977 0.48462301587301587 0.41898148148148145 0.4913194444444444 0.414021164021164 0.49503968253968256 0.4001322751322751 0.5 0.39021164021164023 0.49851190476190477 0.38326719576719576 0.4947916666666667 0.37797619047619047 0.4878472222222222 0.3776455026455027 0.4809027777777778 0.37962962962962965 0.4749503968253968 0.38525132275132273 0.4694940476190476 0.3931878306878307 0.4662698412698413 0.4007936507936508 0.4660218253968254
0 0.43915343915343913 0.6599702380952381 0.4451058201058201 0.6614583333333334 0.453042328042328 0.6676587301587301 0.4556878306878307 0.6808035714285714 0.45105820105820105 0.6892361111111112 0.44576719576719576 0.6934523809523809 0.4332010582010582 0.6971726190476191 0.421957671957672 0.6959325396825397 0.4150132275132275 0.6924603174603174 0.41005291005291006 0.685515873015873 0.4097222222222222 0.6778273809523809 0.41203703703703703 0.6713789682539683 0.419973544973545 0.6639384920634921 0.42857142857142855 0.6607142857142857 0.43882275132275134 0.6599702380952381
0 0.4269179894179894 0.7165178571428571 0.44576719576719576 0.7232142857142857 0.4513888888888889 0.7333829365079365 0.44576719576719576 0.7485119047619048 0.43915343915343913 0.7534722222222222 0.43287037037037035 0.7552083333333334 0.4209656084656085 0.7549603174603174 0.40773809523809523 0.7502480158730159 0.39914021164021163 0.7380952380952381 0.4007936507936508 0.7266865079365079 0.40575396825396826 0.7202380952380952 0.4150132275132275 0.7160218253968254 0.42658730158730157 0.7165178571428571
0 0.23941798941798942 0.45287698412698413 0.251984126984127 0.45982142857142855 0.25363756613756616 0.466765873015873 0.24801587301587302 0.4759424603174603 0.23445767195767195 0.47966269841269843 0.22420634920634921 0.4771825396825397 0.21858465608465608 0.47346230158730157 0.21428571428571427 0.4625496031746032 0.21924603174603174 0.4558531746031746 0.22718253968253968 0.453125 0.2390873015873016 0.45287698412698413
0 0.6729497354497355 0.5984623015873016 0.6858465608465608 0.6021825396825397 0.6931216931216931 0.6066468253968254 0.6974206349206349 0.611359126984127 0.7000661375661376 0.621031746031746 0.6924603174603174 0.6324404761904762 0.6828703703703703 0.6369047619047619 0.6752645502645502 0.6376488095238095 0.656415343915344 0.6336805555555556 0.6507936507936508 0.6297123015873016 0.6474867724867724 0.6227678571428571 0.6484788359788359 0.6130952380952381 0.6537698412698413 0.6059027777777778 0.6613756613756614 0.6009424603174603 0.6726190476190477 0.5984623015873016
0 0.3855820105820106 0.5620039682539683 0.398478835978836 0.5667162698412699 0.4021164021164021 0.5709325396825397 0.4037698412698413 0.5793650793650794 0.39715608465608465 0.5905257936507936 0.3812830687830688 0.5947420634920635 0.36342592592592593 0.591765873015873 0.3568121693121693 0.5850694444444444 0.3558201058201058 0.5768849206349206 0.3578042328042328 0.5706845238095238 0.3621031746031746 0.5672123015873016 0.37632275132275134 0.5625 0.38525132275132273 0.5620039682539683
0 0.32771164021164023 0.3993055555555556 0.3419312169312169 0.40625 0.34523809523809523 0.41517857142857145 0.33895502645502645 0.4273313492063492 0.32572751322751325 0.43179563492063494 0.31415343915343913 0.4303075396825397 0.30753968253968256 0.42683531746031744 0.3019179894179894 0.42137896825396826 0.3002645502645503 0.41443452380952384 0.30853174603174605 0.4037698412698413 0.31646825396825395 0.40029761904761907 0.3273809523809524 0.3993055555555556
0 0.20601851851851852 0.6403769841269841 0.21693121693121692 0.6450892857142857 0.2218915343915344 0.6579861111111112 0.21858465608465608 0.6659226190476191 0.2099867724867725 0.6736111111111112 0.20238095238095238 0.6760912698412699 0.1884920634920635 0.675843253968254 0.1789021164021164 0.6711309523809523 0.17526455026455026 0.6639384920634921 0.17493386243386244 0.6540178571428571 0.17824074074074073 0.6475694444444444 0.18551587301587302 0.6423611111111112 0.2056878306878307 0.6403769841269841
0 0.3115079365079365 0.5677083333333334 0.31746031746031744 0.5694444444444444 0.3244047619047619 0.5749007936507936 0.328042328042328 0.5798611111111112 0.32837301587301587 0.5865575396825397 0.32175925925925924 0.5974702380952381 0.30853174603174605 0.6009424603174603 0.2943121693121693 0.5997023809523809 0.28935185185185186 0.5967261904761905 0.2843915343915344 0.5887896825396826 0.2837301587301587 0.5806051587301587 0.2863756613756614 0.5753968253968254 0.29662698412698413 0.5687003968253969 0.31117724867724866 0.5677083333333334
0 0.478505291005291 0.47619047619047616 0.4871031746031746 0.47941468253968256 0.49173280423280424 0.48412698412698413 0.49404761904761907 0.4947916666666667 0.48743386243386244 0.5037202380952381 0.4771825396825397 0.5069444444444444 0.46593915343915343 0.5057043650793651 0.4583333333333333 0.501984126984127 0.453042328042328 0.49603174603174605 0.4523809523809524 0.49007936507936506 0.455026455026455 0.48214285714285715 0.46164021164021163 0.47643849206349204 0.4781746031746032 0.47619047619047616
0 0.2414021164021164 0.6631944444444444 0.25297619047619047 0.6703869047619048 0.2533068783068783 0.683531746031746 0.2443783068783069 0.6951884920634921 0.23115079365079366 0.6976686507936508 0.22123015873015872 0.6964285714285714 0.21296296296296297 0.6912202380952381 0.20965608465608465 0.6857638888888888 0.2099867724867725 0.6798115079365079 0.21329365079365079 0.6726190476190477 0.2222222222222222 0.6646825396825397 0.24107142857142858 0.6631944444444444
0 0.3869047619047619 0.6178075396825397 0.39914021164021163 0.6232638888888888 0.40244708994708994 0.6378968253968254 0.4007936507936508 0.6428571428571429 0.3948412698412698 0.6483134920634921 0.3819444444444444 0.652281746031746 0.3630952380952381 0.6488095238095238 0.35714285714285715 0.6411210317460317 0.3558201058201058 0.6331845238095238 0.3584656084656085 0.6282242063492064 0.3687169312169312 0.6195436507936508 0.38657407407407407 0.6178075396825397
0 0.24206349206349206 0.7048611111111112 0.2523148148148148 0.7098214285714286 0.25562169312169314 0.7165178571428571 0.25496031746031744 0.7232142857142857 0.24503968253968253 0.7356150793650794 0.22850529100529102 0.7398313492063492 0.21891534391534392 0.7375992063492064 0.21296296296296297 0.7336309523809523 0.20932539682539683 0.7279265873015873 0.20899470899470898 0.7180059523809523 0.21296296296296297 0.7123015873015873 0.2218915343915344 0.7061011904761905 0.24173280423280424 0.7048611111111112