0 0.88125 0.1859375 0.8921875 0.1984375 0.8984375 0.209375 0.896875 0.2171875 0.8859375 0.2234375 0.871875 0.221875 0.8578125 0.2046875 0.8546875 0.196875 0.85625 0.1921875 0.865625 0.1859375 0.8703125 0.184375 0.8796875 0.1859375
0 0.4859375 0.625 0.4953125 0.6375 0.5 0.6578125 0.490625 0.6671875 0.48125 0.6671875 0.475 0.6640625 0.4703125 0.6578125 0.46875 0.6484375 0.4640625 0.6390625 0.4640625 0.6296875 0.46875 0.625 0.475 0.6234375 0.484375 0.625
0 0.334375 0 0.3609375 0 0.3625 0.00625 0.359375 0.0171875 0.346875 0.034375 0.340625 0.0390625 0.3328125 0.040625 0.3203125 0.034375 0.31875 0.0203125 0.334375 0.0015625
0 0.75625 0.5109375 0.03359375 0.0421875
0 0.45 0.6734375 0.4578125 0.678125 0.459375 0.6859375 0.45 0.709375 0.440625 0.7171875 0.43125 0.7171875 0.425 0.7140625 0.4234375 0.7015625 0.4265625 0.696875 0.428125 0.68125 0.4375 0.6734375 0.4484375 0.6734375
0 0.421875 0.6859375 0.425 0.6921875 0.4234375 0.7015625 0.3921875 0.71875 0.384375 0.71875 0.3765625 0.715625 0.3734375 0.7125 0.3734375 0.7 0.403125 0.6828125 0.4171875 0.6828125 0.4203125 0.6859375
0 0.575 0.6890625 0.5828125 0.69375 0.5859375 0.6984375 0.5859375 0.7046875 0.5765625 0.7125 0.55625 0.715625 0.54375 0.715625 0.5328125 0.7109375 0.53125 0.696875 0.5359375 0.6921875 0.54375 0.6890625 0.5734375 0.6890625
0 0.5375 0.7140625 0.5390625 0.715625 0.5734375 0.715625 0.575 0.7171875 0.5765625 0.725 0.5703125 0.7328125 0.55 0.7359375 0.528125 0.7359375 0.521875 0.7296875 0.5203125 0.7234375 0.521875 0.7171875 0.5265625 0.7125 0.5359375 0.7140625
0 0.7578125 0.1125 0.7640625 0.115625 0.7671875 0.1203125 0.76875 0.1484375 0.75625 0.15625 0.74375 0.1546875 0.7375 0.1453125 0.7359375 0.1359375 0.7375 0.125 0.7421875 0.1171875 0.7484375 0.1125 0.75625 0.1125
0 0.3859375 0.5984375 0.3921875 0.6078125 0.3953125 0.6203125 0.3953125 0.6328125 0.3890625 0.6390625 0.3734375 0.6390625 0.365625 0.6296875 0.3609375 0.6140625 0.3609375 0.60625 0.365625 0.5984375 0.3734375 0.5953125 0.384375 0.5984375
0 0.3796875 0.8390625 0.3859375 0.8484375 0.3828125 0.859375 0.3484375 0.871875 0.3375 0.871875 0.33125 0.86875 0.328125 0.8625 0.33125 0.8515625 0.3390625 0.8453125 0.3546875 0.8421875 0.359375 0.8390625 0.365625 0.8375 0.378125 0.8390625