0 0.6160714285714286 0.7571924603174603 0.6369047619047619 0.7628968253968254 0.6488095238095238 0.7757936507936508 0.6507936507936508 0.7867063492063492 0.6438492063492064 0.8000992063492064 0.6273148148148148 0.8070436507936508 0.6197089947089947 0.8072916666666666 0.6038359788359788 0.800843253968254 0.5945767195767195 0.7911706349206349 0.591931216931217 0.7817460317460317 0.5982142857142857 0.763640873015873 0.605489417989418 0.7594246031746031 0.6157407407407407 0.7574404761904762
0 0.5965608465608465 0.5600198412698413 0.6223544973544973 0.5674603174603174 0.6306216931216931 0.5766369047619048 0.6335978835978836 0.5858134920634921 0.6306216931216931 0.5915178571428571 0.609457671957672 0.6066468253968254 0.5925925925925926 0.6098710317460317 0.564484126984127 0.6001984126984127 0.5572089947089947 0.5910218253968254 0.5562169312169312 0.5835813492063492 0.5601851851851852 0.5729166666666666 0.5681216931216931 0.5667162698412699 0.5849867724867724 0.5602678571428571 0.5962301587301587 0.5600198412698413
0 0.44246031746031744 0.7075892857142857 0.460978835978836 0.7165178571428571 0.4675925925925926 0.7333829365079365 0.46593915343915343 0.7413194444444444 0.45701058201058203 0.7527281746031746 0.4427910052910053 0.7586805555555556 0.4322089947089947 0.7576884920634921 0.4183201058201058 0.7532242063492064 0.40773809523809523 0.7415674603174603 0.40575396825396826 0.7348710317460317 0.40773809523809523 0.7224702380952381 0.4146825396825397 0.7123015873015873 0.42923280423280424 0.7080853174603174 0.44212962962962965 0.7075892857142857
0 0.4470899470899471 0.18551587301587302 0.4537037037037037 0.1892361111111111 0.45965608465608465 0.19692460317460317 0.4619708994708995 0.2048611111111111 0.46064814814814814 0.21329365079365079 0.4566798941798942 0.21875 0.43253968253968256 0.2279265873015873 0.4183201058201058 0.2214781746031746 0.4087301587301587 0.20610119047619047 0.4083994708994709 0.19940476190476192 0.41369047619047616 0.19270833333333334 0.4262566137566138 0.18551587301587302 0.4375 0.18377976190476192 0.44675925925925924 0.18551587301587302
0 0.5525793650793651 0.3774801587301587 0.560515873015873 0.37996031746031744 0.5677910052910053 0.38566468253968256 0.5710978835978836 0.39012896825396826 0.5710978835978836 0.39558531746031744 0.5638227513227513 0.41294642857142855 0.5466269841269841 0.42212301587301587 0.5264550264550265 0.4184027777777778 0.5205026455026455 0.4146825396825397 0.515542328042328 0.4079861111111111 0.5152116402116402 0.39632936507936506 0.5181878306878307 0.3878968253968254 0.5234788359788359 0.3834325396825397 0.5363756613756614 0.37797619047619047 0.5522486772486772 0.3774801587301587
0 0.5512566137566137 0.8638392857142857 0.5641534391534392 0.8685515873015873 0.5717592592592593 0.8759920634920635 0.5753968253968254 0.8839285714285714 0.576058201058201 0.8938492063492064 0.5744047619047619 0.9015376984126984 0.5681216931216931 0.9107142857142857 0.5608465608465608 0.9156746031746031 0.5466269841269841 0.9193948412698413 0.5367063492063492 0.9181547619047619 0.5221560846560847 0.9077380952380952 0.5158730158730159 0.8975694444444444 0.5148809523809523 0.886656746031746 0.5181878306878307 0.8772321428571429 0.5257936507936508 0.8695436507936508 0.5396825396825397 0.8638392857142857 0.5509259259259259 0.8638392857142857
0 0.5324074074074074 0.48487103174603174 0.542989417989418 0.4868551587301587 0.5502645502645502 0.49107142857142855 0.5578703703703703 0.4982638888888889 0.5615079365079365 0.5086805555555556 0.560515873015873 0.5163690476190477 0.5529100529100529 0.5267857142857143 0.546957671957672 0.5302579365079365 0.5363756613756614 0.5324900793650794 0.5188492063492064 0.5300099206349206 0.5046296296296297 0.5230654761904762 0.4976851851851852 0.5146329365079365 0.49437830687830686 0.5052083333333334 0.4973544973544973 0.49776785714285715 0.5049603174603174 0.49007936507936506 0.5218253968253969 0.48487103174603174 0.5320767195767195 0.48487103174603174
0 0.578042328042328 0.41369047619047616 0.5968915343915344 0.421875 0.6021825396825397 0.4305555555555556 0.6028439153439153 0.439484126984127 0.6008597883597884 0.4459325396825397 0.5952380952380952 0.4521329365079365 0.5876322751322751 0.4573412698412698 0.5757275132275133 0.45982142857142855 0.558531746031746 0.4568452380952381 0.5512566137566137 0.453125 0.542989417989418 0.44246031746031744 0.541005291005291 0.43526785714285715 0.5462962962962963 0.4236111111111111 0.5545634920634921 0.4176587301587302 0.5641534391534392 0.41369047619047616 0.5777116402116402 0.41369047619047616
0 0.3392857142857143 0.6961805555555556 0.35185185185185186 0.6986607142857143 0.3584656084656085 0.703125 0.36607142857142855 0.7135416666666666 0.3687169312169312 0.7254464285714286 0.3664021164021164 0.7341269841269841 0.359457671957672 0.7415674603174603 0.3505291005291005 0.7450396825396826 0.333994708994709 0.7475198412698413 0.32043650793650796 0.7452876984126984 0.3098544973544973 0.7378472222222222 0.3055555555555556 0.730406746031746 0.30423280423280424 0.7189980158730159 0.314484126984127 0.7048611111111112 0.328042328042328 0.6979166666666666 0.33895502645502645 0.6961805555555556
0 0.48148148148148145 0.2571924603174603 0.4966931216931217 0.265625 0.5009920634920635 0.28249007936507936 0.4877645502645503 0.29836309523809523 0.4623015873015873 0.30084325396825395 0.4523809523809524 0.296875 0.44212962962962965 0.283234126984127 0.4417989417989418 0.27554563492063494 0.44775132275132273 0.267609126984127 0.45866402116402116 0.26165674603174605 0.48115079365079366 0.2571924603174603
0 0.5641534391534392 0.6852678571428571 0.5730820105820106 0.6889880952380952 0.5796957671957672 0.6951884920634921 0.5849867724867724 0.7118055555555556 0.5747354497354498 0.7281746031746031 0.5674603174603174 0.7318948412698413 0.5542328042328042 0.734375 0.542989417989418 0.7338789682539683 0.5291005291005291 0.7234623015873016 0.5241402116402116 0.7170138888888888 0.5234788359788359 0.7026289682539683 0.5291005291005291 0.6924603174603174 0.5353835978835979 0.6884920634920635 0.5499338624338624 0.6847718253968254 0.5638227513227513 0.6852678571428571
0 0.5611772486772487 0.7346230158730159 0.5717592592592593 0.7373511904761905 0.5826719576719577 0.7442956349206349 0.591931216931217 0.7532242063492064 0.595568783068783 0.7619047619047619 0.5892857142857143 0.7829861111111112 0.5677910052910053 0.7938988095238095 0.5578703703703703 0.7931547619047619 0.5396825396825397 0.7876984126984127 0.5284391534391535 0.7765376984126984 0.5251322751322751 0.7673611111111112 0.5254629629629629 0.7517361111111112 0.531415343915344 0.7437996031746031 0.5433201058201058 0.736359126984127 0.5608465608465608 0.7346230158730159
0 0.48115079365079366 0.298859126984127 0.48908730158730157 0.30009920634920634 0.49933862433862436 0.30679563492063494 0.503968253968254 0.32490079365079366 0.49636243386243384 0.3395337301587302 0.4771825396825397 0.3509424603174603 0.4593253968253968 0.34970238095238093 0.45171957671957674 0.34499007936507936 0.44246031746031744 0.3315972222222222 0.4417989417989418 0.3239087301587302 0.4444444444444444 0.31646825396825395 0.4583333333333333 0.30282738095238093 0.47023809523809523 0.2993551587301587 0.4808201058201058 0.298859126984127
0 0.22156084656084657 0.015873015873015872 0.23115079365079366 0.018849206349206348 0.2447089947089947 0.02703373015873016 0.2533068783068783 0.04241071428571429 0.24834656084656084 0.06076388888888889 0.24074074074074073 0.06820436507936507 0.23247354497354497 0.07118055555555555 0.21693121693121692 0.07018849206349206 0.20304232804232805 0.0642361111111111 0.19113756613756613 0.054563492063492064 0.18783068783068782 0.046875 0.18816137566137567 0.03273809523809524 0.19212962962962962 0.025793650793650792 0.2099867724867725 0.016121031746031748 0.22123015873015872 0.015873015873015872
0 0.4861111111111111 0.7348710317460317 0.5052910052910053 0.7351190476190477 0.515542328042328 0.7395833333333334 0.5234788359788359 0.753968253968254 0.5234788359788359 0.7671130952380952 0.5205026455026455 0.7730654761904762 0.5079365079365079 0.7829861111111112 0.49206349206349204 0.7876984126984127 0.4801587301587302 0.7867063492063492 0.4708994708994709 0.783234126984127 0.46296296296296297 0.7745535714285714 0.4580026455026455 0.7621527777777778 0.4593253968253968 0.751984126984127 0.4666005291005291 0.7433035714285714 0.4751984126984127 0.7371031746031746 0.48578042328042326 0.7348710317460317
0 0.4669312169312169 0.49404761904761907 0.48048941798941797 0.4975198412698413 0.48644179894179895 0.5017361111111112 0.4930555555555556 0.5111607142857143 0.49404761904761907 0.5190972222222222 0.4894179894179894 0.5300099206349206 0.48048941798941797 0.5372023809523809 0.460978835978836 0.5399305555555556 0.44841269841269843 0.5372023809523809 0.43816137566137564 0.5275297619047619 0.4348544973544973 0.5119047619047619 0.44312169312169314 0.49950396825396826 0.45965608465608465 0.49429563492063494 0.4666005291005291 0.49404761904761907
0 0.6177248677248677 0.816468253968254 0.6266534391534392 0.8199404761904762 0.6335978835978836 0.8273809523809523 0.6388888888888888 0.8382936507936508 0.6395502645502645 0.8484623015873016 0.6372354497354498 0.8559027777777778 0.6309523809523809 0.8630952380952381 0.6084656084656085 0.8700396825396826 0.595568783068783 0.8673115079365079 0.583994708994709 0.859375 0.5773809523809523 0.8494543650793651 0.5747354497354498 0.8385416666666666 0.5836640211640212 0.8211805555555556 0.5882936507936508 0.8174603174603174 0.6048280423280423 0.8152281746031746 0.6173941798941799 0.816468253968254
0 0.6967592592592593 0.5684523809523809 0.7086640211640212 0.5704365079365079 0.7172619047619048 0.5744047619047619 0.7245370370370371 0.5803571428571429 0.7288359788359788 0.5875496031746031 0.7271825396825397 0.597718253968254 0.7208994708994709 0.6056547619047619 0.7142857142857143 0.6091269841269841 0.7007275132275133 0.611359126984127 0.6921296296296297 0.6103670634920635 0.6755952380952381 0.6036706349206349 0.6696428571428571 0.5930059523809523 0.6703042328042328 0.5823412698412699 0.6732804232804233 0.5776289682539683 0.6825396825396826 0.5709325396825397 0.6964285714285714 0.5684523809523809
0 0.396494708994709 0.15401785714285715 0.414021164021164 0.16021825396825398 0.4226190476190476 0.1671626984126984 0.4252645502645503 0.17485119047619047 0.4226190476190476 0.18551587301587302 0.40773809523809523 0.19791666666666666 0.4011243386243386 0.20014880952380953 0.3835978835978836 0.19717261904761904 0.3716931216931217 0.18973214285714285 0.3680555555555556 0.18303571428571427 0.3723544973544973 0.15922619047619047 0.3783068783068783 0.15575396825396826 0.39616402116402116 0.15401785714285715
0 0.5271164021164021 0.6433531746031746 0.5360449735449735 0.6453373015873016 0.5496031746031746 0.6530257936507936 0.5548941798941799 0.6577380952380952 0.5572089947089947 0.6659226190476191 0.5548941798941799 0.6763392857142857 0.5505952380952381 0.6825396825396826 0.5264550264550265 0.6907242063492064 0.5142195767195767 0.6899801587301587 0.49867724867724866 0.6820436507936508 0.4947089947089947 0.6748511904761905 0.49404761904761907 0.6614583333333334 0.5013227513227513 0.6500496031746031 0.517526455026455 0.6440972222222222 0.5267857142857143 0.6433531746031746
0 0.017195767195767195 0.7576884920634921 0.032407407407407406 0.7586805555555556 0.044642857142857144 0.7653769841269841 0.051587301587301584 0.7728174603174603 0.052248677248677246 0.7854662698412699 0.04728835978835979 0.7956349206349206 0.036375661375661374 0.8075396825396826 0.021825396825396824 0.8122519841269841 0.008597883597883597 0.8139880952380952 0 0.8137400793650794 0 0.7611607142857143 0.016865079365079364 0.7576884920634921
0 0.31117724867724866 0.4650297619047619 0.3247354497354497 0.4714781746031746 0.3323412698412698 0.48115079365079366 0.3330026455026455 0.4861111111111111 0.33134920634920634 0.4945436507936508 0.3247354497354497 0.5042162698412699 0.3062169312169312 0.5121527777777778 0.2863756613756614 0.5091765873015873 0.2791005291005291 0.5054563492063492 0.26884920634920634 0.49330357142857145 0.267526455026455 0.4861111111111111 0.271494708994709 0.4774305555555556 0.2820767195767196 0.4694940476190476 0.29993386243386244 0.4645337301587302 0.31084656084656087 0.4650297619047619
0 0.3158068783068783 0.40773809523809523 0.32671957671957674 0.41121031746031744 0.3406084656084656 0.4211309523809524 0.3439153439153439 0.4288194444444444 0.3435846560846561 0.43601190476190477 0.33994708994708994 0.4461805555555556 0.3349867724867725 0.4513888888888889 0.32341269841269843 0.4565972222222222 0.30522486772486773 0.45907738095238093 0.29464285714285715 0.4568452380952381 0.2830687830687831 0.44915674603174605 0.2787698412698413 0.4437003968253968 0.2751322751322751 0.42857142857142855 0.2787698412698413 0.4211309523809524 0.2857142857142857 0.41443452380952384 0.2996031746031746 0.40947420634920634 0.31547619047619047 0.40773809523809523
0 0.41435185185185186 0.2361111111111111 0.4322089947089947 0.24404761904761904 0.43915343915343913 0.25396825396825395 0.44113756613756616 0.26587301587301587 0.43452380952380953 0.27802579365079366 0.4087301587301587 0.28125 0.4007936507936508 0.2805059523809524 0.39384920634920634 0.2757936507936508 0.38657407407407407 0.26537698412698413 0.38657407407407407 0.2564484126984127 0.39087301587301587 0.2442956349206349 0.41005291005291006 0.23363095238095238 0.414021164021164 0.2361111111111111
0 0.42493386243386244 0.32068452380952384 0.43882275132275134 0.3291170634920635 0.44543650793650796 0.341765873015873 0.4444444444444444 0.3482142857142857 0.43386243386243384 0.35962301587301587 0.4246031746031746 0.3628472222222222 0.4117063492063492 0.3638392857142857 0.4044312169312169 0.3635912698412698 0.39616402116402116 0.3541666666666667 0.3819444444444444 0.3454861111111111 0.3826058201058201 0.33903769841269843 0.39021164021164023 0.3273809523809524 0.3955026455026455 0.3239087301587302 0.40575396825396826 0.32018849206349204 0.4246031746031746 0.32068452380952384
0 0.44543650793650796 0.7673611111111112 0.45271164021164023 0.7693452380952381 0.4603174603174603 0.7750496031746031 0.46494708994708994 0.7829861111111112 0.46593915343915343 0.7906746031746031 0.4566798941798942 0.8043154761904762 0.4427910052910053 0.8112599206349206 0.43353174603174605 0.8107638888888888 0.4246031746031746 0.8075396825396826 0.4146825396825397 0.7981150793650794 0.4117063492063492 0.7881944444444444 0.41435185185185186 0.779265873015873 0.4212962962962963 0.7720734126984127 0.43253968253968256 0.7673611111111112 0.4451058201058201 0.7673611111111112
0 0.5671296296296297 0.6036706349206349 0.5763888888888888 0.6056547619047619 0.591931216931217 0.6155753968253969 0.5962301587301587 0.6235119047619048 0.5972222222222222 0.6336805555555556 0.5952380952380952 0.6393849206349206 0.5896164021164021 0.6440972222222222 0.5714285714285714 0.6545138888888888 0.5638227513227513 0.6557539682539683 0.5535714285714286 0.6547619047619048 0.5320767195767195 0.6416170634920635 0.5287698412698413 0.6364087301587301 0.52744708994709 0.6259920634920635 0.533068783068783 0.6163194444444444 0.5416666666666666 0.6088789682539683 0.5568783068783069 0.6036706349206349 0.5667989417989417 0.6036706349206349
0 0.351521164021164 0.30456349206349204 0.3707010582010582 0.31299603174603174 0.3783068783068783 0.32837301587301587 0.376984126984127 0.341765873015873 0.3723544973544973 0.34672619047619047 0.33895502645502645 0.3539186507936508 0.33134920634920634 0.3521825396825397 0.31712962962962965 0.34226190476190477 0.31316137566137564 0.3345734126984127 0.3134920634920635 0.3244047619047619 0.31746031746031744 0.3177083333333333 0.328042328042328 0.310515873015873 0.35119047619047616 0.30456349206349204
0 0.26785714285714285 0.23387896825396826 0.2847222222222222 0.2408234126984127 0.28869047619047616 0.24454365079365079 0.29398148148148145 0.2544642857142857 0.2933201058201058 0.26537698412698413 0.28273809523809523 0.2777777777777778 0.2622354497354497 0.27628968253968256 0.24801587301587302 0.279265873015873 0.23412698412698413 0.26860119047619047 0.23214285714285715 0.26240079365079366 0.2337962962962963 0.2517361111111111 0.24371693121693122 0.23759920634920634 0.25562169312169314 0.23363095238095238 0.267526455026455 0.23387896825396826
0 0.4576719576719577 0.2197420634920635 0.4695767195767196 0.22197420634920634 0.4781746031746032 0.22643849206349206 0.4861111111111111 0.23759920634920634 0.48677248677248675 0.24503968253968253 0.48048941798941797 0.2571924603174603 0.4669312169312169 0.25892857142857145 0.4497354497354497 0.2648809523809524 0.44246031746031744 0.2601686507936508 0.4322089947089947 0.24107142857142858 0.43187830687830686 0.23363095238095238 0.4341931216931217 0.22743055555555555 0.439484126984127 0.22395833333333334 0.4573412698412698 0.2197420634920635
0 0.58994708994709 0.5111607142857143 0.6064814814814815 0.5188492063492064 0.6127645502645502 0.5270337301587301 0.6150793650793651 0.5374503968253969 0.6127645502645502 0.5441468253968254 0.605489417989418 0.5505952380952381 0.5853174603174603 0.558531746031746 0.5674603174603174 0.5543154761904762 0.5611772486772487 0.5503472222222222 0.5532407407407407 0.5406746031746031 0.5519179894179894 0.5322420634920635 0.5568783068783069 0.5230654761904762 0.5638227513227513 0.5171130952380952 0.5777116402116402 0.5119047619047619 0.5896164021164021 0.5111607142857143
0 0.5925925925925926 0.45882936507936506 0.6021825396825397 0.46106150793650796 0.6127645502645502 0.46726190476190477 0.6197089947089947 0.47470238095238093 0.6236772486772487 0.484375 0.6236772486772487 0.49206349206349204 0.6200396825396826 0.498015873015873 0.6078042328042328 0.5049603174603174 0.5992063492063492 0.5069444444444444 0.5806878306878307 0.5057043650793651 0.5638227513227513 0.4947916666666667 0.5598544973544973 0.4880952380952381 0.560515873015873 0.48139880952380953 0.5707671957671958 0.4670138888888889 0.5767195767195767 0.4623015873015873 0.5922619047619048 0.45882936507936506
0 0.4460978835978836 0.3628472222222222 0.4669312169312169 0.36607142857142855 0.478505291005291 0.376984126984127 0.4801587301587302 0.3869047619047619 0.47023809523809523 0.40153769841269843 0.4636243386243386 0.40500992063492064 0.4494047619047619 0.40674603174603174 0.4375 0.39955357142857145 0.4252645502645503 0.3970734126984127 0.42294973544973546 0.3943452380952381 0.419973544973545 0.38467261904761907 0.42294973544973546 0.373015873015873 0.4322089947089947 0.36607142857142855 0.44576719576719576 0.3630952380952381
0 0.6372354497354498 0.9724702380952381 0.6531084656084656 0.9809027777777778 0.6617063492063492 0.9937996031746031 0.6623677248677249 0.9997519841269841 0.5982142857142857 0.9997519841269841 0.6011904761904762 0.9878472222222222 0.609457671957672 0.9796626984126984 0.6216931216931217 0.9739583333333334 0.6316137566137566 0.9717261904761905 0.6369047619047619 0.9724702380952381
0 0.3654100529100529 0.5612599206349206 0.37566137566137564 0.5639880952380952 0.38425925925925924 0.5706845238095238 0.390542328042328 0.5813492063492064 0.3912037037037037 0.5920138888888888 0.38062169312169314 0.6061507936507936 0.359457671957672 0.6128472222222222 0.3449074074074074 0.6108630952380952 0.33465608465608465 0.6056547619047619 0.3244047619047619 0.5947420634920635 0.32242063492063494 0.5838293650793651 0.3244047619047619 0.5776289682539683 0.3349867724867725 0.5672123015873016 0.34656084656084657 0.5632440476190477 0.36507936507936506 0.5612599206349206
0 0.22023809523809523 0.13839285714285715 0.23148148148148148 0.1423611111111111 0.24173280423280424 0.15004960317460317 0.24834656084656084 0.15823412698412698 0.25 0.16418650793650794 0.25 0.17212301587301587 0.24537037037037038 0.17981150793650794 0.2371031746031746 0.18601190476190477 0.22784391534391535 0.18948412698412698 0.21792328042328044 0.1892361111111111 0.207010582010582 0.1857638888888889 0.19576719576719576 0.17807539682539683 0.18915343915343916 0.16815476190476192 0.18915343915343916 0.15773809523809523 0.19444444444444445 0.1470734126984127 0.20535714285714285 0.14012896825396826 0.2199074074074074 0.13839285714285715
0 0.37665343915343913 0.26537698412698413 0.3855820105820106 0.2683531746031746 0.3951719576719577 0.2787698412698413 0.39814814814814814 0.29092261904761907 0.3931878306878307 0.30357142857142855 0.38293650793650796 0.3107638888888889 0.37334656084656087 0.31299603174603174 0.35185185185185186 0.3033234126984127 0.34523809523809523 0.28893849206349204 0.3449074074074074 0.2822420634920635 0.3488756613756614 0.27331349206349204 0.3548280423280423 0.26884920634920634 0.37632275132275134 0.26537698412698413
0 0.38921957671957674 0.20064484126984128 0.3978174603174603 0.20163690476190477 0.4060846560846561 0.2058531746031746 0.4156746031746032 0.22023809523809523 0.4166666666666667 0.22767857142857142 0.41335978835978837 0.23635912698412698 0.3888888888888889 0.24975198412698413 0.37962962962962965 0.24801587301587302 0.3680555555555556 0.2418154761904762 0.357473544973545 0.22420634920634921 0.3587962962962963 0.21502976190476192 0.3687169312169312 0.20461309523809523 0.37632275132275134 0.20114087301587302 0.3888888888888889 0.20064484126984128
0 0.25496031746031744 0.6195436507936508 0.2705026455026455 0.623015873015873 0.2761243386243386 0.6279761904761905 0.27976190476190477 0.6346726190476191 0.2810846560846561 0.6475694444444444 0.2761243386243386 0.6584821428571429 0.26785714285714285 0.6649305555555556 0.25826719576719576 0.6684027777777778 0.2447089947089947 0.6696428571428571 0.2218915343915344 0.6651785714285714 0.21197089947089948 0.654265873015873 0.2113095238095238 0.6473214285714286 0.2156084656084656 0.6334325396825397 0.2261904761904762 0.6262400793650794 0.2443783068783069 0.6197916666666666 0.25462962962962965 0.6195436507936508
0 0.42294973544973546 0.5228174603174603 0.4341931216931217 0.5255456349206349 0.43915343915343913 0.5290178571428571 0.44642857142857145 0.5381944444444444 0.4480820105820106 0.548859126984127 0.43882275132275134 0.5637400793650794 0.4308862433862434 0.5677083333333334 0.42162698412698413 0.5689484126984127 0.4083994708994709 0.5679563492063492 0.396494708994709 0.5610119047619048 0.3921957671957672 0.5538194444444444 0.39021164021164023 0.5424107142857143 0.3941798941798942 0.533234126984127 0.4011243386243386 0.5270337301587301 0.4226190476190476 0.5228174603174603
0 0.5056216931216931 0.5778769841269841 0.5191798941798942 0.5813492063492064 0.52744708994709 0.5873015873015873 0.5337301587301587 0.5959821428571429 0.5357142857142857 0.6071428571428571 0.533068783068783 0.6143353174603174 0.5228174603174603 0.6262400793650794 0.5122354497354498 0.6307043650793651 0.5049603174603174 0.6314484126984127 0.48743386243386244 0.626984126984127 0.4798280423280423 0.621031746031746 0.47255291005291006 0.6021825396825397 0.48048941798941797 0.5870535714285714 0.49636243386243384 0.5796130952380952 0.5052910052910053 0.5778769841269841
0 0.6825396825396826 0.6805555555555556 0.6947751322751323 0.6827876984126984 0.7066798941798942 0.689484126984127 0.7119708994708994 0.6959325396825397 0.71494708994709 0.7058531746031746 0.7136243386243386 0.7155257936507936 0.7063492063492064 0.7242063492063492 0.6997354497354498 0.7284226190476191 0.6865079365079365 0.7316468253968254 0.6746031746031746 0.7313988095238095 0.6650132275132276 0.7284226190476191 0.6507936507936508 0.7130456349206349 0.6491402116402116 0.7068452380952381 0.6504629629629629 0.6979166666666666 0.6567460317460317 0.689484126984127 0.6706349206349206 0.6822916666666666 0.6822089947089947 0.6805555555555556
0 0.08531746031746032 0.0642361111111111 0.09556878306878307 0.06746031746031746 0.10648148148148148 0.07465277777777778 0.11243386243386243 0.08159722222222222 0.11408730158730158 0.0882936507936508 0.1130952380952381 0.10069444444444445 0.11011904761904762 0.10590277777777778 0.10218253968253968 0.11160714285714286 0.08895502645502645 0.11433531746031746 0.07605820105820106 0.1130952380952381 0.06415343915343916 0.10739087301587301 0.05357142857142857 0.09647817460317461 0.05092592592592592 0.08804563492063493 0.05191798941798942 0.078125 0.06084656084656084 0.06870039682539683 0.08498677248677249 0.0642361111111111
0 0.3458994708994709 0.14310515873015872 0.357473544973545 0.14732142857142858 0.36772486772486773 0.16121031746031747 0.36673280423280424 0.1793154761904762 0.3521825396825397 0.19246031746031747 0.33366402116402116 0.1840277777777778 0.3167989417989418 0.18080357142857142 0.3101851851851852 0.17212301587301587 0.310515873015873 0.16294642857142858 0.31547619047619047 0.1535218253968254 0.33134920634920634 0.14360119047619047 0.3455687830687831 0.14310515873015872
0 0.6038359788359788 0.871031746031746 0.611441798941799 0.8722718253968254 0.6203703703703703 0.8767361111111112 0.6332671957671958 0.8896329365079365 0.6359126984126984 0.8970734126984127 0.6359126984126984 0.9079861111111112 0.6316137566137566 0.9186507936507936 0.623015873015873 0.9253472222222222 0.6127645502645502 0.9288194444444444 0.6025132275132276 0.9278273809523809 0.5886243386243386 0.9221230158730159 0.5744047619047619 0.9074900793650794 0.5783730158730159 0.8797123015873016 0.5879629629629629 0.8725198412698413 0.603505291005291 0.871031746031746
0 0.43683862433862436 0.40029761904761907 0.4513888888888889 0.41096230158730157 0.4546957671957672 0.4191468253968254 0.4537037037037037 0.4312996031746032 0.45205026455026454 0.43601190476190477 0.4437830687830688 0.4437003968253968 0.42658730158730157 0.4469246031746032 0.4150132275132275 0.4461805555555556 0.40343915343915343 0.439484126984127 0.39616402116402116 0.4280753968253968 0.3968253968253968 0.41790674603174605 0.4017857142857143 0.40773809523809523 0.4123677248677249 0.40029761904761907 0.4209656084656085 0.39880952380952384 0.4365079365079365 0.40029761904761907
0 0.25562169312169314 0.10987103174603174 0.26785714285714285 0.11259920634920635 0.27744708994708994 0.11879960317460317 0.2833994708994709 0.1259920634920635 0.2880291005291005 0.13764880952380953 0.2880291005291005 0.1440972222222222 0.2833994708994709 0.1515376984126984 0.2748015873015873 0.15773809523809523 0.2662037037037037 0.16046626984126985 0.25033068783068785 0.15947420634920634 0.23313492063492064 0.1440972222222222 0.23015873015873015 0.13665674603174602 0.23015873015873015 0.1212797619047619 0.2328042328042328 0.11557539682539683 0.23842592592592593 0.11185515873015874 0.2552910052910053 0.10987103174603174
0 0.5400132275132276 0.5384424603174603 0.5466269841269841 0.5394345238095238 0.5529100529100529 0.5431547619047619 0.5641534391534392 0.5572916666666666 0.5611772486772487 0.5657242063492064 0.5542328042328042 0.5746527777777778 0.5419973544973545 0.5818452380952381 0.5337301587301587 0.5840773809523809 0.5241402116402116 0.5830853174603174 0.5099206349206349 0.5751488095238095 0.5046296296296297 0.5674603174603174 0.5042989417989417 0.5545634920634921 0.5079365079365079 0.546875 0.5128968253968254 0.542906746031746 0.5224867724867724 0.5394345238095238 0.5396825396825397 0.5384424603174603
0 0.3921957671957672 0.11507936507936507 0.4054232804232804 0.1195436507936508 0.4173280423280423 0.13368055555555555 0.41865079365079366 0.1505456349206349 0.4113756613756614 0.15773809523809523 0.39451058201058203 0.15401785714285715 0.3726851851851852 0.1572420634920635 0.3683862433862434 0.1552579365079365 0.3627645502645503 0.1470734126984127 0.3654100529100529 0.12698412698412698 0.37433862433862436 0.11929563492063493 0.38425925925925924 0.11557539682539683 0.39186507936507936 0.11507936507936507
0 0.49206349206349204 0.4007936507936508 0.501984126984127 0.4037698412698413 0.5125661375661376 0.4149305555555556 0.5145502645502645 0.42410714285714285 0.5132275132275133 0.43526785714285715 0.5016534391534392 0.44742063492063494 0.47883597883597884 0.4503968253968254 0.4669312169312169 0.44642857142857145 0.4556878306878307 0.43601190476190477 0.45601851851851855 0.419890873015873 0.4623015873015873 0.4107142857142857 0.46825396825396826 0.40674603174603174 0.49173280423280424 0.4007936507936508
0 0.6349206349206349 0.7100694444444444 0.6498015873015873 0.7137896825396826 0.6626984126984127 0.7289186507936508 0.6626984126984127 0.7413194444444444 0.6583994708994709 0.7517361111111112 0.6514550264550265 0.7589285714285714 0.6415343915343915 0.7614087301587301 0.6177248677248677 0.7562003968253969 0.6041666666666666 0.7447916666666666 0.6011904761904762 0.7390873015873016 0.6021825396825397 0.7261904761904762 0.6121031746031746 0.7152777777777778 0.6266534391534392 0.7098214285714286 0.6345899470899471 0.7100694444444444
0 0.48148148148148145 0.5389384920634921 0.49206349206349204 0.5431547619047619 0.5013227513227513 0.5503472222222222 0.5036375661375662 0.5649801587301587 0.5023148148148148 0.5709325396825397 0.49636243386243384 0.5788690476190477 0.4775132275132275 0.5860615079365079 0.45634920634920634 0.582093253968254 0.4523809523809524 0.5796130952380952 0.44543650793650796 0.5677083333333334 0.4441137566137566 0.560515873015873 0.4494047619047619 0.5500992063492064 0.4573412698412698 0.5421626984126984 0.46726190476190477 0.5394345238095238 0.48115079365079366 0.5389384920634921
0 0.273478835978836 0.27728174603174605 0.2933201058201058 0.28794642857142855 0.2986111111111111 0.3030753968253968 0.29365079365079366 0.3142361111111111 0.2863756613756614 0.3211805555555556 0.26884920634920634 0.326140873015873 0.2552910052910053 0.3246527777777778 0.24239417989417988 0.31721230158730157 0.2371031746031746 0.31101190476190477 0.23445767195767195 0.30009920634920634 0.2371031746031746 0.2899305555555556 0.2447089947089947 0.28174603174603174 0.2612433862433862 0.27628968253968256 0.27314814814814814 0.27728174603174605
0 0.4494047619047619 0.5925099206349206 0.45965608465608465 0.5944940476190477 0.4669312169312169 0.5989583333333334 0.4751984126984127 0.6160714285714286 0.4742063492063492 0.6225198412698413 0.4669312169312169 0.6309523809523809 0.4566798941798942 0.6371527777777778 0.45105820105820105 0.6381448412698413 0.4332010582010582 0.6374007936507936 0.42493386243386244 0.6341765873015873 0.4203042328042328 0.6302083333333334 0.4176587301587302 0.6202876984126984 0.4183201058201058 0.6086309523809523 0.42394179894179895 0.5987103174603174 0.43617724867724866 0.5930059523809523 0.44907407407407407 0.5925099206349206
0 0.33630952380952384 0.06671626984126984 0.3458994708994709 0.07118055555555555 0.3551587301587302 0.08159722222222222 0.357473544973545 0.08928571428571429 0.3558201058201058 0.10143849206349206 0.34854497354497355 0.11086309523809523 0.33035714285714285 0.10887896825396826 0.3177910052910053 0.11284722222222222 0.30952380952380953 0.109375 0.3005952380952381 0.09871031746031746 0.29894179894179895 0.08705357142857142 0.30092592592592593 0.07886904761904762 0.30654761904761907 0.07118055555555555 0.31316137566137564 0.06746031746031746 0.335978835978836 0.06671626984126984
0 0.3055555555555556 0.5188492063492064 0.3290343915343915 0.5252976190476191 0.3349867724867725 0.5314980158730159 0.3382936507936508 0.5394345238095238 0.3382936507936508 0.5505952380952381 0.3349867724867725 0.5577876984126984 0.33134920634920634 0.5612599206349206 0.32175925925925924 0.5639880952380952 0.3019179894179894 0.5639880952380952 0.2900132275132275 0.5612599206349206 0.2824074074074074 0.5555555555555556 0.2794312169312169 0.5500992063492064 0.2771164021164021 0.5404265873015873 0.2791005291005291 0.5314980158730159 0.2896825396825397 0.5215773809523809 0.30522486772486773 0.5188492063492064
0 0.3773148148148148 0.34697420634920634 0.38326719576719576 0.3479662698412698 0.3958333333333333 0.3551587301587302 0.4044312169312169 0.36929563492063494 0.4021164021164021 0.3812003968253968 0.39087301587301587 0.3913690476190476 0.38392857142857145 0.39384920634920634 0.3525132275132275 0.3931051587301587 0.3412698412698413 0.3844246031746032 0.333994708994709 0.3732638888888889 0.33465608465608465 0.36532738095238093 0.3406084656084656 0.35466269841269843 0.3525132275132275 0.3501984126984127 0.376984126984127 0.34697420634920634
0 0.5056216931216931 0.34052579365079366 0.5241402116402116 0.34871031746031744 0.5304232804232805 0.3618551587301587 0.529431216931217 0.36929563492063494 0.5241402116402116 0.3767361111111111 0.5062830687830688 0.3844246031746032 0.4837962962962963 0.3804563492063492 0.476521164021164 0.373015873015873 0.4742063492063492 0.36433531746031744 0.476521164021164 0.35168650793650796 0.4947089947089947 0.3412698412698413 0.5052910052910053 0.34052579365079366
0 0.49107142857142855 0.7919146825396826 0.5119047619047619 0.8038194444444444 0.5171957671957672 0.8107638888888888 0.5201719576719577 0.8231646825396826 0.519510582010582 0.8311011904761905 0.5132275132275133 0.8387896825396826 0.5049603174603174 0.8435019841269841 0.4930555555555556 0.8454861111111112 0.4808201058201058 0.8449900793650794 0.4652777777777778 0.8382936507936508 0.45634920634920634 0.8313492063492064 0.453042328042328 0.8246527777777778 0.45535714285714285 0.8077876984126984 0.4656084656084656 0.7958829365079365 0.4728835978835979 0.7921626984126984 0.49074074074074076 0.7919146825396826
0 0.32506613756613756 0.18204365079365079 0.33796296296296297 0.18551587301587302 0.34953703703703703 0.19196428571428573 0.35648148148148145 0.203125 0.3568121693121693 0.2123015873015873 0.3531746031746032 0.21899801587301587 0.34325396825396826 0.22767857142857142 0.3323412698412698 0.23115079365079366 0.3201058201058201 0.2309027777777778 0.30423280423280424 0.22395833333333334 0.29563492063492064 0.21006944444444445 0.2962962962962963 0.1966765873015873 0.3012566137566138 0.1892361111111111 0.31746031746031744 0.18204365079365079 0.3247354497354497 0.18204365079365079
0 0.4497354497354497 0.4523809523809524 0.4636243386243386 0.4595734126984127 0.4679232804232804 0.46577380952380953 0.47023809523809523 0.47668650793650796 0.4675925925925926 0.48412698412698413 0.4599867724867725 0.49255952380952384 0.43915343915343913 0.4992559523809524 0.42824074074074076 0.49776785714285715 0.41633597883597884 0.49206349206349204 0.4107142857142857 0.48487103174603174 0.4093915343915344 0.4771825396825397 0.4146825396825397 0.46378968253968256 0.42394179894179895 0.45610119047619047 0.43287037037037035 0.4521329365079365 0.4494047619047619 0.4523809523809524
0 0.6755952380952381 0.6041666666666666 0.6878306878306878 0.6088789682539683 0.6931216931216931 0.6138392857142857 0.6970899470899471 0.6235119047619048 0.6967592592592593 0.6341765873015873 0.6937830687830688 0.640625 0.6891534391534392 0.6438492063492064 0.6656746031746031 0.6510416666666666 0.6514550264550265 0.6490575396825397 0.6428571428571429 0.6440972222222222 0.6355820105820106 0.6331845238095238 0.6365740740740741 0.6170634920634921 0.6398809523809523 0.611359126984127 0.6494708994708994 0.6056547619047619 0.6636904761904762 0.6031746031746031 0.6752645502645502 0.6041666666666666
0 0.5446428571428571 0.7894345238095238 0.5710978835978836 0.7956349206349206 0.5816798941798942 0.8067956349206349 0.583994708994709 0.8132440476190477 0.5833333333333334 0.8204365079365079 0.5747354497354498 0.8353174603174603 0.5582010582010583 0.8427579365079365 0.5439814814814815 0.8420138888888888 0.5373677248677249 0.8387896825396826 0.5257936507936508 0.830109126984127 0.521494708994709 0.8211805555555556 0.5191798941798942 0.8102678571428571 0.5228174603174603 0.8010912698412699 0.533068783068783 0.7924107142857143 0.5396825396825397 0.7891865079365079 0.5443121693121693 0.7894345238095238
0 0.4021164021164021 0.6339285714285714 0.419973544973545 0.6403769841269841 0.4252645502645503 0.6475694444444444 0.42724867724867727 0.6589781746031746 0.42294973544973546 0.6721230158730159 0.41369047619047616 0.6788194444444444 0.398478835978836 0.6825396825396826 0.38326719576719576 0.6793154761904762 0.3726851851851852 0.6728670634920635 0.36607142857142855 0.6641865079365079 0.36507936507936506 0.6532738095238095 0.3683862433862434 0.6440972222222222 0.3723544973544973 0.6403769841269841 0.390542328042328 0.6341765873015873 0.4017857142857143 0.6339285714285714
0 0.33366402116402116 0.10863095238095238 0.34523809523809523 0.11135912698412699 0.359457671957672 0.12276785714285714 0.36243386243386244 0.12872023809523808 0.3601190476190476 0.14434523809523808 0.3558201058201058 0.14583333333333334 0.3468915343915344 0.14260912698412698 0.33465608465608465 0.1423611111111111 0.31746031746031744 0.1515376984126984 0.3134920634920635 0.14955357142857142 0.3082010582010582 0.140625 0.30522486772486773 0.12301587301587301 0.3177910052910053 0.11259920634920635 0.328042328042328 0.10838293650793651 0.3333333333333333 0.10863095238095238
0 0.4226190476190476 0.2775297619047619 0.4305555555555556 0.27827380952380953 0.439484126984127 0.28249007936507936 0.44642857142857145 0.2899305555555556 0.4503968253968254 0.3003472222222222 0.4470899470899471 0.3125 0.43584656084656087 0.32142857142857145 0.40773809523809523 0.3187003968253968 0.40145502645502645 0.31398809523809523 0.3974867724867725 0.3072916666666667 0.3974867724867725 0.296875 0.4027777777777778 0.2849702380952381 0.4074074074074074 0.28100198412698413 0.42228835978835977 0.2775297619047619
0 0.498015873015873 0.4479166666666667 0.5165343915343915 0.4523809523809524 0.5267857142857143 0.46279761904761907 0.5284391534391535 0.470734126984127 0.5201719576719577 0.48462301587301587 0.5016534391534392 0.4915674603174603 0.48974867724867727 0.49181547619047616 0.48115079365079366 0.4885912698412698 0.47619047619047616 0.48387896825396826 0.47023809523809523 0.46924603174603174 0.47023809523809523 0.45982142857142855 0.4798280423280423 0.4513888888888889 0.4976851851851852 0.44816468253968256
0 0.18882275132275134 0.18973214285714285 0.19940476190476192 0.1932043650793651 0.20667989417989419 0.19890873015873015 0.21263227513227514 0.2065972222222222 0.21395502645502645 0.21378968253968253 0.20932539682539683 0.22420634920634921 0.20205026455026456 0.2309027777777778 0.18386243386243387 0.23561507936507936 0.1746031746031746 0.23487103174603174 0.15873015873015872 0.22718253968253968 0.15178571428571427 0.2204861111111111 0.15013227513227514 0.2123015873015873 0.15773809523809523 0.19940476190476192 0.16534391534391535 0.19270833333333334 0.1775793650793651 0.1892361111111111 0.1884920634920635 0.18973214285714285
0 0.37665343915343913 0.39360119047619047 0.3835978835978836 0.3943452380952381 0.390542328042328 0.4000496031746032 0.3958333333333333 0.40773809523809523 0.39715608465608465 0.4156746031746032 0.3951719576719577 0.4270833333333333 0.3912037037037037 0.4320436507936508 0.3835978835978836 0.43625992063492064 0.37466931216931215 0.43774801587301587 0.36078042328042326 0.4357638888888889 0.3458994708994709 0.42931547619047616 0.3406084656084656 0.4146825396825397 0.3429232804232804 0.4045138888888889 0.3521825396825397 0.39632936507936506 0.36078042328042326 0.39384920634920634 0.37632275132275134 0.39360119047619047
0 0.49702380952380953 0.6870039682539683 0.5115740740740741 0.691468253968254 0.5168650793650794 0.6954365079365079 0.5201719576719577 0.6996527777777778 0.5221560846560847 0.7103174603174603 0.5211640211640212 0.7199900793650794 0.5165343915343915 0.7276785714285714 0.5049603174603174 0.7351190476190477 0.49834656084656087 0.7358630952380952 0.4828042328042328 0.7341269841269841 0.4708994708994709 0.7289186507936508 0.4666005291005291 0.7237103174603174 0.4632936507936508 0.7108134920634921 0.4646164021164021 0.6996527777777778 0.4695767195767196 0.6949404761904762 0.48412698412698413 0.6875 0.4966931216931217 0.6870039682539683
0 0.4675925925925926 0.6433531746031746 0.4808201058201058 0.6475694444444444 0.4923941798941799 0.6574900793650794 0.49272486772486773 0.6728670634920635 0.4851190476190476 0.6862599206349206 0.46726190476190477 0.6944444444444444 0.45337301587301587 0.6932043650793651 0.44246031746031744 0.689484126984127 0.4322089947089947 0.6815476190476191 0.4262566137566138 0.6686507936507936 0.42857142857142855 0.658234126984127 0.439484126984127 0.6475694444444444 0.45171957671957674 0.6433531746031746 0.46726190476190477 0.6433531746031746
0 0.6597222222222222 0.5319940476190477 0.6755952380952381 0.5386904761904762 0.6822089947089947 0.5476190476190477 0.6828703703703703 0.5567956349206349 0.6802248677248677 0.5649801587301587 0.6716269841269841 0.5714285714285714 0.6534391534391535 0.5746527777777778 0.6438492063492064 0.5746527777777778 0.6359126984126984 0.5716765873015873 0.6263227513227513 0.5627480158730159 0.6240079365079365 0.5540674603174603 0.6266534391534392 0.5441468253968254 0.6355820105820106 0.5359623015873016 0.6504629629629629 0.5314980158730159 0.6593915343915344 0.5319940476190477