0 0.8703125 0.2171875 0.884375 0.221875 0.8921875 0.2296875 0.8921875 0.2375 0.8875 0.24375 0.884375 0.25625 0.878125 0.2609375 0.865625 0.2609375 0.8515625 0.25625 0.8484375 0.253125 0.8390625 0.2515625 0.828125 0.2453125 0.825 0.2375 0.8296875 0.21875 0.8359375 0.2109375 0.8453125 0.209375 0.86875 0.2171875
0 0.45625 0.4796875 0.46875 0.4859375 0.478125 0.5109375 0.478125 0.51875 0.48125 0.5265625 0.48125 0.55 0.478125 0.55625 0.471875 0.5609375 0.4578125 0.5609375 0.453125 0.5578125 0.4484375 0.5484375 0.4484375 0.5421875 0.4390625 0.5109375 0.4390625 0.49375 0.446875 0.4828125 0.4546875 0.48125
0 0.49375 0.4578125 0.5015625 0.4625 0.5046875 0.4671875 0.5140625 0.5 0.5109375 0.5296875 0.50625 0.5359375 0.4984375 0.5390625 0.490625 0.5390625 0.484375 0.534375 0.4796875 0.509375 0.471875 0.4875 0.471875 0.475 0.475 0.465625 0.484375 0.4578125 0.4921875 0.4578125
0 0.4265625 0.2765625 0.4296875 0.2828125 0.428125 0.30625 0.421875 0.3125 0.415625 0.3140625 0.3828125 0.3140625 0.3765625 0.30625 0.375 0.2890625 0.3765625 0.284375 0.3859375 0.2765625 0.4171875 0.2734375 0.425 0.2765625
0 0.5109375 0.6421875 0.5203125 0.65 0.5234375 0.6578125 0.5234375 0.6734375 0.5203125 0.6890625 0.50625 0.703125 0.496875 0.728125 0.4890625 0.734375 0.4765625 0.734375 0.4671875 0.7265625 0.4625 0.7078125 0.4640625 0.690625 0.4875 0.65 0.5 0.640625 0.509375 0.6421875
0 0.321875 0.446875 0.328125 0.453125 0.3296875 0.459375 0.328125 0.4859375 0.31875 0.4921875 0.2859375 0.503125 0.278125 0.5015625 0.271875 0.49375 0.26875 0.484375 0.26875 0.4703125 0.271875 0.4640625 0.2921875 0.453125 0.2984375 0.453125 0.3125 0.446875 0.3203125 0.446875
0 0.2828125 0.23828125 0.0390625 0.05703125
0 0.5921875 0.4390625 0.6015625 0.4484375 0.61875 0.4796875 0.61875 0.4921875 0.615625 0.5046875 0.6078125 0.5140625 0.59375 0.5140625 0.584375 0.50625 0.5671875 0.4703125 0.5671875 0.4578125 0.5703125 0.44375 0.578125 0.4375 0.590625 0.4390625
0 0.334375 0.39375 0.3375 0.396875 0.3375 0.415625 0.328125 0.4359375 0.321875 0.44375 0.296875 0.4515625 0.29375 0.45 0.2921875 0.4453125 0.2921875 0.434375 0.2984375 0.4171875 0.3171875 0.3890625 0.325 0.3890625 0.3328125 0.39375
0 0.5234375 0.5515625 0.5296875 0.553125 0.5375 0.5625 0.5390625 0.578125 0.5359375 0.5953125 0.5296875 0.603125 0.5234375 0.60625 0.4890625 0.6171875 0.478125 0.615625 0.4703125 0.6046875 0.46875 0.6 0.4703125 0.5734375 0.4875 0.5609375 0.521875 0.5515625
0 0.525 0.6953125 0.5328125 0.6984375 0.540625 0.7078125 0.54375 0.7140625 0.54375 0.725 0.540625 0.7421875 0.525 0.7921875 0.5171875 0.8015625 0.5125 0.803125 0.5046875 0.803125 0.490625 0.7921875 0.4875 0.784375 0.4859375 0.76875 0.4921875 0.740625 0.5078125 0.7046875 0.5125 0.6984375 0.5234375 0.6953125
0 0.49375 0.2890625 0.5 0.2953125 0.4984375 0.321875 0.4890625 0.328125 0.4640625 0.3328125 0.4546875 0.3328125 0.4484375 0.3296875 0.44375 0.315625 0.4453125 0.3 0.453125 0.29375 0.4671875 0.2921875 0.475 0.2890625 0.4921875 0.2890625
0 0.4265625 0.428125 0.43125 0.434375 0.4328125 0.446875 0.4328125 0.45625 0.4296875 0.4640625 0.421875 0.4703125 0.3984375 0.4734375 0.384375 0.4734375 0.375 0.46875 0.3703125 0.45625 0.371875 0.4359375 0.378125 0.4296875 0.3828125 0.428125 0.4140625 0.425 0.425 0.428125
0 0.4328125 0.7984375 0.4421875 0.8078125 0.446875 0.825 0.4453125 0.8421875 0.440625 0.85625 0.43125 0.8625 0.39375 0.8734375 0.3796875 0.8734375 0.371875 0.8671875 0.3640625 0.8484375 0.365625 0.825 0.3703125 0.815625 0.3796875 0.809375 0.4015625 0.8046875 0.4140625 0.7984375 0.43125 0.7984375