0 0.70234375 0.23046875 0.0453125 0.0234375
0 0.55 0.4015625 0.5640625 0.4078125 0.5671875 0.4140625 0.565625 0.4203125 0.5515625 0.428125 0.53125 0.434375 0.5140625 0.43125 0.509375 0.4265625 0.5109375 0.4171875 0.5234375 0.4078125 0.5484375 0.4015625
0 0.3765625 0.565625 0.384375 0.5734375 0.384375 0.58125 0.3796875 0.5859375 0.334375 0.6 0.3203125 0.596875 0.315625 0.5921875 0.3140625 0.584375 0.315625 0.578125 0.3203125 0.5734375 0.3546875 0.5625 0.36875 0.5625 0.375 0.565625
0 0.6140625 0.2234375 0.6421875 0.240625 0.64375 0.24375 0.6421875 0.2515625 0.63125 0.2578125 0.6171875 0.2546875 0.5953125 0.2390625 0.5953125 0.2328125 0.6015625 0.225 0.6125 0.2234375
0 0.428125 0.590625 0.45625 0.6 0.465625 0.6078125 0.4671875 0.615625 0.4640625 0.6203125 0.4546875 0.625 0.4328125 0.6234375 0.40625 0.6140625 0.396875 0.60625 0.3984375 0.596875 0.4046875 0.590625 0.4078125 0.5890625 0.425 0.5890625 0.4265625 0.590625
0 0.121875 0.0421875 0.140625 0.040625 0.171875 0.05 0.1828125 0.0578125 0.1828125 0.0671875 0.1796875 0.071875 0.171875 0.075 0.1609375 0.0734375 0.14375 0.0671875 0.1328125 0.065625 0.1234375 0.0609375 0.1203125 0.053125 0.121875 0.04375
0 0.6453125 0.0984375 0.659375 0.103125 0.6625 0.1078125 0.6609375 0.1125 0.6546875 0.11875 0.646875 0.1203125 0.628125 0.1203125 0.6203125 0.1171875 0.6171875 0.1125 0.6234375 0.1 0.64375 0.0984375
0 0.5265625 0.3484375 0.5390625 0.3546875 0.5578125 0.3703125 0.559375 0.3734375 0.5578125 0.3796875 0.546875 0.3859375 0.5328125 0.3859375 0.5078125 0.3671875 0.50625 0.3578125 0.509375 0.353125 0.5140625 0.3484375 0.525 0.3484375
0 0.621875 0.45625 0.646875 0.4703125 0.653125 0.478125 0.65 0.4859375 0.6359375 0.490625 0.625 0.4890625 0.615625 0.484375 0.5984375 0.4734375 0.5953125 0.46875 0.5953125 0.4625 0.6015625 0.45625 0.6046875 0.4546875 0.6203125 0.45625
0 0.41875 0.1328125 0.4296875 0.1375 0.4484375 0.1546875 0.45 0.1578125 0.4484375 0.1640625 0.4390625 0.171875 0.421875 0.16875 0.4046875 0.153125 0.4015625 0.146875 0.4046875 0.1359375 0.409375 0.1328125 0.4171875 0.1328125
0 0.446875 0.46875 0.4609375 0.4765625 0.4734375 0.5 0.471875 0.5078125 0.4609375 0.5140625 0.4453125 0.5140625 0.4359375 0.509375 0.4234375 0.4875 0.425 0.4765625 0.43125 0.46875 0.4453125 0.46875
0 0.54375 0.303125 0.5453125 0.3046875 0.5671875 0.3046875 0.5796875 0.309375 0.5828125 0.3140625 0.5828125 0.31875 0.58125 0.321875 0.5703125 0.328125 0.540625 0.328125 0.528125 0.3234375 0.525 0.3171875 0.5296875 0.3078125 0.5328125 0.3046875 0.5421875 0.303125
0 0.184375 0.0171875 0.225 0.03125 0.2296875 0.0359375 0.2296875 0.0453125 0.221875 0.053125 0.209375 0.0515625 0.1765625 0.0390625 0.1703125 0.0328125 0.1703125 0.021875 0.175 0.0171875 0.1828125 0.0171875
0 0.615625 0.3859375 0.63125 0.390625 0.6546875 0.4046875 0.65625 0.4078125 0.6546875 0.4140625 0.64375 0.4203125 0.628125 0.41875 0.6140625 0.403125 0.6015625 0.3984375 0.6 0.3953125 0.6015625 0.3921875 0.6140625 0.3859375
0 0.678125 0.2765625 0.6875 0.2828125 0.6890625 0.290625 0.684375 0.3015625 0.671875 0.3109375 0.6578125 0.309375 0.6515625 0.3046875 0.6515625 0.2984375 0.6640625 0.278125 0.6765625 0.2765625
0 0.6046875 0.35625 0.6125 0.3625 0.6140625 0.36875 0.60625 0.3765625 0.58125 0.384375 0.571875 0.384375 0.5640625 0.38125 0.5609375 0.3765625 0.5625 0.3671875 0.575 0.3578125 0.603125 0.35625
0 0.3421875 0.0484375 0.353125 0.053125 0.3703125 0.06875 0.371875 0.071875 0.3703125 0.0796875 0.3640625 0.0859375 0.3515625 0.0859375 0.3453125 0.0828125 0.3265625 0.065625 0.325 0.0625 0.3265625 0.0515625 0.3296875 0.0484375 0.340625 0.0484375
0 0.178125 0.1078125 0.1921875 0.1125 0.1984375 0.1203125 0.1984375 0.14375 0.1921875 0.1515625 0.1875 0.153125 0.175 0.1515625 0.16875 0.1484375 0.1625 0.140625 0.1625 0.1140625 0.16875 0.1078125 0.1765625 0.1078125
0 0.45 0.0234375 0.4578125 0.0296875 0.4640625 0.04375 0.4609375 0.053125 0.4546875 0.0578125 0.4375 0.0546875 0.43125 0.046875 0.4296875 0.0359375 0.43125 0.0234375 0.4328125 0.021875 0.4484375 0.0234375
0 0.6 0.3984375 0.6125 0.403125 0.61875 0.409375 0.6203125 0.41875 0.6125 0.4234375 0.59375 0.4234375 0.575 0.4203125 0.56875 0.4171875 0.5671875 0.4046875 0.5734375 0.396875 0.5984375 0.3984375
0 0.41875 0.0203125 0.4296875 0.0265625 0.4296875 0.034375 0.4234375 0.0453125 0.415625 0.0515625 0.4 0.0515625 0.3921875 0.0453125 0.3921875 0.040625 0.39375 0.0328125 0.403125 0.021875 0.4171875 0.0203125
0 0.48125 0.5359375 0.5 0.540625 0.50625 0.553125 0.503125 0.5578125 0.496875 0.5609375 0.4703125 0.5640625 0.446875 0.5625 0.4375 0.553125 0.4421875 0.54375 0.45 0.5375 0.4796875 0.5359375
0 0.5765625 0.128125 0.5875 0.140625 0.5921875 0.15 0.5890625 0.1578125 0.584375 0.1609375 0.5671875 0.159375 0.553125 0.1421875 0.553125 0.1359375 0.559375 0.1265625 0.565625 0.125 0.575 0.128125
0 0.59375 0.425 0.6234375 0.43125 0.6359375 0.4375 0.6390625 0.4421875 0.6390625 0.446875 0.628125 0.4546875 0.6078125 0.453125 0.59375 0.45 0.584375 0.4453125 0.5796875 0.440625 0.5796875 0.4328125 0.584375 0.428125 0.5921875 0.425
0 0.33125 0.7171875 0.340625 0.7203125 0.3484375 0.728125 0.3484375 0.765625 0.3421875 0.7734375 0.3359375 0.7765625 0.315625 0.775 0.3078125 0.7703125 0.303125 0.7625 0.30625 0.725 0.315625 0.7171875 0.3296875 0.7171875
0 0.675 0.225 0.6796875 0.2296875 0.68125 0.240625 0.6796875 0.2484375 0.6703125 0.25625 0.65625 0.25625 0.6515625 0.2546875 0.646875 0.2484375 0.659375 0.225 0.6640625 0.2234375 0.6734375 0.225
0 0.5953125 0.34140625 0.05234375 0.0296875
0 0.4328125 0.2625 0.4421875 0.265625 0.4671875 0.2828125 0.46875 0.2859375 0.4671875 0.2921875 0.45625 0.3 0.4421875 0.2984375 0.4125 0.2796875 0.4109375 0.275 0.4140625 0.2671875 0.41875 0.2625 0.425 0.2609375 0.43125 0.2625