0 0.314484126984127 0.7366071428571429 0.3273809523809524 0.7410714285714286 0.3330026455026455 0.7514880952380952 0.32837301587301587 0.7614087301587301 0.3177910052910053 0.765625 0.3019179894179894 0.7638888888888888 0.294973544973545 0.7547123015873016 0.29828042328042326 0.7415674603174603 0.3048941798941799 0.7375992063492064 0.31415343915343913 0.7366071428571429
0 0.25925925925925924 0.4156746031746032 0.2691798941798942 0.41964285714285715 0.27414021164021163 0.42683531746031744 0.26884920634920634 0.435515873015873 0.2569444444444444 0.44072420634920634 0.24834656084656084 0.43973214285714285 0.2414021164021164 0.435515873015873 0.2371031746031746 0.42410714285714285 0.24371693121693122 0.4164186507936508 0.25892857142857145 0.4156746031746032
0 0.5 0.5245535714285714 0.5128968253968254 0.5295138888888888 0.517526455026455 0.5401785714285714 0.5085978835978836 0.5505952380952381 0.49867724867724866 0.5525793650793651 0.48677248677248675 0.5503472222222222 0.48048941798941797 0.5446428571428571 0.47883597883597884 0.5384424603174603 0.4851190476190476 0.5287698412698413 0.49966931216931215 0.5245535714285714
0 0.2837301587301587 0.28621031746031744 0.29365079365079366 0.29216269841269843 0.29563492063492064 0.3003472222222222 0.2896825396825397 0.30778769841269843 0.27976190476190477 0.3115079365079365 0.26521164021164023 0.30778769841269843 0.25826719576719576 0.3010912698412698 0.25793650793650796 0.29637896825396826 0.26256613756613756 0.2899305555555556 0.26884920634920634 0.2864583333333333 0.2833994708994709 0.28621031746031744
0 0.40773809523809523 0.4915674603174603 0.41898148148148145 0.4957837301587302 0.42394179894179895 0.5014880952380952 0.42228835978835977 0.5119047619047619 0.416005291005291 0.5158730158730159 0.4080687830687831 0.5173611111111112 0.3941798941798942 0.5153769841269841 0.390542328042328 0.5131448412698413 0.3872354497354497 0.5054563492063492 0.3888888888888889 0.4990079365079365 0.39384920634920634 0.49429563492063494 0.4074074074074074 0.4915674603174603
0 0.4503968253968254 0.542906746031746 0.46395502645502645 0.5461309523809523 0.4708994708994709 0.5535714285714286 0.4669312169312169 0.5634920634920635 0.45634920634920634 0.5694444444444444 0.4408068783068783 0.5674603174603174 0.43452380952380953 0.5602678571428571 0.43617724867724866 0.5481150793650794 0.4417989417989418 0.5441468253968254 0.45006613756613756 0.542906746031746
0 0.2523148148148148 0.5873015873015873 0.26421957671957674 0.5910218253968254 0.267526455026455 0.6001984126984127 0.2638888888888889 0.6091269841269841 0.251984126984127 0.6140873015873016 0.23809523809523808 0.6123511904761905 0.230489417989418 0.6024305555555556 0.23247354497354497 0.5952380952380952 0.23677248677248677 0.5912698412698413 0.24239417989417988 0.5882936507936508 0.251984126984127 0.5873015873015873
0 0.24768518518518517 0.47023809523809523 0.2562830687830688 0.4749503968253968 0.25793650793650796 0.48462301587301587 0.25363756613756616 0.4895833333333333 0.23776455026455026 0.49404761904761907 0.23082010582010581 0.4928075396825397 0.22255291005291006 0.4880952380952381 0.21924603174603174 0.48387896825396826 0.22023809523809523 0.4771825396825397 0.230489417989418 0.4697420634920635 0.24735449735449735 0.47023809523809523
0 0.5916005291005291 0.4625496031746032 0.603505291005291 0.46924603174603174 0.605489417989418 0.47693452380952384 0.5998677248677249 0.48586309523809523 0.5886243386243386 0.48933531746031744 0.580026455026455 0.4888392857142857 0.5717592592592593 0.4853670634920635 0.5671296296296297 0.4806547619047619 0.5661375661375662 0.47371031746031744 0.5704365079365079 0.4670138888888889 0.576058201058201 0.4632936507936508 0.5912698412698413 0.4625496031746032
0 0.2566137566137566 0.49032738095238093 0.2691798941798942 0.49603174603174605 0.2708333333333333 0.503968253968254 0.267526455026455 0.5124007936507936 0.25562169312169314 0.5166170634920635 0.2414021164021164 0.5148809523809523 0.23511904761904762 0.5081845238095238 0.23346560846560846 0.5012400793650794 0.23511904761904762 0.49702380952380953 0.23974867724867724 0.49404761904761907 0.2562830687830688 0.49032738095238093
0 0.3673941798941799 0.6006944444444444 0.37466931216931215 0.6051587301587301 0.37632275132275134 0.6125992063492064 0.3707010582010582 0.6225198412698413 0.35978835978835977 0.6267361111111112 0.34523809523809523 0.6232638888888888 0.3412698412698413 0.6178075396825397 0.3406084656084656 0.609375 0.3488756613756614 0.6019345238095238 0.35813492063492064 0.5997023809523809 0.36706349206349204 0.6006944444444444
0 0.2404100529100529 0.3090277777777778 0.2526455026455027 0.3162202380952381 0.25396825396825395 0.32514880952380953 0.24933862433862433 0.3333333333333333 0.23776455026455026 0.3373015873015873 0.23115079365079366 0.3365575396825397 0.2222222222222222 0.3315972222222222 0.21792328042328044 0.3211805555555556 0.22585978835978837 0.3100198412698413 0.2400793650793651 0.3090277777777778
0 0.42228835978835977 0.4704861111111111 0.43253968253968256 0.47371031746031744 0.4375 0.4806547619047619 0.43683862433862436 0.48759920634920634 0.4252645502645503 0.4962797619047619 0.4037698412698413 0.49007936507936506 0.398478835978836 0.484375 0.40046296296296297 0.47693452380952384 0.4070767195767196 0.47172619047619047 0.421957671957672 0.4704861111111111
0 0.2156084656084656 0.6123511904761905 0.2251984126984127 0.6192956349206349 0.22420634920634921 0.6297123015873016 0.21726190476190477 0.6356646825396826 0.20337301587301587 0.6381448412698413 0.1960978835978836 0.6374007936507936 0.19047619047619047 0.6341765873015873 0.18518518518518517 0.626984126984127 0.18584656084656084 0.6220238095238095 0.18882275132275134 0.6178075396825397 0.19675925925925927 0.613343253968254 0.2152777777777778 0.6123511904761905
0 0.44742063492063494 0.7415674603174603 0.4619708994708995 0.7482638888888888 0.46494708994708994 0.7554563492063492 0.4619708994708995 0.7619047619047619 0.45701058201058203 0.765625 0.44477513227513227 0.7698412698412699 0.435515873015873 0.7690972222222222 0.42857142857142855 0.7651289682539683 0.4246031746031746 0.7591765873015873 0.42427248677248675 0.7524801587301587 0.4322089947089947 0.7423115079365079 0.4470899470899471 0.7415674603174603
0 0.39814814814814814 0.751984126984127 0.4113756613756614 0.7586805555555556 0.41633597883597884 0.7688492063492064 0.41369047619047616 0.7767857142857143 0.4017857142857143 0.7824900793650794 0.3835978835978836 0.7797619047619048 0.37797619047619047 0.7698412698412699 0.37863756613756616 0.761656746031746 0.38326719576719576 0.7552083333333334 0.390542328042328 0.7517361111111112 0.3978174603174603 0.751984126984127
0 0.683531746031746 0.5920138888888888 0.6944444444444444 0.5974702380952381 0.6970899470899471 0.6101190476190477 0.6927910052910053 0.6173115079365079 0.6822089947089947 0.6202876984126984 0.673941798941799 0.6197916666666666 0.6646825396825397 0.6163194444444444 0.6574074074074074 0.6106150793650794 0.656415343915344 0.6049107142857143 0.6587301587301587 0.5984623015873016 0.6643518518518519 0.5942460317460317 0.6712962962962963 0.591765873015873 0.6832010582010583 0.5920138888888888
0 0.251984126984127 0.38169642857142855 0.26322751322751325 0.3871527777777778 0.26587301587301587 0.3975694444444444 0.2585978835978836 0.40600198412698413 0.24636243386243387 0.4089781746031746 0.23941798941798942 0.408234126984127 0.2275132275132275 0.40228174603174605 0.22354497354497355 0.3933531746031746 0.226521164021164 0.388640873015873 0.23445767195767195 0.3834325396825397 0.24338624338624337 0.3812003968253968 0.25165343915343913 0.38169642857142855
0 0.4460978835978836 0.48759920634920634 0.4546957671957672 0.49007936507936506 0.46064814814814814 0.4945436507936508 0.4642857142857143 0.5062003968253969 0.4573412698412698 0.5141369047619048 0.4427910052910053 0.5171130952380952 0.43683862433862436 0.5163690476190477 0.42724867724867727 0.5094246031746031 0.4236111111111111 0.5014880952380952 0.43386243386243384 0.4895833333333333 0.44576719576719576 0.48759920634920634
0 0.4183201058201058 0.5225694444444444 0.42923280423280424 0.5265376984126984 0.43353174603174605 0.5329861111111112 0.4341931216931217 0.5396825396825397 0.42658730158730157 0.546875 0.41633597883597884 0.5486111111111112 0.40773809523809523 0.546875 0.40145502645502645 0.5431547619047619 0.39814814814814814 0.5334821428571429 0.4044312169312169 0.5257936507936508 0.41798941798941797 0.5225694444444444
0 0.3273809523809524 0.4575892857142857 0.3382936507936508 0.46106150793650796 0.34523809523809523 0.4697420634920635 0.3419312169312169 0.47668650793650796 0.328042328042328 0.4833829365079365 0.31283068783068785 0.4809027777777778 0.3082010582010582 0.4771825396825397 0.3058862433862434 0.4712301587301587 0.3072089947089947 0.4645337301587302 0.31216931216931215 0.45982142857142855 0.32705026455026454 0.4575892857142857
0 0.4546957671957672 0.5161210317460317 0.4669312169312169 0.5205853174603174 0.4712301587301587 0.5257936507936508 0.4675925925925926 0.5381944444444444 0.45634920634920634 0.542906746031746 0.43882275132275134 0.5406746031746031 0.4332010582010582 0.5329861111111112 0.43353174603174605 0.5257936507936508 0.43683862433862436 0.5203373015873016 0.44543650793650796 0.5163690476190477 0.45436507936507936 0.5161210317460317
0 0.20535714285714285 0.39657738095238093 0.21494708994708994 0.3993055555555556 0.22123015873015872 0.4069940476190476 0.2175925925925926 0.41691468253968256 0.207010582010582 0.42162698412698413 0.19212962962962962 0.4184027777777778 0.18518518518518517 0.4089781746031746 0.18551587301587302 0.4045138888888889 0.19014550264550265 0.3993055555555556 0.1960978835978836 0.39657738095238093 0.20502645502645503 0.39657738095238093
0 0.5300925925925926 0.453125 0.5376984126984127 0.4568452380952381 0.5403439153439153 0.470734126984127 0.5363756613756614 0.4756944444444444 0.5205026455026455 0.48115079365079366 0.5052910052910053 0.47767857142857145 0.5013227513227513 0.4742063492063492 0.5 0.4670138888888889 0.5085978835978836 0.4548611111111111 0.5168650793650794 0.45262896825396826 0.5297619047619048 0.453125