0 0.48578042328042326 0.28596230158730157 0.49404761904761907 0.2896825396825397 0.498015873015873 0.3003472222222222 0.4937169312169312 0.30679563492063494 0.4851190476190476 0.3107638888888889 0.47023809523809523 0.3072916666666667 0.4646164021164021 0.2958829365079365 0.4669312169312169 0.2914186507936508 0.4738756613756614 0.2867063492063492 0.48544973544973546 0.28596230158730157
0 0.42658730158730157 0.6101190476190477 0.43452380952380953 0.6158234126984127 0.43617724867724866 0.6232638888888888 0.4289021164021164 0.6302083333333334 0.4150132275132275 0.6339285714285714 0.4080687830687831 0.6334325396825397 0.4021164021164021 0.6299603174603174 0.39814814814814814 0.6237599206349206 0.39880952380952384 0.6195436507936508 0.4011243386243386 0.6153273809523809 0.41005291005291006 0.6106150793650794 0.4262566137566138 0.6101190476190477
0 0.38822751322751325 0.6899801587301587 0.4007936507936508 0.6927083333333334 0.4103835978835979 0.7028769841269841 0.4103835978835979 0.7065972222222222 0.40476190476190477 0.7127976190476191 0.3921957671957672 0.7165178571428571 0.3802910052910053 0.7150297619047619 0.3726851851851852 0.7065972222222222 0.37466931216931215 0.6959325396825397 0.37962962962962965 0.6919642857142857 0.3878968253968254 0.6899801587301587
0 0.7576058201058201 0.3695436507936508 0.7698412698412699 0.375 0.7721560846560847 0.3836805555555556 0.7652116402116402 0.39211309523809523 0.7549603174603174 0.3958333333333333 0.7476851851851852 0.39533730158730157 0.7430555555555556 0.39285714285714285 0.7367724867724867 0.38293650793650796 0.7390873015873016 0.3767361111111111 0.7447089947089947 0.3722718253968254 0.7572751322751323 0.3695436507936508
0 0.765542328042328 0.5032242063492064 0.7751322751322751 0.5052083333333334 0.7817460317460317 0.5114087301587301 0.7797619047619048 0.5225694444444444 0.7698412698412699 0.5277777777777778 0.7549603174603174 0.5267857142857143 0.7473544973544973 0.515625 0.7523148148148148 0.5071924603174603 0.7652116402116402 0.5032242063492064
0 0.3125 0.644593253968254 0.3187830687830688 0.6458333333333334 0.3253968253968254 0.6502976190476191 0.32705026455026454 0.658234126984127 0.32142857142857145 0.6666666666666666 0.3115079365079365 0.6696428571428571 0.3029100529100529 0.6696428571428571 0.296957671957672 0.6674107142857143 0.2906746031746032 0.6612103174603174 0.2896825396825397 0.65625 0.2919973544973545 0.6505456349206349 0.2962962962962963 0.6473214285714286 0.31216931216931215 0.644593253968254
0 0.6765873015873016 0.32688492063492064 0.6868386243386243 0.33134920634920634 0.6901455026455027 0.34250992063492064 0.685515873015873 0.3501984126984127 0.6726190476190477 0.35466269841269843 0.6646825396825397 0.35441468253968256 0.6547619047619048 0.34945436507936506 0.6521164021164021 0.34052579365079366 0.6577380952380952 0.3308531746031746 0.6762566137566137 0.32688492063492064
0 0.7526455026455027 0.5347222222222222 0.7628968253968254 0.5406746031746031 0.7665343915343915 0.5538194444444444 0.7589285714285714 0.5595238095238095 0.7496693121693122 0.5610119047619048 0.7423941798941799 0.560515873015873 0.7357804232804233 0.5570436507936508 0.7321428571428571 0.5463789682539683 0.7377645502645502 0.5381944444444444 0.7523148148148148 0.5347222222222222
0 0.4738756613756614 0.5714285714285714 0.48412698412698413 0.5758928571428571 0.4871031746031746 0.5850694444444444 0.48115079365079366 0.5932539682539683 0.4695767195767196 0.5954861111111112 0.4632936507936508 0.5954861111111112 0.45634920634920634 0.591765873015873 0.45337301587301587 0.5811011904761905 0.4599867724867725 0.5731646825396826 0.47354497354497355 0.5714285714285714
0 0.623015873015873 0.49206349206349204 0.6339285714285714 0.4965277777777778 0.6372354497354498 0.5027281746031746 0.6329365079365079 0.5096726190476191 0.6197089947089947 0.5153769841269841 0.6124338624338624 0.5143849206349206 0.6058201058201058 0.5106646825396826 0.6025132275132276 0.5012400793650794 0.6091269841269841 0.49404761904761907 0.6226851851851852 0.49206349206349204
0 0.707010582010582 0.5674603174603174 0.7172619047619048 0.5736607142857143 0.718915343915344 0.5825892857142857 0.7166005291005291 0.5882936507936508 0.7056878306878307 0.5932539682539683 0.6960978835978836 0.5925099206349206 0.6881613756613757 0.5890376984126984 0.6828703703703703 0.5808531746031746 0.6845238095238095 0.574156746031746 0.689484126984127 0.5696924603174603 0.6970899470899471 0.5669642857142857 0.7066798941798942 0.5674603174603174
0 0.904431216931217 0.4697420634920635 0.9117063492063492 0.4756944444444444 0.9120370370370371 0.48387896825396826 0.904431216931217 0.4915674603174603 0.8948412698412699 0.49503968253968256 0.8842592592592593 0.4947916666666667 0.8766534391534392 0.4908234126984127 0.8733465608465608 0.48487103174603174 0.875 0.4774305555555556 0.8859126984126984 0.46924603174603174 0.8961640211640212 0.46825396825396826 0.9041005291005291 0.4697420634920635
0 0.4771825396825397 0.3343253968253968 0.48908730158730157 0.34052579365079366 0.49173280423280424 0.3489583333333333 0.48412698412698413 0.35813492063492064 0.4748677248677249 0.3601190476190476 0.4669312169312169 0.35987103174603174 0.4599867724867725 0.3559027777777778 0.45634920634920634 0.3447420634920635 0.4623015873015873 0.3373015873015873 0.47685185185185186 0.3343253968253968
0 0.6372354497354498 0.5099206349206349 0.6478174603174603 0.5131448412698413 0.6541005291005291 0.5218253968253969 0.6517857142857143 0.5300099206349206 0.6372354497354498 0.5369543650793651 0.6233465608465608 0.533234126984127 0.6187169312169312 0.5257936507936508 0.6223544973544973 0.515625 0.6369047619047619 0.5099206349206349
0 0.8353174603174603 0.49429563492063494 0.8485449735449735 0.4965277777777778 0.8525132275132276 0.5017361111111112 0.8495370370370371 0.513640873015873 0.8392857142857143 0.5190972222222222 0.826058201058201 0.5168650793650794 0.8201058201058201 0.5057043650793651 0.8237433862433863 0.498015873015873 0.8349867724867724 0.49429563492063494
0 0.8472222222222222 0.4479166666666667 0.861441798941799 0.45262896825396826 0.8660714285714286 0.4600694444444444 0.8637566137566137 0.46651785714285715 0.859457671957672 0.46999007936507936 0.8465608465608465 0.4732142857142857 0.8349867724867724 0.4694940476190476 0.8303571428571429 0.4652777777777778 0.8287037037037037 0.45982142857142855 0.833994708994709 0.45262896825396826 0.8468915343915344 0.4479166666666667
0 0.2585978835978836 0.5736607142857143 0.2708333333333333 0.5778769841269841 0.2744708994708995 0.5885416666666666 0.2691798941798942 0.5944940476190477 0.25595238095238093 0.5972222222222222 0.2443783068783069 0.5942460317460317 0.24074074074074073 0.5818452380952381 0.24768518518518517 0.5751488095238095 0.25826719576719576 0.5736607142857143
0 0.45006613756613756 0.5952380952380952 0.45965608465608465 0.6021825396825397 0.46164021164021163 0.6091269841269841 0.45634920634920634 0.6165674603174603 0.4460978835978836 0.6192956349206349 0.435515873015873 0.6165674603174603 0.4269179894179894 0.609375 0.4269179894179894 0.6051587301587301 0.43353174603174605 0.597718253968254 0.4417989417989418 0.5949900793650794 0.4497354497354497 0.5952380952380952
0 0.4546957671957672 0.48735119047619047 0.46494708994708994 0.4913194444444444 0.4689153439153439 0.4992559523809524 0.4646164021164021 0.5066964285714286 0.453042328042328 0.5109126984126984 0.43915343915343913 0.5086805555555556 0.435515873015873 0.5047123015873016 0.43452380952380953 0.498015873015873 0.4384920634920635 0.4905753968253968 0.44576719576719576 0.48735119047619047 0.45436507936507936 0.48735119047619047
0 0.7371031746031746 0.5126488095238095 0.7483465608465608 0.5173611111111112 0.7523148148148148 0.5295138888888888 0.7483465608465608 0.5339781746031746 0.7321428571428571 0.5389384920634921 0.7228835978835979 0.5367063492063492 0.7175925925925926 0.5235615079365079 0.7261904761904762 0.5143849206349206 0.7367724867724867 0.5126488095238095
0 0.40906084656084657 0.5887896825396826 0.4176587301587302 0.5922619047619048 0.421957671957672 0.5989583333333334 0.41898148148148145 0.6071428571428571 0.4044312169312169 0.6125992063492064 0.3931878306878307 0.6086309523809523 0.38955026455026454 0.5987103174603174 0.3955026455026455 0.5907738095238095 0.4087301587301587 0.5887896825396826
0 0.810515873015873 0.5012400793650794 0.8197751322751323 0.5047123015873016 0.8234126984126984 0.5163690476190477 0.8177910052910053 0.5238095238095238 0.8078703703703703 0.5267857142857143 0.8002645502645502 0.5262896825396826 0.7916666666666666 0.5225694444444444 0.7883597883597884 0.5186011904761905 0.7876984126984127 0.511656746031746 0.7946428571428571 0.5034722222222222 0.8101851851851852 0.5012400793650794
0 0.46296296296296297 0.42584325396825395 0.4708994708994709 0.42956349206349204 0.4751984126984127 0.43898809523809523 0.4712301587301587 0.44717261904761907 0.4632936507936508 0.45014880952380953 0.4487433862433862 0.4489087301587302 0.44212962962962965 0.439484126984127 0.44246031746031744 0.4350198412698413 0.45006613756613756 0.42782738095238093 0.45634920634920634 0.4253472222222222 0.4626322751322751 0.42584325396825395
0 0.7804232804232805 0.578125 0.7900132275132276 0.5818452380952381 0.794973544973545 0.5882936507936508 0.7896825396825397 0.5962301587301587 0.77744708994709 0.5999503968253969 0.7711640211640212 0.5992063492063492 0.7652116402116402 0.595734126984127 0.7622354497354498 0.5873015873015873 0.7668650793650794 0.5808531746031746 0.7800925925925926 0.578125
0 0.42956349206349204 0.5627480158730159 0.43882275132275134 0.5642361111111112 0.44576719576719576 0.5711805555555556 0.4427910052910053 0.582093253968254 0.43882275132275134 0.5853174603174603 0.43253968253968256 0.5865575396825397 0.4173280423280423 0.5833333333333334 0.4113756613756614 0.5749007936507936 0.4183201058201058 0.5659722222222222 0.42923280423280424 0.5627480158730159
0 0.27380952380952384 0.2767857142857143 0.28604497354497355 0.2805059523809524 0.2919973544973545 0.28943452380952384 0.28703703703703703 0.2996031746031746 0.2757936507936508 0.30282738095238093 0.265542328042328 0.29910714285714285 0.2585978835978836 0.2899305555555556 0.26157407407407407 0.28174603174603174 0.26521164021164023 0.2787698412698413 0.273478835978836 0.2767857142857143
0 0.5228174603174603 0.6917162698412699 0.533068783068783 0.6964285714285714 0.5386904761904762 0.705109126984127 0.5340608465608465 0.7145337301587301 0.5238095238095238 0.7185019841269841 0.5148809523809523 0.7180059523809523 0.5085978835978836 0.7150297619047619 0.5029761904761905 0.705109126984127 0.503968253968254 0.6996527777777778 0.5092592592592593 0.6946924603174603 0.5152116402116402 0.6919642857142857 0.5224867724867724 0.6917162698412699
0 0.42592592592592593 0.6364087301587301 0.43617724867724866 0.6398809523809523 0.4417989417989418 0.6470734126984127 0.439484126984127 0.6552579365079365 0.4289021164021164 0.6604662698412699 0.4150132275132275 0.658234126984127 0.41104497354497355 0.6552579365079365 0.4080687830687831 0.6483134920634921 0.4123677248677249 0.6401289682539683 0.4255952380952381 0.6364087301587301
0 0.8736772486772487 0.49776785714285715 0.8839285714285714 0.5022321428571429 0.8875661375661376 0.5109126984126984 0.8822751322751323 0.5188492063492064 0.8733465608465608 0.5215773809523809 0.8581349206349206 0.5200892857142857 0.8521825396825397 0.5121527777777778 0.8531746031746031 0.5049603174603174 0.8591269841269841 0.5 0.8733465608465608 0.49776785714285715
0 0.3978174603174603 0.3343253968253968 0.4074074074074074 0.3385416666666667 0.41104497354497355 0.345734126984127 0.4070767195767196 0.35367063492063494 0.3974867724867725 0.35887896825396826 0.3869047619047619 0.35813492063492064 0.3759920634920635 0.34871031746031744 0.376984126984127 0.3420138888888889 0.38095238095238093 0.33804563492063494 0.38955026455026454 0.3345734126984127 0.3974867724867725 0.3343253968253968
0 0.7807539682539683 0.5290178571428571 0.7939814814814815 0.535218253968254 0.794973544973545 0.5401785714285714 0.791005291005291 0.5498511904761905 0.7797619047619048 0.5543154761904762 0.7685185185185185 0.5528273809523809 0.7619047619047619 0.5396825396825397 0.7668650793650794 0.53125 0.7731481481481481 0.5287698412698413 0.7804232804232805 0.5290178571428571
0 0.2933201058201058 0.3318452380952381 0.30687830687830686 0.33804563492063494 0.30952380952380953 0.3454861111111111 0.30357142857142855 0.35342261904761907 0.291005291005291 0.35714285714285715 0.28273809523809523 0.3566468253968254 0.2767857142857143 0.35367063492063494 0.271494708994709 0.34350198412698413 0.27314814814814814 0.3385416666666667 0.2794312169312169 0.33308531746031744 0.29298941798941797 0.3318452380952381
0 0.5479497354497355 0.5163690476190477 0.5582010582010583 0.5208333333333334 0.5611772486772487 0.5267857142857143 0.5562169312169312 0.5362103174603174 0.5466269841269841 0.5399305555555556 0.5320767195767195 0.5362103174603174 0.5284391534391535 0.5260416666666666 0.5333994708994709 0.5178571428571429 0.5476190476190477 0.5163690476190477
0 0.24537037037037038 0.5012400793650794 0.25727513227513227 0.5047123015873016 0.2619047619047619 0.5109126984126984 0.25892857142857145 0.5193452380952381 0.24537037037037038 0.5250496031746031 0.2328042328042328 0.5223214285714286 0.2275132275132275 0.5131448412698413 0.22817460317460317 0.5084325396825397 0.23214285714285715 0.5047123015873016 0.24503968253968253 0.5012400793650794
0 0.4398148148148148 0.5233134920634921 0.45205026455026454 0.5260416666666666 0.4583333333333333 0.5327380952380952 0.4556878306878307 0.5431547619047619 0.4451058201058201 0.546875 0.43187830687830686 0.5438988095238095 0.42493386243386244 0.535218253968254 0.42493386243386244 0.5297619047619048 0.4279100529100529 0.5257936507936508 0.439484126984127 0.5233134920634921
0 0.8062169312169312 0.47767857142857145 0.8174603174603174 0.4818948412698413 0.8207671957671958 0.4880952380952381 0.814484126984127 0.49875992063492064 0.8045634920634921 0.5012400793650794 0.7933201058201058 0.5007440476190477 0.7880291005291006 0.4955357142857143 0.7857142857142857 0.4871031746031746 0.7933201058201058 0.47941468253968256 0.8058862433862434 0.47767857142857145
0 0.8703703703703703 0.529265873015873 0.8792989417989417 0.5362103174603174 0.8776455026455027 0.5438988095238095 0.871031746031746 0.5513392857142857 0.8591269841269841 0.5535714285714286 0.8472222222222222 0.5500992063492064 0.843915343915344 0.5434027777777778 0.8449074074074074 0.5369543650793651 0.8492063492063492 0.5319940476190477 0.8561507936507936 0.5290178571428571 0.8700396825396826 0.529265873015873
0 0.7096560846560847 0.5044642857142857 0.7182539682539683 0.5074404761904762 0.7238756613756614 0.5148809523809523 0.718915343915344 0.5240575396825397 0.7099867724867724 0.5277777777777778 0.6967592592592593 0.5257936507936508 0.6898148148148148 0.5173611111111112 0.6908068783068783 0.5121527777777778 0.6960978835978836 0.5069444444444444 0.7020502645502645 0.5044642857142857 0.7093253968253969 0.5044642857142857
0 0.6160714285714286 0.4595734126984127 0.626984126984127 0.4662698412698413 0.6279761904761905 0.47271825396825395 0.6207010582010583 0.48115079365079366 0.6124338624338624 0.4833829365079365 0.5988756613756614 0.48115079365079366 0.5945767195767195 0.47767857142857145 0.5916005291005291 0.47023809523809523 0.5949074074074074 0.46304563492063494 0.5992063492063492 0.45982142857142855 0.6157407407407407 0.4595734126984127
0 0.09126984126984126 0.3732638888888889 0.10085978835978836 0.37996031746031744 0.10185185185185185 0.38392857142857145 0.0992063492063492 0.3913690476190476 0.08862433862433862 0.3970734126984127 0.08134920634920635 0.39632936507936506 0.07175925925925926 0.39211309523809523 0.06746031746031746 0.38293650793650796 0.0701058201058201 0.3767361111111111 0.07506613756613757 0.37351190476190477 0.08101851851851852 0.37202380952380953 0.09093915343915344 0.3732638888888889
0 0.3776455026455027 0.6428571428571429 0.38492063492063494 0.6465773809523809 0.38822751322751325 0.6545138888888888 0.38425925925925924 0.6619543650793651 0.37367724867724866 0.6661706349206349 0.3644179894179894 0.6654265873015873 0.35912698412698413 0.6629464285714286 0.3551587301587302 0.6579861111111112 0.3544973544973545 0.6507936507936508 0.36408730158730157 0.642609126984127 0.3773148148148148 0.6428571428571429