0 0.6547619047619048 0.39831349206349204 0.6613756613756614 0.4017857142857143 0.6640211640211641 0.41195436507936506 0.6597222222222222 0.4184027777777778 0.6514550264550265 0.42162698412698413 0.6448412698412699 0.42137896825396826 0.6362433862433863 0.41790674603174605 0.6329365079365079 0.4069940476190476 0.6369047619047619 0.40054563492063494 0.6471560846560847 0.3975694444444444 0.654431216931217 0.39831349206349204
0 0.49107142857142855 0.32762896825396826 0.5026455026455027 0.33581349206349204 0.5023148148148148 0.3454861111111111 0.4914021164021164 0.35441468253968256 0.47784391534391535 0.3524305555555556 0.4732142857142857 0.34945436507936506 0.47023809523809523 0.3430059523809524 0.47023809523809523 0.3373015873015873 0.4738756613756614 0.3323412698412698 0.48048941798941797 0.3291170634920635 0.49074074074074076 0.32762896825396826
0 0.4150132275132275 0.3940972222222222 0.421957671957672 0.3978174603174603 0.42658730158730157 0.40749007936507936 0.42493386243386244 0.41443452380952384 0.4150132275132275 0.4201388888888889 0.4001322751322751 0.41889880952380953 0.39285714285714285 0.408234126984127 0.39914021164021163 0.39732142857142855 0.40674603174603174 0.3940972222222222 0.4146825396825397 0.3940972222222222
0 0.6359126984126984 0.3474702380952381 0.6474867724867724 0.35143849206349204 0.6517857142857143 0.3583829365079365 0.6491402116402116 0.36706349206349204 0.6372354497354498 0.3715277777777778 0.625 0.3697916666666667 0.6190476190476191 0.35813492063492064 0.6256613756613757 0.3489583333333333 0.6355820105820106 0.3474702380952381
0 0.2976190476190476 0.6907242063492064 0.30687830687830686 0.6964285714285714 0.3082010582010582 0.7038690476190477 0.30257936507936506 0.7135416666666666 0.2919973544973545 0.7172619047619048 0.28273809523809523 0.716765873015873 0.2757936507936508 0.7140376984126984 0.2718253968253968 0.7100694444444444 0.2701719576719577 0.7023809523809523 0.27314814814814814 0.6956845238095238 0.2787698412698413 0.691468253968254 0.28703703703703703 0.6892361111111112 0.29728835978835977 0.6907242063492064
0 0.6656746031746031 0.6455853174603174 0.6752645502645502 0.6515376984126984 0.6775793650793651 0.6614583333333334 0.6712962962962963 0.6686507936507936 0.6650132275132276 0.6706349206349206 0.6511243386243386 0.6674107142857143 0.6474867724867724 0.6631944444444444 0.646494708994709 0.6569940476190477 0.6474867724867724 0.6512896825396826 0.6511243386243386 0.6480654761904762 0.658068783068783 0.6453373015873016 0.6653439153439153 0.6455853174603174
0 0.5972222222222222 0.6753472222222222 0.6058201058201058 0.6820436507936508 0.6081349206349206 0.6902281746031746 0.6058201058201058 0.6964285714285714 0.5952380952380952 0.7013888888888888 0.580026455026455 0.6974206349206349 0.5767195767195767 0.6889880952380952 0.578042328042328 0.6832837301587301 0.5830026455026455 0.6785714285714286 0.5968915343915344 0.6753472222222222
0 0.6091269841269841 0.3529265873015873 0.6164021164021164 0.3556547619047619 0.6223544973544973 0.3618551587301587 0.6233465608465608 0.3697916666666667 0.6193783068783069 0.37624007936507936 0.6081349206349206 0.38169642857142855 0.5958994708994709 0.3777281746031746 0.5912698412698413 0.37351190476190477 0.5902777777777778 0.36607142857142855 0.5942460317460317 0.35887896825396826 0.5988756613756614 0.35540674603174605 0.6087962962962963 0.3531746031746032
0 0.5641534391534392 0.5560515873015873 0.5734126984126984 0.5572916666666666 0.5813492063492064 0.5620039682539683 0.5830026455026455 0.5711805555555556 0.578042328042328 0.5778769841269841 0.5707671957671958 0.5811011904761905 0.5634920634920635 0.5815972222222222 0.5558862433862434 0.5793650793650794 0.5505952380952381 0.5744047619047619 0.5505952380952381 0.5622519841269841 0.5572089947089947 0.5572916666666666 0.5638227513227513 0.5562996031746031
0 0.4947089947089947 0.6505456349206349 0.5026455026455027 0.6547619047619048 0.5062830687830688 0.6609623015873016 0.5049603174603174 0.669890873015873 0.4957010582010582 0.6755952380952381 0.48743386243386244 0.6753472222222222 0.478505291005291 0.6723710317460317 0.4732142857142857 0.6649305555555556 0.4738756613756614 0.6579861111111112 0.4771825396825397 0.6537698412698413 0.48313492063492064 0.6505456349206349 0.49437830687830686 0.6505456349206349
0 0.40906084656084657 0.6334325396825397 0.41798941798941797 0.6369047619047619 0.42328042328042326 0.6433531746031746 0.41964285714285715 0.6560019841269841 0.4113756613756614 0.660218253968254 0.40145502645502645 0.6597222222222222 0.3941798941798942 0.6564980158730159 0.38921957671957674 0.6465773809523809 0.39021164021164023 0.640625 0.3968253968253968 0.6351686507936508 0.4087301587301587 0.6334325396825397
0 0.5085978835978836 0.30927579365079366 0.5188492063492064 0.3152281746031746 0.5205026455026455 0.32490079365079366 0.5125661375661376 0.33308531746031744 0.501984126984127 0.3335813492063492 0.49074074074074076 0.32688492063492064 0.4894179894179894 0.31845238095238093 0.4947089947089947 0.3115079365079365 0.5016534391534392 0.3090277777777778 0.5082671957671958 0.30927579365079366
0 0.6676587301587301 0.3030753968253968 0.6755952380952381 0.30952380952380953 0.6769179894179894 0.31746031746031744 0.671957671957672 0.32514880952380953 0.6617063492063492 0.32762896825396826 0.6498015873015873 0.32415674603174605 0.6468253968253969 0.3209325396825397 0.6461640211640212 0.314484126984127 0.6498015873015873 0.30753968253968256 0.6547619047619048 0.3038194444444444 0.6673280423280423 0.3030753968253968
0 0.3005952380952381 0.4176587301587302 0.314484126984127 0.42311507936507936 0.3177910052910053 0.4283234126984127 0.31547619047619047 0.439484126984127 0.30456349206349204 0.4427083333333333 0.2919973544973545 0.4399801587301587 0.2857142857142857 0.43278769841269843 0.28835978835978837 0.42212301587301587 0.3002645502645503 0.4176587301587302
0 0.31746031746031744 0.3950892857142857 0.3273809523809524 0.39856150793650796 0.33366402116402116 0.40600198412698413 0.3323412698412698 0.4146825396825397 0.32771164021164023 0.4191468253968254 0.31746031746031744 0.42311507936507936 0.30357142857142855 0.41865079365079366 0.29927248677248675 0.4124503968253968 0.2996031746031746 0.4052579365079365 0.30257936507936506 0.4007936507936508 0.3072089947089947 0.39632936507936506 0.31712962962962965 0.3950892857142857
0 0.4451058201058201 0.6103670634920635 0.4566798941798942 0.6163194444444444 0.46130952380952384 0.6272321428571429 0.4573412698412698 0.6334325396825397 0.4503968253968254 0.6371527777777778 0.45436507936507936 0.6493055555555556 0.453042328042328 0.6572420634920635 0.44841269841269843 0.6622023809523809 0.43716931216931215 0.6669146825396826 0.42757936507936506 0.6649305555555556 0.4183201058201058 0.6569940476190477 0.4117063492063492 0.6604662698412699 0.39715608465608465 0.658234126984127 0.390542328042328 0.652281746031746 0.38921957671957674 0.6436011904761905 0.3968253968253968 0.6351686507936508 0.4037698412698413 0.6331845238095238 0.41633597883597884 0.6359126984126984 0.421957671957672 0.6416170634920635 0.42956349206349204 0.6393849206349206 0.4332010582010582 0.6369047619047619 0.42757936507936506 0.6274801587301587 0.4289021164021164 0.6168154761904762 0.435515873015873 0.6116071428571429 0.44477513227513227 0.6103670634920635
0 0.5998677248677249 0.3784722222222222 0.609457671957672 0.38318452380952384 0.6104497354497355 0.390625 0.6061507936507936 0.3968253968253968 0.5965608465608465 0.4010416666666667 0.5823412698412699 0.39732142857142855 0.5793650793650794 0.38665674603174605 0.583994708994709 0.37996031746031744 0.5916005291005291 0.3777281746031746 0.5995370370370371 0.3784722222222222
0 0.3488756613756614 0.39558531746031744 0.359457671957672 0.39732142857142855 0.36474867724867727 0.4010416666666667 0.3673941798941799 0.40922619047619047 0.3644179894179894 0.41443452380952384 0.357473544973545 0.41889880952380953 0.3488756613756614 0.41964285714285715 0.33895502645502645 0.4181547619047619 0.3343253968253968 0.41393849206349204 0.333994708994709 0.4007936507936508 0.3392857142857143 0.39732142857142855 0.34854497354497355 0.3958333333333333
0 0.5634920634920635 0.3142361111111111 0.5707671957671958 0.3189484126984127 0.5744047619047619 0.32862103174603174 0.5681216931216931 0.33705357142857145 0.5578703703703703 0.33903769841269843 0.5486111111111112 0.33556547619047616 0.542989417989418 0.32415674603174605 0.5499338624338624 0.3152281746031746 0.5631613756613757 0.3142361111111111
0 0.6137566137566137 0.7311507936507936 0.6233465608465608 0.7353670634920635 0.6299603174603174 0.7445436507936508 0.6266534391534392 0.7534722222222222 0.6170634920634921 0.7584325396825397 0.6051587301587301 0.7562003968253969 0.5972222222222222 0.7472718253968254 0.59755291005291 0.738343253968254 0.6011904761904762 0.7336309523809523 0.6091269841269841 0.7306547619047619 0.6134259259259259 0.7311507936507936
0 0.39186507936507936 0.46081349206349204 0.4044312169312169 0.4662698412698413 0.40773809523809523 0.47197420634920634 0.40773809523809523 0.47842261904761907 0.39880952380952384 0.4885912698412698 0.390542328042328 0.49032738095238093 0.37632275132275134 0.4861111111111111 0.373015873015873 0.4833829365079365 0.37136243386243384 0.47619047619047616 0.3726851851851852 0.46875 0.37632275132275134 0.4642857142857143 0.3835978835978836 0.46106150793650796 0.3915343915343915 0.46081349206349204
0 0.44675925925925924 0.6106150793650794 0.45701058201058203 0.6163194444444444 0.46164021164021163 0.6262400793650794 0.4576719576719577 0.6334325396825397 0.4494047619047619 0.6381448412698413 0.43253968253968256 0.6349206349206349 0.42724867724867727 0.626984126984127 0.43154761904761907 0.6138392857142857 0.43882275132275134 0.6106150793650794 0.44642857142857145 0.6106150793650794
0 0.3697089947089947 0.30580357142857145 0.376984126984127 0.3100198412698413 0.38095238095238093 0.3169642857142857 0.37896825396825395 0.32490079365079366 0.3707010582010582 0.3308531746031746 0.3548280423280423 0.32862103174603174 0.3482142857142857 0.3179563492063492 0.3498677248677249 0.310515873015873 0.3541666666666667 0.3070436507936508 0.3621031746031746 0.30505952380952384 0.36937830687830686 0.30580357142857145
0 0.46296296296296297 0.36259920634920634 0.4705687830687831 0.3648313492063492 0.47619047619047616 0.37202380952380953 0.4751984126984127 0.3814484126984127 0.47023809523809523 0.38566468253968256 0.4636243386243386 0.38764880952380953 0.4494047619047619 0.3854166666666667 0.4427910052910053 0.37648809523809523 0.4441137566137566 0.3695436507936508 0.44907407407407407 0.3645833333333333 0.4626322751322751 0.36259920634920634
0 0.2569444444444444 0.716765873015873 0.267526455026455 0.7204861111111112 0.2708333333333333 0.7318948412698413 0.26587301587301587 0.7410714285714286 0.25297619047619047 0.7455357142857143 0.2457010582010582 0.7447916666666666 0.23941798941798942 0.7415674603174603 0.23412698412698413 0.7346230158730159 0.23412698412698413 0.7301587301587301 0.24272486772486773 0.7197420634920635 0.2566137566137566 0.716765873015873
0 0.5929232804232805 0.7093253968253969 0.6028439153439153 0.7162698412698413 0.6044973544973545 0.7204861111111112 0.6025132275132276 0.7274305555555556 0.591931216931217 0.7346230158730159 0.5859788359788359 0.734375 0.5744047619047619 0.7291666666666666 0.5707671957671958 0.7197420634920635 0.5773809523809523 0.7115575396825397 0.583994708994709 0.7090773809523809 0.5925925925925926 0.7093253968253969
0 0.683531746031746 0.27728174603174605 0.6924603174603174 0.2795138888888889 0.6980820105820106 0.2864583333333333 0.6960978835978836 0.29464285714285715 0.6858465608465608 0.3013392857142857 0.673941798941799 0.3005952380952381 0.6689814814814815 0.296875 0.6673280423280423 0.29216269841269843 0.6716269841269841 0.28100198412698413 0.6832010582010583 0.27728174603174605
0 0.2916666666666667 0.3787202380952381 0.3019179894179894 0.3819444444444444 0.30787037037037035 0.39211309523809523 0.30456349206349204 0.3990575396825397 0.29398148148148145 0.40401785714285715 0.2800925925925926 0.40128968253968256 0.27314814814814814 0.390625 0.27976190476190477 0.3812003968253968 0.29133597883597884 0.3787202380952381
0 0.4947089947089947 0.36433531746031744 0.5059523809523809 0.37177579365079366 0.5072751322751323 0.37896825396825395 0.5026455026455027 0.38591269841269843 0.49404761904761907 0.3888888888888889 0.4837962962962963 0.38764880952380953 0.4771825396825397 0.3814484126984127 0.476521164021164 0.37624007936507936 0.4808201058201058 0.3678075396825397 0.49437830687830686 0.36433531746031744
0 0.5337301587301587 0.3219246031746032 0.5423280423280423 0.3244047619047619 0.5479497354497355 0.33581349206349204 0.5426587301587301 0.3430059523809524 0.531415343915344 0.3462301587301587 0.5257936507936508 0.3462301587301587 0.5185185185185185 0.34250992063492064 0.5158730158730159 0.3335813492063492 0.5221560846560847 0.32341269841269843 0.5333994708994709 0.3219246031746032
0 0.476521164021164 0.4201388888888889 0.48478835978835977 0.4228670634920635 0.4894179894179894 0.43154761904761907 0.48544973544973546 0.4399801587301587 0.4771825396825397 0.4444444444444444 0.4679232804232804 0.44320436507936506 0.46164021164021163 0.4399801587301587 0.458994708994709 0.4290674603174603 0.4656084656084656 0.42162698412698413 0.47619047619047616 0.4201388888888889
0 0.4480820105820106 0.423859126984127 0.4583333333333333 0.4283234126984127 0.4603174603174603 0.4367559523809524 0.45701058201058203 0.44246031746031744 0.44642857142857145 0.4476686507936508 0.43882275132275134 0.44717261904761907 0.4341931216931217 0.4446924603174603 0.42824074074074076 0.43526785714285715 0.4351851851851852 0.4253472222222222 0.44775132275132273 0.423859126984127
0 0.8736772486772487 0.7993551587301587 0.8819444444444444 0.8038194444444444 0.8859126984126984 0.8125 0.8839285714285714 0.8199404761904762 0.875 0.8246527777777778 0.8687169312169312 0.8246527777777778 0.859457671957672 0.8214285714285714 0.8541666666666666 0.8162202380952381 0.8528439153439153 0.8112599206349206 0.8544973544973545 0.8038194444444444 0.8581349206349206 0.8003472222222222 0.8733465608465608 0.7993551587301587
0 0.5433201058201058 0.3978174603174603 0.5532407407407407 0.40327380952380953 0.5555555555555556 0.4114583333333333 0.5509259259259259 0.4191468253968254 0.5396825396825397 0.42237103174603174 0.5281084656084656 0.41889880952380953 0.5234788359788359 0.41121031746031744 0.5291005291005291 0.40054563492063494 0.542989417989418 0.3978174603174603
0 0.5734126984126984 0.3707837301587302 0.5787037037037037 0.37351190476190477 0.5816798941798942 0.3804563492063492 0.5796957671957672 0.3854166666666667 0.5707671957671958 0.3898809523809524 0.560515873015873 0.38839285714285715 0.5545634920634921 0.3792162698412698 0.560515873015873 0.3715277777777778 0.5730820105820106 0.3707837301587302
0 0.513558201058201 0.3454861111111111 0.5224867724867724 0.34846230158730157 0.5284391534391535 0.35887896825396826 0.5261243386243386 0.36755952380952384 0.5142195767195767 0.373015873015873 0.5062830687830688 0.3722718253968254 0.49702380952380953 0.36681547619047616 0.4933862433862434 0.35962301587301587 0.49437830687830686 0.3539186507936508 0.5016534391534392 0.3472222222222222 0.5132275132275133 0.3454861111111111
0 0.5591931216931217 0.3402777777777778 0.5704365079365079 0.34399801587301587 0.5747354497354498 0.3509424603174603 0.5714285714285714 0.35987103174603174 0.5608465608465608 0.3645833333333333 0.5499338624338624 0.3628472222222222 0.5426587301587301 0.3524305555555556 0.5466269841269841 0.34424603174603174 0.5532407407407407 0.34052579365079366 0.5588624338624338 0.3402777777777778
0 0.44146825396825395 0.6369047619047619 0.4494047619047619 0.6391369047619048 0.45337301587301587 0.6455853174603174 0.4540343915343915 0.6545138888888888 0.44907407407407407 0.6617063492063492 0.43584656084656087 0.6669146825396826 0.42427248677248675 0.6626984126984127 0.4209656084656085 0.6530257936507936 0.4236111111111111 0.6436011904761905 0.435515873015873 0.6369047619047619 0.44113756613756616 0.6369047619047619
0 0.7301587301587301 0.27554563492063494 0.7377645502645502 0.28000992063492064 0.7397486772486772 0.2899305555555556 0.7341269841269841 0.29712301587301587 0.7245370370370371 0.3003472222222222 0.7126322751322751 0.2961309523809524 0.7096560846560847 0.2931547619047619 0.708994708994709 0.28621031746031744 0.7172619047619048 0.2770337301587302 0.7298280423280423 0.27554563492063494
0 0.8078703703703703 0.7108134920634921 0.8234126984126984 0.7172619047619048 0.8277116402116402 0.7269345238095238 0.8253968253968254 0.7341269841269841 0.8141534391534392 0.7388392857142857 0.7982804232804233 0.7348710317460317 0.7919973544973545 0.7271825396825397 0.7936507936507936 0.7162698412698413 0.7996031746031746 0.7120535714285714 0.8075396825396826 0.7108134920634921