0 0.6167328042328042 0.5639880952380952 0.6306216931216931 0.5677083333333334 0.6352513227513228 0.5744047619047619 0.6335978835978836 0.5850694444444444 0.6276455026455027 0.5900297619047619 0.6200396825396826 0.5922619047619048 0.6048280423280423 0.5885416666666666 0.5982142857142857 0.5798611111111112 0.6028439153439153 0.5682043650793651 0.6101190476190477 0.5642361111111112 0.6164021164021164 0.5639880952380952
0 0.728505291005291 0.5456349206349206 0.7404100529100529 0.5503472222222222 0.7430555555555556 0.5570436507936508 0.7380952380952381 0.5689484126984127 0.7275132275132276 0.5734126984126984 0.7119708994708994 0.5716765873015873 0.7046957671957672 0.564484126984127 0.7043650793650794 0.5572916666666666 0.7083333333333334 0.5500992063492064 0.7132936507936508 0.5466269841269841 0.7281746031746031 0.5456349206349206
0 0.6478174603174603 0.5828373015873016 0.6597222222222222 0.5882936507936508 0.6617063492063492 0.5992063492063492 0.6547619047619048 0.609375 0.6441798941798942 0.6121031746031746 0.6279761904761905 0.6068948412698413 0.6253306878306878 0.5982142857142857 0.6292989417989417 0.5900297619047619 0.6362433862433863 0.5840773809523809 0.6474867724867724 0.5828373015873016
0 0.5042989417989417 0.6723710317460317 0.5188492063492064 0.675843253968254 0.5257936507936508 0.6825396825396826 0.5234788359788359 0.6969246031746031 0.5188492063492064 0.701140873015873 0.5102513227513228 0.7023809523809523 0.49603174603174605 0.7001488095238095 0.4894179894179894 0.6892361111111112 0.49007936507936506 0.6815476190476191 0.4937169312169312 0.6760912698412699 0.498015873015873 0.6731150793650794 0.503968253968254 0.6723710317460317
0 0.6273148148148148 0.6063988095238095 0.6421957671957672 0.6128472222222222 0.6448412698412699 0.6240079365079365 0.6408730158730159 0.6304563492063492 0.626984126984127 0.6361607142857143 0.6127645502645502 0.6319444444444444 0.6068121693121693 0.6232638888888888 0.6121031746031746 0.6123511904761905 0.6167328042328042 0.6086309523809523 0.626984126984127 0.6063988095238095
0 0.71494708994709 0.6081349206349206 0.7251984126984127 0.6116071428571429 0.7298280423280423 0.6195436507936508 0.7281746031746031 0.6272321428571429 0.7179232804232805 0.6334325396825397 0.7037037037037037 0.6304563492063492 0.6987433862433863 0.6264880952380952 0.6964285714285714 0.6197916666666666 0.6977513227513228 0.6145833333333334 0.7020502645502645 0.6106150793650794 0.7146164021164021 0.6081349206349206
0 0.8287037037037037 0.5597718253968254 0.8412698412698413 0.5642361111111112 0.8465608465608465 0.5726686507936508 0.8432539682539683 0.582093253968254 0.8313492063492064 0.5882936507936508 0.8214285714285714 0.5880456349206349 0.8138227513227513 0.5855654761904762 0.8068783068783069 0.5798611111111112 0.8052248677248677 0.5753968253968254 0.8062169312169312 0.5682043650793651 0.8108465608465608 0.5627480158730159 0.8187830687830688 0.5600198412698413 0.8283730158730159 0.5597718253968254
0 0.5892857142857143 0.5203373015873016 0.5998677248677249 0.527281746031746 0.6028439153439153 0.5384424603174603 0.5972222222222222 0.5471230158730159 0.5859788359788359 0.5505952380952381 0.578042328042328 0.5498511904761905 0.5707671957671958 0.5453869047619048 0.5661375661375662 0.5396825396825397 0.5661375661375662 0.5344742063492064 0.5704365079365079 0.5257936507936508 0.578042328042328 0.5220734126984127 0.5889550264550265 0.5203373015873016
0 0.7757936507936508 0.470734126984127 0.7867063492063492 0.4771825396825397 0.7890211640211641 0.4871031746031746 0.783068783068783 0.49503968253968256 0.7662037037037037 0.5 0.7509920634920635 0.4928075396825397 0.7486772486772487 0.48834325396825395 0.7493386243386243 0.4809027777777778 0.753968253968254 0.4751984126984127 0.7615740740740741 0.4714781746031746 0.7754629629629629 0.470734126984127
0 0.36673280423280424 0.7212301587301587 0.37863756613756616 0.7269345238095238 0.3819444444444444 0.7306547619047619 0.3816137566137566 0.7346230158730159 0.3773148148148148 0.7442956349206349 0.37136243386243384 0.7482638888888888 0.36243386243386244 0.75 0.35284391534391535 0.7490079365079365 0.3468915343915344 0.746031746031746 0.34325396825396826 0.7405753968253969 0.34325396825396826 0.7338789682539683 0.35085978835978837 0.7234623015873016 0.35912698412698413 0.7209821428571429 0.3664021164021164 0.7212301587301587
0 0.3048941798941799 0.5555555555555556 0.3187830687830688 0.5597718253968254 0.3220899470899471 0.5639880952380952 0.32275132275132273 0.5714285714285714 0.3177910052910053 0.5798611111111112 0.30423280423280424 0.5845734126984127 0.296957671957672 0.5835813492063492 0.289021164021164 0.5788690476190477 0.2857142857142857 0.5669642857142857 0.2943121693121693 0.5570436507936508 0.30456349206349204 0.5555555555555556
0 0.46924603174603174 0.5213293650793651 0.4808201058201058 0.5257936507936508 0.48313492063492064 0.5372023809523809 0.47784391534391535 0.5463789682539683 0.46825396825396826 0.5493551587301587 0.45634920634920634 0.5476190476190477 0.44841269841269843 0.5399305555555556 0.4470899470899471 0.5357142857142857 0.4487433862433862 0.5300099206349206 0.4540343915343915 0.5250496031746031 0.4599867724867725 0.5213293650793651 0.4689153439153439 0.5213293650793651
0 0.45337301587301587 0.6532738095238095 0.4623015873015873 0.6599702380952381 0.4646164021164021 0.669890873015873 0.4619708994708995 0.6755952380952381 0.4497354497354497 0.683531746031746 0.4322089947089947 0.6805555555555556 0.4262566137566138 0.6750992063492064 0.42427248677248675 0.6681547619047619 0.42658730158730157 0.6609623015873016 0.4332010582010582 0.6540178571428571 0.43882275132275134 0.652281746031746 0.453042328042328 0.6532738095238095
0 0.4262566137566138 0.5255456349206349 0.43882275132275134 0.5275297619047619 0.44742063492063494 0.5364583333333334 0.44477513227513227 0.5473710317460317 0.435515873015873 0.5535714285714286 0.42956349206349204 0.5548115079365079 0.4193121693121693 0.5535714285714286 0.41369047619047616 0.5493551587301587 0.4107142857142857 0.542906746031746 0.4146825396825397 0.5327380952380952 0.419973544973545 0.5275297619047619 0.42592592592592593 0.5255456349206349
0 0.3148148148148148 0.5300099206349206 0.32341269841269843 0.5317460317460317 0.3290343915343915 0.5362103174603174 0.33134920634920634 0.5421626984126984 0.32771164021164023 0.5518353174603174 0.31746031746031744 0.5572916666666666 0.30092592592592593 0.5543154761904762 0.2953042328042328 0.5463789682539683 0.29563492063492064 0.5396825396825397 0.29894179894179895 0.5347222222222222 0.30753968253968256 0.5307539682539683 0.314484126984127 0.5300099206349206
0 0.4599867724867725 0.5825892857142857 0.4738756613756614 0.5868055555555556 0.4798280423280423 0.5947420634920635 0.4775132275132275 0.605406746031746 0.4632936507936508 0.6130952380952381 0.4480820105820106 0.6096230158730159 0.4398148148148148 0.5989583333333334 0.4408068783068783 0.5922619047619048 0.44576719576719576 0.5863095238095238 0.45965608465608465 0.5825892857142857
0 0.3488756613756614 0.59375 0.3601190476190476 0.5954861111111112 0.3680555555555556 0.6021825396825397 0.3697089947089947 0.6135912698412699 0.36474867724867727 0.623015873015873 0.3587962962962963 0.6262400793650794 0.3521825396825397 0.6264880952380952 0.3382936507936508 0.6220238095238095 0.33101851851851855 0.6160714285714286 0.3290343915343915 0.6071428571428571 0.33366402116402116 0.5982142857142857 0.34093915343915343 0.5944940476190477 0.34854497354497355 0.5939980158730159
0 0.3449074074074074 0.5084325396825397 0.35615079365079366 0.5131448412698413 0.36078042328042326 0.5225694444444444 0.35548941798941797 0.5329861111111112 0.34226190476190477 0.5381944444444444 0.3333333333333333 0.5374503968253969 0.32341269841269843 0.5314980158730159 0.31977513227513227 0.5210813492063492 0.328042328042328 0.5106646825396826 0.3445767195767196 0.5084325396825397
0 0.4828042328042328 0.4947916666666667 0.4904100529100529 0.4972718253968254 0.4947089947089947 0.5014880952380952 0.4976851851851852 0.5121527777777778 0.49173280423280424 0.5205853174603174 0.4808201058201058 0.5243055555555556 0.4632936507936508 0.5198412698412699 0.4593253968253968 0.5151289682539683 0.458994708994709 0.5084325396825397 0.4669312169312169 0.498015873015873 0.4755291005291005 0.4947916666666667 0.482473544973545 0.4947916666666667
0 0.3697089947089947 0.6832837301587301 0.37996031746031744 0.6892361111111112 0.38293650793650796 0.6999007936507936 0.37665343915343913 0.7113095238095238 0.36243386243386244 0.7175099206349206 0.35548941798941797 0.716765873015873 0.3445767195767196 0.7120535714285714 0.34093915343915343 0.7078373015873016 0.3402777777777778 0.699156746031746 0.3439153439153439 0.6909722222222222 0.3488756613756614 0.6865079365079365 0.36937830687830686 0.6832837301587301
0 0.5439814814814815 0.6403769841269841 0.5539021164021164 0.6465773809523809 0.5565476190476191 0.654265873015873 0.5509259259259259 0.6646825396825397 0.5396825396825397 0.6723710317460317 0.5307539682539683 0.6716269841269841 0.5241402116402116 0.6684027777777778 0.5211640211640212 0.6624503968253969 0.5211640211640212 0.6505456349206349 0.5261243386243386 0.6428571428571429 0.5340608465608465 0.6401289682539683 0.5436507936507936 0.6403769841269841
0 0.5066137566137566 0.636656746031746 0.5122354497354498 0.6378968253968254 0.519510582010582 0.6436011904761905 0.5211640211640212 0.654265873015873 0.5198412698412699 0.6614583333333334 0.5142195767195767 0.6651785714285714 0.5052910052910053 0.6669146825396826 0.4904100529100529 0.6639384920634921 0.48578042328042326 0.6574900793650794 0.48478835978835977 0.6500496031746031 0.48677248677248675 0.6438492063492064 0.49173280423280424 0.6393849206349206 0.5062830687830688 0.636656746031746
0 0.4401455026455027 0.6917162698412699 0.4470899470899471 0.6954365079365079 0.45337301587301587 0.7041170634920635 0.45436507936507936 0.7105654761904762 0.45006613756613756 0.7194940476190477 0.43915343915343913 0.7254464285714286 0.4203042328042328 0.7212301587301587 0.41369047619047616 0.7150297619047619 0.41203703703703703 0.7043650793650794 0.4146825396825397 0.6969246031746031 0.4212962962962963 0.6922123015873016 0.43022486772486773 0.6902281746031746 0.4398148148148148 0.6917162698412699
0 0.8488756613756614 0.5915178571428571 0.8607804232804233 0.5949900793650794 0.8667328042328042 0.6041666666666666 0.8637566137566137 0.6130952380952381 0.8568121693121693 0.6175595238095238 0.8498677248677249 0.6190476190476191 0.8359788359788359 0.6163194444444444 0.8306878306878307 0.6128472222222222 0.8267195767195767 0.6063988095238095 0.8277116402116402 0.5992063492063492 0.8326719576719577 0.5942460317460317 0.8382936507936508 0.5915178571428571 0.8485449735449735 0.5915178571428571
0 0.20734126984126985 0.535218253968254 0.21726190476190477 0.5394345238095238 0.2222222222222222 0.5458829365079365 0.22288359788359788 0.5513392857142857 0.21693121693121692 0.5600198412698413 0.207010582010582 0.5639880952380952 0.1908068783068783 0.5610119047619048 0.18551587301587302 0.5570436507936508 0.18353174603174602 0.5520833333333334 0.18518518518518517 0.5438988095238095 0.19014550264550265 0.5389384920634921 0.207010582010582 0.535218253968254
0 0.4080687830687831 0.5084325396825397 0.4183201058201058 0.5153769841269841 0.4209656084656085 0.5218253968253969 0.419973544973545 0.5270337301587301 0.4087301587301587 0.5379464285714286 0.39351851851851855 0.5364583333333334 0.38657407407407407 0.5297619047619048 0.3845899470899471 0.5225694444444444 0.390542328042328 0.5126488095238095 0.40773809523809523 0.5084325396825397
0 0.4695767195767196 0.6277281746031746 0.4808201058201058 0.6331845238095238 0.48478835978835977 0.6448412698412699 0.48115079365079366 0.6517857142857143 0.46726190476190477 0.6572420634920635 0.44775132275132273 0.6520337301587301 0.4444444444444444 0.6408730158730159 0.4460978835978836 0.6361607142857143 0.453042328042328 0.6304563492063492 0.46924603174603174 0.6277281746031746
0 0.3723544973544973 0.45436507936507936 0.38392857142857145 0.4595734126984127 0.38855820105820105 0.4704861111111111 0.3835978835978836 0.47767857142857145 0.37003968253968256 0.4826388888888889 0.3621031746031746 0.4816468253968254 0.3551587301587302 0.4771825396825397 0.35119047619047616 0.4714781746031746 0.3505291005291005 0.4650297619047619 0.3621031746031746 0.4556051587301587 0.37202380952380953 0.45436507936507936
0 0.32175925925925924 0.5793650793650794 0.33201058201058203 0.5848214285714286 0.3353174603174603 0.5954861111111112 0.328042328042328 0.6063988095238095 0.3177910052910053 0.6098710317460317 0.30886243386243384 0.6091269841269841 0.30158730158730157 0.605406746031746 0.2976190476190476 0.5942460317460317 0.30224867724867727 0.5863095238095238 0.32142857142857145 0.5793650793650794
0 0.37996031746031744 0.5617559523809523 0.3872354497354497 0.5647321428571429 0.39451058201058203 0.5734126984126984 0.3915343915343915 0.5835813492063492 0.38062169312169314 0.5895337301587301 0.3644179894179894 0.5882936507936508 0.35912698412698413 0.5850694444444444 0.35648148148148145 0.5788690476190477 0.35813492063492064 0.5699404761904762 0.36342592592592593 0.5647321428571429 0.37962962962962965 0.5617559523809523
0 0.15674603174603174 0.5476190476190477 0.16832010582010581 0.5513392857142857 0.17328042328042328 0.5617559523809523 0.16865079365079366 0.5719246031746031 0.15376984126984128 0.5768849206349206 0.14087301587301587 0.5746527777777778 0.1335978835978836 0.5634920634920635 0.1349206349206349 0.5567956349206349 0.1402116402116402 0.5500992063492064 0.15641534391534392 0.5476190476190477
0 0.4312169312169312 0.7237103174603174 0.44312169312169314 0.7291666666666666 0.44576719576719576 0.7408234126984127 0.43915343915343913 0.7514880952380952 0.42757936507936506 0.7552083333333334 0.4209656084656085 0.7549603174603174 0.41369047619047616 0.7509920634920635 0.40906084656084657 0.7450396825396826 0.40773809523809523 0.7373511904761905 0.4146825396825397 0.7264384920634921 0.4212962962962963 0.7232142857142857 0.4308862433862434 0.7237103174603174
0 0.4001322751322751 0.5860615079365079 0.41104497354497355 0.5915178571428571 0.41335978835978837 0.6029265873015873 0.4080687830687831 0.6108630952380952 0.3994708994708995 0.6130952380952381 0.38392857142857145 0.6098710317460317 0.3783068783068783 0.5982142857142857 0.38062169312169314 0.5912698412698413 0.38591269841269843 0.5877976190476191 0.3998015873015873 0.5860615079365079
0 0.7797619047619048 0.5270337301587301 0.792989417989418 0.53125 0.7982804232804233 0.5396825396825397 0.7943121693121693 0.5510912698412699 0.7797619047619048 0.5577876984126984 0.7648809523809523 0.5545634920634921 0.7592592592592593 0.5500992063492064 0.7566137566137566 0.5441468253968254 0.7615740740740741 0.5329861111111112 0.7685185185185185 0.5290178571428571 0.779431216931217 0.5270337301587301
0 0.7542989417989417 0.4945436507936508 0.765542328042328 0.5009920634920635 0.7678571428571429 0.511656746031746 0.7592592592592593 0.5193452380952381 0.7483465608465608 0.5220734126984127 0.7380952380952381 0.5210813492063492 0.7334656084656085 0.5186011904761905 0.7288359788359788 0.5121527777777778 0.7288359788359788 0.5064484126984127 0.7377645502645502 0.49677579365079366 0.753968253968254 0.4945436507936508
0 0.3425925925925926 0.435515873015873 0.3558201058201058 0.43799603174603174 0.3630952380952381 0.4461805555555556 0.3584656084656085 0.4575892857142857 0.34523809523809523 0.4642857142857143 0.33134920634920634 0.4615575396825397 0.32572751322751325 0.45362103174603174 0.3290343915343915 0.4412202380952381 0.3349867724867725 0.4367559523809524 0.34226190476190477 0.435515873015873
0 0.5380291005291006 0.6009424603174603 0.548941798941799 0.6056547619047619 0.5535714285714286 0.6123511904761905 0.5505952380952381 0.6242559523809523 0.5383597883597884 0.6304563492063492 0.5224867724867724 0.6259920634920635 0.5185185185185185 0.6225198412698413 0.515542328042328 0.6140873015873016 0.5198412698412699 0.6056547619047619 0.5271164021164021 0.6021825396825397 0.5376984126984127 0.6009424603174603
0 0.5509259259259259 0.517609126984127 0.5628306878306878 0.5225694444444444 0.5661375661375662 0.5265376984126984 0.566468253968254 0.5322420634920635 0.5628306878306878 0.5396825396825397 0.5542328042328042 0.5436507936507936 0.5472883597883598 0.5443948412698413 0.5363756613756614 0.5421626984126984 0.529431216931217 0.5327380952380952 0.5353835978835979 0.5215773809523809 0.5423280423280423 0.5183531746031746 0.5505952380952381 0.517609126984127
0 0.5188492063492064 0.5295138888888888 0.5287698412698413 0.5329861111111112 0.5347222222222222 0.5424107142857143 0.533068783068783 0.5503472222222222 0.5257936507936508 0.5570436507936508 0.5188492063492064 0.5597718253968254 0.5119047619047619 0.5597718253968254 0.5009920634920635 0.5533234126984127 0.498015873015873 0.5473710317460317 0.5016534391534392 0.5359623015873016 0.5092592592592593 0.53125 0.5185185185185185 0.5297619047619048
0 0.5747354497354498 0.6277281746031746 0.5859788359788359 0.6326884920634921 0.58994708994709 0.6393849206349206 0.5863095238095238 0.6517857142857143 0.5747354497354498 0.6560019841269841 0.5595238095238095 0.6537698412698413 0.5529100529100529 0.6438492063492064 0.5568783068783069 0.6341765873015873 0.5648148148148148 0.6292162698412699 0.5744047619047619 0.6277281746031746
0 0.609457671957672 0.49851190476190477 0.6200396825396826 0.5034722222222222 0.623015873015873 0.5126488095238095 0.6173941798941799 0.5228174603174603 0.6031746031746031 0.5275297619047619 0.5876322751322751 0.519593253968254 0.5856481481481481 0.5119047619047619 0.5886243386243386 0.5054563492063492 0.5952380952380952 0.5 0.6091269841269841 0.49851190476190477
0 0.47156084656084657 0.6750992063492064 0.4781746031746032 0.6770833333333334 0.484457671957672 0.6820436507936508 0.4904100529100529 0.6941964285714286 0.48478835978835977 0.7041170634920635 0.4742063492063492 0.7088293650793651 0.45634920634920634 0.7048611111111112 0.44775132275132273 0.6927083333333334 0.4494047619047619 0.685515873015873 0.45535714285714285 0.6800595238095238 0.46296296296296297 0.6760912698412699 0.4712301587301587 0.6750992063492064
0 0.40244708994708994 0.7053571428571429 0.41203703703703703 0.7125496031746031 0.4130291005291005 0.7204861111111112 0.40575396825396826 0.7306547619047619 0.3955026455026455 0.7348710317460317 0.3869047619047619 0.734375 0.38095238095238093 0.7313988095238095 0.37466931216931215 0.7239583333333334 0.37433862433862436 0.7165178571428571 0.3835978835978836 0.7068452380952381 0.4021164021164021 0.7053571428571429