0 0.34953703703703703 0.41369047619047616 0.37003968253968256 0.42038690476190477 0.3816137566137566 0.4305555555555556 0.3878968253968254 0.44345238095238093 0.3872354497354497 0.4585813492063492 0.38062169312169314 0.47098214285714285 0.36078042328042326 0.4880952380952381 0.3478835978835979 0.49330357142857145 0.3263888888888889 0.49603174603174605 0.31415343915343913 0.49330357142857145 0.28273809523809523 0.4670138888888889 0.2794312169312169 0.46056547619047616 0.2800925925925926 0.4494047619047619 0.2857142857142857 0.43625992063492064 0.2976190476190476 0.42509920634920634 0.31746031746031744 0.4166666666666667 0.3349867724867725 0.41369047619047616 0.3492063492063492 0.41369047619047616
0 0.853505291005291 0.49851190476190477 0.8743386243386243 0.503968253968254 0.8908730158730159 0.5133928571428571 0.9037698412698413 0.5389384920634921 0.9021164021164021 0.5513392857142857 0.8958333333333334 0.5602678571428571 0.8842592592592593 0.5677083333333334 0.8664021164021164 0.5729166666666666 0.8250661375661376 0.5657242063492064 0.8151455026455027 0.5620039682539683 0.8048941798941799 0.5535714285714286 0.7982804232804233 0.5389384920634921 0.798941798941799 0.5255456349206349 0.8115079365079365 0.5124007936507936 0.8359788359788359 0.5002480158730159 0.8531746031746031 0.49851190476190477
0 0.6521164021164021 0.5734126984126984 0.6712962962962963 0.5773809523809523 0.683531746031746 0.5845734126984127 0.6941137566137566 0.5994543650793651 0.6951058201058201 0.6148313492063492 0.6908068783068783 0.6302083333333334 0.6759259259259259 0.644593253968254 0.6683201058201058 0.6488095238095238 0.6504629629629629 0.6527777777777778 0.6378968253968254 0.6515376984126984 0.6160714285714286 0.6413690476190477 0.6025132275132276 0.6304563492063492 0.5992063492063492 0.6185515873015873 0.6008597883597884 0.6059027777777778 0.6121031746031746 0.5838293650793651 0.6233465608465608 0.5771329365079365 0.6408730158730159 0.5734126984126984 0.6517857142857143 0.5734126984126984
0 0.48974867724867727 0.3851686507936508 0.5052910052910053 0.38665674603174605 0.5231481481481481 0.3933531746031746 0.5373677248677249 0.4079861111111111 0.5419973544973545 0.421875 0.5403439153439153 0.43427579365079366 0.5261243386243386 0.4556051587301587 0.5082671957671958 0.4642857142857143 0.49107142857142855 0.4662698412698413 0.4689153439153439 0.45982142857142855 0.4497354497354497 0.4496527777777778 0.43816137566137564 0.4255952380952381 0.44146825396825395 0.41418650793650796 0.45701058201058203 0.3940972222222222 0.4699074074074074 0.38665674603174605 0.4894179894179894 0.3851686507936508
0 0.7017195767195767 0.8358134920634921 0.7166005291005291 0.8410218253968254 0.728505291005291 0.8514384920634921 0.7341269841269841 0.8591269841269841 0.7351190476190477 0.8707837301587301 0.7288359788359788 0.8975694444444444 0.707010582010582 0.9084821428571429 0.6924603174603174 0.9109623015873016 0.6712962962962963 0.9087301587301587 0.6511243386243386 0.9005456349206349 0.640542328042328 0.8844246031746031 0.6388888888888888 0.8660714285714286 0.6498015873015873 0.8482142857142857 0.6623677248677249 0.8400297619047619 0.6716269841269841 0.8373015873015873 0.7013888888888888 0.8358134920634921
0 0.5572089947089947 0.5456349206349206 0.5747354497354498 0.5486111111111112 0.591931216931217 0.5607638888888888 0.5998677248677249 0.5739087301587301 0.6025132275132276 0.5838293650793651 0.5988756613756614 0.5987103174603174 0.5902777777777778 0.6096230158730159 0.5803571428571429 0.6173115079365079 0.5611772486772487 0.6212797619047619 0.5472883597883598 0.6200396825396826 0.5125661375661376 0.6039186507936508 0.5082671957671958 0.5979662698412699 0.5056216931216931 0.5833333333333334 0.5079365079365079 0.5674603174603174 0.5224867724867724 0.5523313492063492 0.5370370370370371 0.5466269841269841 0.5568783068783069 0.5456349206349206
0 0 0.05927579365079365 0.015542328042328041 0.06299603174603174 0.026455026455026454 0.07093253968253968 0.03670634920634921 0.08506944444444445 0.03935185185185185 0.09672619047619048 0.037037037037037035 0.11036706349206349 0.030753968253968252 0.1212797619047619 0.018518518518518517 0.13045634920634921 0 0.13690476190476192 0 0.05952380952380952
0 0.515542328042328 0.7251984126984127 0.5390211640211641 0.7299107142857143 0.5512566137566137 0.7375992063492064 0.5615079365079365 0.7507440476190477 0.564484126984127 0.7651289682539683 0.5625 0.7762896825396826 0.5479497354497355 0.7934027777777778 0.5400132275132276 0.7976190476190477 0.5191798941798942 0.8025793650793651 0.5049603174603174 0.8020833333333334 0.4798280423280423 0.7938988095238095 0.4656084656084656 0.7829861111111112 0.4619708994708995 0.7690972222222222 0.4662698412698413 0.7495039682539683 0.47784391534391535 0.7371031746031746 0.49867724867724866 0.7269345238095238 0.5152116402116402 0.7251984126984127
0 0.21164021164021163 0 0.29398148148148145 0 0.28273809523809523 0.011656746031746032 0.2757936507936508 0.015873015873015872 0.26322751322751325 0.019345238095238096 0.23544973544973544 0.017609126984126984 0.2166005291005291 0.006944444444444444 0.21164021164021163 0.000248015873015873
0 0.17724867724867724 0.5009920634920635 0.19014550264550265 0.5032242063492064 0.19973544973544974 0.5076884920634921 0.20734126984126985 0.5198412698412699 0.21031746031746032 0.5396825396825397 0.20105820105820105 0.5550595238095238 0.18882275132275134 0.5632440476190477 0.17195767195767195 0.5677083333333334 0.1527777777777778 0.5689484126984127 0.13921957671957672 0.5677083333333334 0.12235449735449735 0.5620039682539683 0.11078042328042328 0.5354662698412699 0.10912698412698413 0.5173611111111112 0.11673280423280423 0.5089285714285714 0.1302910052910053 0.5049603174603174 0.17691798941798942 0.5009920634920635
0 0.6825396825396826 0.6917162698412699 0.7013888888888888 0.6941964285714286 0.7195767195767195 0.7021329365079365 0.7275132275132276 0.7127976190476191 0.7301587301587301 0.7247023809523809 0.728505291005291 0.7420634920634921 0.7212301587301587 0.7534722222222222 0.7046957671957672 0.7653769841269841 0.6861772486772487 0.7678571428571429 0.658068783068783 0.7633928571428571 0.640542328042328 0.7559523809523809 0.6319444444444444 0.7467757936507936 0.626984126984127 0.7316468253968254 0.628968253968254 0.7194940476190477 0.6365740740740741 0.7088293650793651 0.6478174603174603 0.6989087301587301 0.6653439153439153 0.6924603174603174 0.6822089947089947 0.6917162698412699
0 0.7833994708994709 0.8442460317460317 0.7956349206349206 0.8464781746031746 0.8148148148148148 0.8559027777777778 0.8230820105820106 0.8663194444444444 0.8263888888888888 0.8777281746031746 0.8250661375661376 0.890625 0.8161375661375662 0.9087301587301587 0.8005952380952381 0.9184027777777778 0.7893518518518519 0.9206349206349206 0.7748015873015873 0.9201388888888888 0.7585978835978836 0.9149305555555556 0.7440476190476191 0.9047619047619048 0.7361111111111112 0.8938492063492064 0.7374338624338624 0.8720238095238095 0.7437169312169312 0.859375 0.7582671957671958 0.847718253968254 0.7688492063492064 0.8442460317460317 0.783068783068783 0.8442460317460317
0 0.9712301587301587 0.5324900793650794 0.9837962962962963 0.5342261904761905 0.9996693121693122 0.5431547619047619 0.9996693121693122 0.6001984126984127 0.9884259259259259 0.6071428571428571 0.978505291005291 0.6103670634920635 0.9623015873015873 0.6096230158730159 0.935515873015873 0.6026785714285714 0.9206349206349206 0.5915178571428571 0.9110449735449735 0.5793650793650794 0.908068783068783 0.5716765873015873 0.9103835978835979 0.5622519841269841 0.9249338624338624 0.5453869047619048 0.9540343915343915 0.535218253968254 0.9708994708994709 0.5324900793650794
0 0.3158068783068783 0.20560515873015872 0.33796296296296297 0.21006944444444445 0.3525132275132275 0.21676587301587302 0.36342592592592593 0.2296626984126984 0.3707010582010582 0.24404761904761904 0.37103174603174605 0.2552083333333333 0.3611111111111111 0.27554563492063494 0.3525132275132275 0.28075396825396826 0.3386243386243386 0.28348214285714285 0.3101851851851852 0.28100198412698413 0.2943121693121693 0.2760416666666667 0.2830687830687831 0.26884920634920634 0.2757936507936508 0.25669642857142855 0.2757936507936508 0.2442956349206349 0.2863756613756614 0.2170138888888889 0.2959656084656085 0.21006944444444445 0.31547619047619047 0.20560515873015872
0 0.703042328042328 0.44915674603174605 0.7212301587301587 0.4558531746031746 0.7384259259259259 0.46999007936507936 0.7427248677248677 0.4779265873015873 0.7430555555555556 0.49231150793650796 0.7377645502645502 0.5049603174603174 0.7268518518518519 0.5161210317460317 0.7132936507936508 0.5220734126984127 0.6997354497354498 0.5245535714285714 0.6825396825396826 0.5238095238095238 0.671957671957672 0.5208333333333334 0.6471560846560847 0.4962797619047619 0.644510582010582 0.48586309523809523 0.6501322751322751 0.46825396825396826 0.6597222222222222 0.45907738095238093 0.6785714285714286 0.451140873015873 0.7027116402116402 0.44915674603174605
0 0.040674603174603176 0.44742063492063494 0.06117724867724868 0.45163690476190477 0.08498677248677249 0.466765873015873 0.09259259259259259 0.47941468253968256 0.09523809523809523 0.49851190476190477 0.08961640211640212 0.5091765873015873 0.0763888888888889 0.5171130952380952 0.06183862433862434 0.5200892857142857 0.03042328042328042 0.5220734126984127 0.011904761904761904 0.519593253968254 0 0.5133928571428571 0 0.4603174603174603 0.015542328042328041 0.451140873015873 0.04034391534391534 0.44742063492063494
0 0.09093915343915344 0.3705357142857143 0.10945767195767196 0.3725198412698413 0.12731481481481483 0.38244047619047616 0.13690476190476192 0.3960813492063492 0.13921957671957672 0.4087301587301587 0.1359126984126984 0.41889880952380953 0.1283068783068783 0.42584325396825395 0.10251322751322751 0.4419642857142857 0.08465608465608465 0.4446924603174603 0.06018518518518518 0.44345238095238093 0.04894179894179894 0.43700396825396826 0.0419973544973545 0.42162698412698413 0.041005291005291 0.39732142857142855 0.04662698412698413 0.3871527777777778 0.059854497354497355 0.37648809523809523 0.07076719576719577 0.3722718253968254 0.09060846560846561 0.3705357142857143
0 0.35615079365079366 0.2857142857142857 0.3697089947089947 0.2899305555555556 0.38326719576719576 0.30009920634920634 0.39087301587301587 0.31473214285714285 0.3921957671957672 0.328125 0.3898809523809524 0.3392857142857143 0.3845899470899471 0.3464781746031746 0.3488756613756614 0.35887896825396826 0.3343253968253968 0.35813492063492064 0.3098544973544973 0.3454861111111111 0.3039021164021164 0.3382936507936508 0.30092592592592593 0.3167162698412698 0.3062169312169312 0.3030753968253968 0.31646825396825395 0.2916666666666667 0.3247354497354497 0.2881944444444444 0.3558201058201058 0.2857142857142857
0 0.9609788359788359 0.855406746031746 0.9801587301587301 0.8581349206349206 0.9910714285714286 0.8658234126984127 0.9966931216931217 0.8774801587301587 0.9996693121693122 0.9069940476190477 0.9927248677248677 0.9174107142857143 0.9811507936507936 0.9255952380952381 0.9560185185185185 0.9322916666666666 0.9358465608465608 0.9290674603174603 0.9156746031746031 0.9196428571428571 0.9041005291005291 0.9005456349206349 0.9031084656084656 0.8891369047619048 0.908068783068783 0.8764880952380952 0.9176587301587301 0.8675595238095238 0.9434523809523809 0.8578869047619048 0.9606481481481481 0.855406746031746
0 0.2662037037037037 0.46899801587301587 0.2863756613756614 0.4732142857142857 0.30654761904761907 0.49032738095238093 0.31216931216931215 0.498015873015873 0.3134920634920635 0.5143849206349206 0.3091931216931217 0.5233134920634921 0.28406084656084657 0.5401785714285714 0.26521164021164023 0.5456349206349206 0.251984126984127 0.5458829365079365 0.23809523809523808 0.5436507936507936 0.2222222222222222 0.5339781746031746 0.21329365079365079 0.5193452380952381 0.21197089947089948 0.5027281746031746 0.21626984126984128 0.49107142857142855 0.22321428571428573 0.48387896825396826 0.25165343915343913 0.46999007936507936 0.26587301587301587 0.46899801587301587
0 0.210978835978836 0.3695436507936508 0.22982804232804233 0.3722718253968254 0.24272486772486773 0.3802083333333333 0.25297619047619047 0.3948412698412698 0.26025132275132273 0.41517857142857145 0.2566137566137566 0.4236111111111111 0.24239417989417988 0.4340277777777778 0.22784391534391535 0.43973214285714285 0.21064814814814814 0.4417162698412698 0.19907407407407407 0.4375 0.17923280423280424 0.4246031746031746 0.1650132275132275 0.42038690476190477 0.16005291005291006 0.41443452380952384 0.15773809523809523 0.4020337301587302 0.16104497354497355 0.38665674603174605 0.16865079365079366 0.37896825396825395 0.18981481481481483 0.3705357142857143 0.21064814814814814 0.3695436507936508
0 0.6511243386243386 0.3695436507936508 0.6646825396825397 0.373015873015873 0.6795634920634921 0.3804563492063492 0.689484126984127 0.390625 0.6964285714285714 0.404265873015873 0.6960978835978836 0.41443452380952384 0.6898148148148148 0.4290674603174603 0.6785714285714286 0.43973214285714285 0.6640211640211641 0.44642857142857145 0.6299603174603174 0.44518849206349204 0.6101190476190477 0.4402281746031746 0.6011904761904762 0.43353174603174605 0.58994708994709 0.4124503968253968 0.5916005291005291 0.3970734126984127 0.5988756613756614 0.3869047619047619 0.6091269841269841 0.37822420634920634 0.6266534391534392 0.3705357142857143 0.6507936507936508 0.3695436507936508
0 0.841931216931217 0.5691964285714286 0.8558201058201058 0.5719246031746031 0.8720238095238095 0.5813492063492064 0.8809523809523809 0.5920138888888888 0.8859126984126984 0.6059027777777778 0.8842592592592593 0.6180555555555556 0.8756613756613757 0.6307043650793651 0.8597883597883598 0.6393849206349206 0.843584656084656 0.6428571428571429 0.8349867724867724 0.642609126984127 0.816468253968254 0.6341765873015873 0.8015873015873016 0.6302083333333334 0.792989417989418 0.6235119047619048 0.7873677248677249 0.6101190476190477 0.7926587301587301 0.5887896825396826 0.798941798941799 0.5808531746031746 0.8181216931216931 0.5706845238095238 0.8416005291005291 0.5691964285714286
0 0.1712962962962963 0.23015873015873015 0.1832010582010582 0.23214285714285715 0.20436507936507936 0.2400793650793651 0.21461640211640212 0.2509920634920635 0.21858465608465608 0.263640873015873 0.21461640211640212 0.28125 0.2056878306878307 0.2943948412698413 0.1927910052910053 0.30183531746031744 0.17195767195767195 0.30505952380952384 0.15343915343915343 0.30431547619047616 0.1302910052910053 0.29662698412698413 0.11838624338624339 0.2829861111111111 0.11375661375661375 0.2693452380952381 0.11441798941798942 0.25396825396825395 0.11970899470899471 0.24379960317460317 0.14616402116402116 0.23288690476190477 0.17096560846560846 0.23015873015873015
0 0.3290343915343915 0.5240575396825397 0.34523809523809523 0.5265376984126984 0.3664021164021164 0.5349702380952381 0.3802910052910053 0.5481150793650794 0.3869047619047619 0.5602678571428571 0.3872354497354497 0.5751488095238095 0.37962962962962965 0.5890376984126984 0.3683862433862434 0.5987103174603174 0.34325396825396826 0.607390873015873 0.31812169312169314 0.6034226190476191 0.29728835978835977 0.5935019841269841 0.2847222222222222 0.5778769841269841 0.27843915343915343 0.5642361111111112 0.28075396825396826 0.5500992063492064 0.28935185185185186 0.5389384920634921 0.3062169312169312 0.5285218253968254 0.3287037037037037 0.5240575396825397
0 0.24834656084656084 0.5627480158730159 0.2662037037037037 0.5672123015873016 0.2787698412698413 0.5749007936507936 0.2896825396825397 0.589781746031746 0.2959656084656085 0.6051587301587301 0.29398148148148145 0.6163194444444444 0.2843915343915344 0.6272321428571429 0.27546296296296297 0.6319444444444444 0.24834656084656084 0.6383928571428571 0.22883597883597884 0.6374007936507936 0.21329365079365079 0.6304563492063492 0.2027116402116402 0.6197916666666666 0.19775132275132276 0.6026785714285714 0.20205026455026456 0.5815972222222222 0.20965608465608465 0.5719246031746031 0.21825396825396826 0.5667162698412699 0.230489417989418 0.5632440476190477 0.24801587301587302 0.5627480158730159
0 0.30753968253968256 0.35143849206349204 0.3263888888888889 0.35813492063492064 0.3396164021164021 0.3680555555555556 0.34656084656084657 0.38070436507936506 0.3468915343915344 0.39955357142857145 0.3416005291005291 0.40922619047619047 0.3012566137566138 0.42212301587301587 0.2919973544973545 0.42336309523809523 0.2800925925925926 0.42237103174603174 0.2718253968253968 0.4191468253968254 0.26455026455026454 0.4131944444444444 0.2569444444444444 0.3998015873015873 0.25363756613756616 0.37822420634920634 0.2562830687830688 0.3725198412698413 0.27314814814814814 0.357390873015873 0.29034391534391535 0.35168650793650796 0.3072089947089947 0.35143849206349204
0 0.26322751322751325 0.28869047619047616 0.2800925925925926 0.2926587301587302 0.2933201058201058 0.3033234126984127 0.2976190476190476 0.31646825396825395 0.2976190476190476 0.3353174603174603 0.29034391534391535 0.3492063492063492 0.25595238095238093 0.36731150793650796 0.23346560846560846 0.3638392857142857 0.21064814814814814 0.3509424603174603 0.20304232804232805 0.34151785714285715 0.2013888888888889 0.32514880952380953 0.20634920634920634 0.3107638888888889 0.22387566137566137 0.29538690476190477 0.24206349206349206 0.28943452380952384 0.2628968253968254 0.28869047619047616
0 0.6686507936507936 0.7661210317460317 0.6861772486772487 0.769593253968254 0.6974206349206349 0.7750496031746031 0.7139550264550265 0.794890873015873 0.7156084656084656 0.8067956349206349 0.7106481481481481 0.8201884920634921 0.6994047619047619 0.832093253968254 0.658068783068783 0.8380456349206349 0.6369047619047619 0.8375496031746031 0.6259920634920635 0.8323412698412699 0.6190476190476191 0.8221726190476191 0.6144179894179894 0.8030753968253969 0.6207010582010583 0.7894345238095238 0.6398809523809523 0.7710813492063492 0.6504629629629629 0.7673611111111112 0.6683201058201058 0.7661210317460317
0 0.5297619047619048 0.8095238095238095 0.5502645502645502 0.8120039682539683 0.5747354497354498 0.8204365079365079 0.5823412698412699 0.828125 0.5886243386243386 0.8432539682539683 0.5886243386243386 0.8541666666666666 0.5816798941798942 0.8668154761904762 0.5634920634920635 0.8812003968253969 0.5535714285714286 0.8856646825396826 0.5406746031746031 0.8871527777777778 0.5178571428571429 0.8819444444444444 0.5049603174603174 0.875 0.49272486772486773 0.8648313492063492 0.4828042328042328 0.8497023809523809 0.484457671957672 0.8380456349206349 0.49537037037037035 0.8249007936507936 0.5158730158730159 0.8122519841269841 0.529431216931217 0.8095238095238095
0 0.9996693121693122 0.779265873015873 0.9996693121693122 0.8608630952380952 0.9957010582010583 0.861359126984127 0.9487433862433863 0.8511904761904762 0.9417989417989417 0.8407738095238095 0.9401455026455027 0.8308531746031746 0.9494047619047619 0.8060515873015873 0.9599867724867724 0.7921626984126984 0.9788359788359788 0.7819940476190477 0.9904100529100529 0.7790178571428571 0.9993386243386243 0.779265873015873
0 0.07903439153439154 0.5225694444444444 0.09226190476190477 0.5260416666666666 0.103505291005291 0.5329861111111112 0.11342592592592593 0.5463789682539683 0.11838624338624339 0.5629960317460317 0.11706349206349206 0.5744047619047619 0.105489417989418 0.5887896825396826 0.09490740740740741 0.5954861111111112 0.08134920634920635 0.5994543650793651 0.05919312169312169 0.5962301587301587 0.03273809523809524 0.5845734126984127 0.021825396825396824 0.5746527777777778 0.018187830687830687 0.5607638888888888 0.021825396825396824 0.5404265873015873 0.031746031746031744 0.5275297619047619 0.05853174603174603 0.5220734126984127 0.0787037037037037 0.5225694444444444
0 0.7840608465608465 0.6282242063492064 0.7966269841269841 0.6297123015873016 0.8277116402116402 0.6398809523809523 0.8356481481481481 0.6475694444444444 0.8376322751322751 0.6555059523809523 0.8356481481481481 0.6753472222222222 0.8257275132275133 0.6892361111111112 0.8115079365079365 0.6999007936507936 0.7923280423280423 0.7036210317460317 0.7754629629629629 0.7028769841269841 0.7622354497354498 0.7001488095238095 0.7549603174603174 0.6964285714285714 0.7430555555555556 0.6850198412698413 0.732473544973545 0.6649305555555556 0.7341269841269841 0.6505456349206349 0.7447089947089947 0.6369047619047619 0.7658730158730159 0.628968253968254 0.7837301587301587 0.6282242063492064
0 0.10251322751322751 0.15178571428571427 0.11607142857142858 0.1572420634920635 0.12698412698412698 0.16691468253968253 0.13392857142857142 0.1783234126984127 0.1345899470899471 0.1857638888888889 0.13128306878306878 0.20337301587301587 0.12334656084656084 0.21329365079365079 0.10714285714285714 0.22395833333333334 0.09523809523809523 0.22643849206349206 0.07308201058201058 0.22470238095238096 0.0539021164021164 0.21825396825396826 0.045965608465608467 0.21031746031746032 0.03968253968253968 0.1875 0.045965608465608467 0.17113095238095238 0.062169312169312166 0.15749007936507936 0.08035714285714286 0.15228174603174602 0.10218253968253968 0.15178571428571427
0 0.8072089947089947 0.7276785714285714 0.8244047619047619 0.7338789682539683 0.8366402116402116 0.7442956349206349 0.8449074074074074 0.7591765873015873 0.8458994708994709 0.7728174603174603 0.8392857142857143 0.7894345238095238 0.8287037037037037 0.8000992063492064 0.8161375661375662 0.8072916666666666 0.7992724867724867 0.8092757936507936 0.7757936507936508 0.8040674603174603 0.7612433862433863 0.7941468253968254 0.7509920634920635 0.7837301587301587 0.7440476190476191 0.7725694444444444 0.7420634920634921 0.7609126984126984 0.7476851851851852 0.7472718253968254 0.7582671957671958 0.7371031746031746 0.7777777777777778 0.730406746031746 0.8068783068783069 0.7276785714285714
0 0.515542328042328 0.607390873015873 0.5367063492063492 0.6155753968253969 0.5472883597883598 0.6225198412698413 0.5519179894179894 0.6299603174603174 0.5545634920634921 0.6438492063492064 0.5505952380952381 0.6622023809523809 0.5436507936507936 0.6723710317460317 0.5281084656084656 0.6812996031746031 0.5089285714285714 0.6837797619047619 0.4923941798941799 0.6825396825396826 0.47023809523809523 0.673859126984127 0.45866402116402116 0.6624503968253969 0.455026455026455 0.6465773809523809 0.4593253968253968 0.6329365079365079 0.4718915343915344 0.6187996031746031 0.49437830687830686 0.6091269841269841 0.5152116402116402 0.607390873015873
0 0.15542328042328044 0.42137896825396826 0.18386243386243387 0.42782738095238093 0.2003968253968254 0.43898809523809523 0.21064814814814814 0.4548611111111111 0.21263227513227514 0.46577380952380953 0.20436507936507936 0.48387896825396826 0.1960978835978836 0.49255952380952384 0.1775793650793651 0.498015873015873 0.15112433862433863 0.4992559523809524 0.13128306878306878 0.498015873015873 0.11243386243386243 0.4908234126984127 0.10185185185185185 0.47023809523809523 0.09986772486772487 0.45634920634920634 0.10449735449735449 0.4444444444444444 0.12003968253968254 0.43154761904761907 0.1349206349206349 0.4236111111111111 0.1550925925925926 0.42137896825396826
0 0 0.37971230158730157 0.03009259259259259 0.38913690476190477 0.037037037037037035 0.39732142857142855 0.04034391534391534 0.4072420634920635 0.03968253968253968 0.42162698412698413 0.030753968253968252 0.44221230158730157 0.023478835978835978 0.44717261904761907 0 0.4538690476190476 0 0.37996031746031744
0 0.11210317460317461 0 0.20667989417989419 0 0.2046957671957672 0.00818452380952381 0.19113756613756613 0.027281746031746032 0.1779100529100529 0.034722222222222224 0.16005291005291006 0.03869047619047619 0.13988095238095238 0.037450396825396824 0.12202380952380952 0.029513888888888888 0.11243386243386243 0.01711309523809524 0.11210317460317461 0.000248015873015873
0 0.8802910052910053 0.9079861111111112 0.8928571428571429 0.9144345238095238 0.9050925925925926 0.9312996031746031 0.9107142857142857 0.9489087301587301 0.908068783068783 0.9635416666666666 0.8991402116402116 0.9776785714285714 0.8869047619047619 0.9878472222222222 0.8740079365079365 0.9918154761904762 0.8492063492063492 0.9937996031746031 0.8376322751322751 0.9925595238095238 0.8277116402116402 0.9885912698412699 0.8131613756613757 0.9754464285714286 0.8065476190476191 0.9615575396825397 0.8082010582010583 0.9419642857142857 0.8207671957671958 0.9243551587301587 0.8369708994708994 0.9136904761904762 0.8478835978835979 0.910218253968254 0.8799603174603174 0.9079861111111112
0 0.44642857142857145 0.4541170634920635 0.45634920634920634 0.4558531746031746 0.4775132275132275 0.4652777777777778 0.48842592592592593 0.47643849206349204 0.49206349206349204 0.4836309523809524 0.49107142857142855 0.49776785714285715 0.484457671957672 0.5121527777777778 0.4742063492063492 0.5208333333333334 0.46064814814814814 0.5248015873015873 0.4117063492063492 0.5208333333333334 0.3998015873015873 0.5128968253968254 0.39384920634920634 0.5014880952380952 0.3948412698412698 0.48412698412698413 0.40476190476190477 0.466765873015873 0.41435185185185186 0.45982142857142855 0.42427248677248675 0.45634920634920634 0.4460978835978836 0.4541170634920635
0 0.9292328042328042 0.4677579365079365 0.9401455026455027 0.4694940476190476 0.96494708994709 0.4806547619047619 0.9745370370370371 0.4937996031746032 0.9778439153439153 0.5052083333333334 0.9742063492063492 0.5171130952380952 0.9646164021164021 0.5305059523809523 0.9358465608465608 0.5396825396825397 0.9229497354497355 0.5414186507936508 0.9067460317460317 0.5364583333333334 0.8849206349206349 0.5012400793650794 0.8872354497354498 0.4913194444444444 0.892526455026455 0.48412698412698413 0.9136904761904762 0.4697420634920635 0.9289021164021164 0.4677579365079365
0 0.8048941798941799 0.435515873015873 0.8237433862433863 0.44246031746031744 0.8386243386243386 0.4548611111111111 0.8422619047619048 0.46304563492063494 0.8422619047619048 0.4851190476190476 0.83994708994709 0.49429563492063494 0.8343253968253969 0.49950396825396826 0.8068783068783069 0.5126488095238095 0.8005952380952381 0.513640873015873 0.7681878306878307 0.5089285714285714 0.7572751322751323 0.5029761904761905 0.7473544973544973 0.4915674603174603 0.7457010582010583 0.47023809523809523 0.7513227513227513 0.45287698412698413 0.7619047619047619 0.4417162698412698 0.7870370370370371 0.4357638888888889 0.8045634920634921 0.435515873015873
0 0.4080687830687831 0.34598214285714285 0.42592592592592593 0.3521825396825397 0.44113756613756616 0.36235119047619047 0.44675925925925924 0.37003968253968256 0.45072751322751325 0.390625 0.44312169312169314 0.4055059523809524 0.43187830687830686 0.4174107142857143 0.4183201058201058 0.4228670634920635 0.40343915343915343 0.4253472222222222 0.38062169312169314 0.42336309523809523 0.35912698412698413 0.4099702380952381 0.3525132275132275 0.3968253968253968 0.35085978835978837 0.37971230158730157 0.3548280423280423 0.36235119047619047 0.3621031746031746 0.35441468253968256 0.3872354497354497 0.34672619047619047 0.40773809523809523 0.34598214285714285
0 0.6306216931216931 0.49677579365079366 0.6474867724867724 0.5007440476190477 0.6583994708994709 0.5096726190476191 0.6726190476190477 0.529265873015873 0.6726190476190477 0.5434027777777778 0.6646825396825397 0.5600198412698413 0.654431216931217 0.5679563492063492 0.640542328042328 0.5721726190476191 0.6170634920634921 0.5744047619047619 0.6058201058201058 0.5711805555555556 0.5949074074074074 0.5592757936507936 0.5783730158730159 0.5463789682539683 0.576058201058201 0.5399305555555556 0.5770502645502645 0.5223214285714286 0.583994708994709 0.5084325396825397 0.5949074074074074 0.5014880952380952 0.6127645502645502 0.4972718253968254 0.6302910052910053 0.49677579365079366
0 0.4332010582010582 0.6746031746031746 0.4603174603174603 0.6783234126984127 0.4718915343915344 0.6830357142857143 0.48214285714285715 0.6944444444444444 0.48743386243386244 0.7095734126984127 0.4861111111111111 0.7234623015873016 0.48148148148148145 0.7316468253968254 0.46296296296296297 0.746031746031746 0.453042328042328 0.7495039682539683 0.43915343915343913 0.7509920634920635 0.4146825396825397 0.7487599206349206 0.39616402116402116 0.7393353174603174 0.3878968253968254 0.730406746031746 0.38293650793650796 0.7135416666666666 0.38425925925925924 0.6994047619047619 0.39384920634920634 0.6867559523809523 0.41104497354497355 0.6778273809523809 0.43287037037037035 0.6746031746031746
0 0.44907407407407407 0.5250496031746031 0.4646164021164021 0.5290178571428571 0.4705687830687831 0.5334821428571429 0.4798280423280423 0.5471230158730159 0.48115079365079366 0.5607638888888888 0.47784391534391535 0.5706845238095238 0.4642857142857143 0.5892857142857143 0.45171957671957674 0.5952380952380952 0.4332010582010582 0.5984623015873016 0.4146825396825397 0.5959821428571429 0.39351851851851855 0.5811011904761905 0.3898809523809524 0.5746527777777778 0.38855820105820105 0.5498511904761905 0.3968253968253968 0.5357142857142857 0.41435185185185186 0.5257936507936508 0.4487433862433862 0.5250496031746031
0 0.9285714285714286 0.33283730158730157 0.9411375661375662 0.3375496031746032 0.9543650793650794 0.35143849206349204 0.9639550264550265 0.36607142857142855 0.96494708994709 0.3767361111111111 0.9603174603174603 0.39037698412698413 0.9467592592592593 0.40674603174603174 0.9388227513227513 0.4107142857142857 0.9163359788359788 0.41443452380952384 0.8948412698412699 0.4134424603174603 0.8753306878306878 0.4055059523809524 0.8561507936507936 0.38839285714285715 0.8511904761904762 0.3767361111111111 0.8511904761904762 0.36929563492063494 0.8561507936507936 0.35540674603174605 0.8773148148148148 0.3373015873015873 0.892526455026455 0.33283730158730157 0.9282407407407407 0.33283730158730157