0 0.9292328042328042 0.9270833333333334 0.9434523809523809 0.9312996031746031 0.9632936507936508 0.9461805555555556 0.9659391534391535 0.9563492063492064 0.9646164021164021 0.9632936507936508 0.9603174603174603 0.9675099206349206 0.9533730158730159 0.9699900793650794 0.935515873015873 0.9670138888888888 0.9249338624338624 0.9595734126984127 0.9246031746031746 0.9459325396825397 0.9206349206349206 0.9308035714285714 0.921957671957672 0.9275793650793651 0.9289021164021164 0.9270833333333334
0 0.8974867724867724 0.9228670634920635 0.9117063492063492 0.9275793650793651 0.9232804232804233 0.939484126984127 0.9232804232804233 0.9565972222222222 0.9183201058201058 0.9615575396825397 0.9074074074074074 0.9640376984126984 0.8974867724867724 0.9637896825396826 0.8872354497354498 0.9603174603174603 0.8756613756613757 0.9461805555555556 0.8733465608465608 0.9389880952380952 0.875 0.9310515873015873 0.8792989417989417 0.9268353174603174 0.8862433862433863 0.923859126984127 0.8971560846560847 0.9228670634920635
0 0.8528439153439153 0.9476686507936508 0.8604497354497355 0.949156746031746 0.8700396825396826 0.9546130952380952 0.8766534391534392 0.9615575396825397 0.8783068783068783 0.9677579365079365 0.876984126984127 0.9774305555555556 0.8591269841269841 0.9913194444444444 0.8525132275132276 0.9900793650793651 0.8445767195767195 0.9851190476190477 0.8366402116402116 0.9744543650793651 0.833994708994709 0.9662698412698413 0.8363095238095238 0.9556051587301587 0.8462301587301587 0.9489087301587301 0.8525132275132276 0.9476686507936508
0 0.873015873015873 0.8799603174603174 0.8931878306878307 0.8901289682539683 0.9007936507936508 0.8990575396825397 0.9031084656084656 0.9117063492063492 0.8978174603174603 0.9203869047619048 0.8938492063492064 0.9213789682539683 0.8835978835978836 0.9211309523809523 0.8700396825396826 0.9164186507936508 0.855489417989418 0.9007936507936508 0.8541666666666666 0.8940972222222222 0.8578042328042328 0.8883928571428571 0.8634259259259259 0.8821924603174603 0.8726851851851852 0.8799603174603174
0 0.841931216931217 0.8978174603174603 0.8558201058201058 0.902281746031746 0.8677248677248677 0.9149305555555556 0.8683862433862434 0.9226190476190477 0.8657407407407407 0.9288194444444444 0.8607804232804233 0.9332837301587301 0.8525132275132276 0.9360119047619048 0.8349867724867724 0.9345238095238095 0.8234126984126984 0.9253472222222222 0.8204365079365079 0.9079861111111112 0.8220899470899471 0.904265873015873 0.8283730158730159 0.8998015873015873 0.8416005291005291 0.8978174603174603
0 0.7804232804232805 0.9300595238095238 0.7863756613756614 0.9315476190476191 0.794973544973545 0.9382440476190477 0.8022486772486772 0.9496527777777778 0.8002645502645502 0.9642857142857143 0.7896825396825397 0.9694940476190477 0.7718253968253969 0.9670138888888888 0.7622354497354498 0.9598214285714286 0.7585978835978836 0.953125 0.7602513227513228 0.9404761904761905 0.7800925925925926 0.9300595238095238
0 0.8025793650793651 0.8990575396825397 0.8101851851851852 0.9002976190476191 0.8148148148148148 0.9032738095238095 0.8201058201058201 0.9107142857142857 0.8220899470899471 0.9191468253968254 0.8217592592592593 0.9280753968253969 0.8181216931216931 0.9332837301587301 0.8035714285714286 0.9384920634920635 0.7956349206349206 0.9375 0.7853835978835979 0.9305555555555556 0.779431216931217 0.9233630952380952 0.7767857142857143 0.9134424603174603 0.7787698412698413 0.9064980158730159 0.7860449735449735 0.9002976190476191 0.8022486772486772 0.8990575396825397
0 0.8230820105820106 0.8638392857142857 0.8359788359788359 0.8690476190476191 0.8422619047619048 0.8764880952380952 0.8449074074074074 0.8849206349206349 0.8422619047619048 0.894593253968254 0.8247354497354498 0.9000496031746031 0.8141534391534392 0.8985615079365079 0.8095238095238095 0.8958333333333334 0.7979497354497355 0.8807043650793651 0.798941798941799 0.873015873015873 0.8065476190476191 0.8645833333333334 0.8227513227513228 0.8638392857142857
0 0.9007936507936508 0.7554563492063492 0.9173280423280423 0.761656746031746 0.9249338624338624 0.7690972222222222 0.9269179894179894 0.7785218253968254 0.9226190476190477 0.7862103174603174 0.9143518518518519 0.7896825396825397 0.9007936507936508 0.7899305555555556 0.890542328042328 0.7867063492063492 0.8826058201058201 0.7814980158730159 0.8802910052910053 0.7755456349206349 0.8829365079365079 0.7663690476190477 0.8908730158730159 0.7579365079365079 0.9004629629629629 0.7557043650793651
0 0.7619047619047619 0.9005456349206349 0.7731481481481481 0.9089781746031746 0.7781084656084656 0.9263392857142857 0.7724867724867724 0.9332837301587301 0.7585978835978836 0.9389880952380952 0.7483465608465608 0.9375 0.7420634920634921 0.933531746031746 0.7341269841269841 0.917906746031746 0.751984126984127 0.9010416666666666 0.7615740740740741 0.9005456349206349
0 0.7159391534391535 0.9141865079365079 0.7311507936507936 0.9191468253968254 0.7397486772486772 0.9315476190476191 0.7380952380952381 0.9429563492063492 0.7341269841269841 0.9469246031746031 0.7242063492063492 0.9489087301587301 0.7066798941798942 0.9464285714285714 0.7013888888888888 0.9424603174603174 0.6954365079365079 0.9320436507936508 0.6964285714285714 0.9211309523809523 0.7023809523809523 0.9169146825396826 0.7156084656084656 0.9141865079365079
0 0.771494708994709 0.8586309523809523 0.7833994708994709 0.8683035714285714 0.7863756613756614 0.8745039682539683 0.783068783068783 0.886656746031746 0.7771164021164021 0.8911210317460317 0.7724867724867724 0.8918650793650794 0.7549603174603174 0.8901289682539683 0.7400793650793651 0.8727678571428571 0.7407407407407407 0.8660714285714286 0.7450396825396826 0.8616071428571429 0.7711640211640212 0.8586309523809523
0 0.7341269841269841 0.8747519841269841 0.7447089947089947 0.8804563492063492 0.7513227513227513 0.8903769841269841 0.751984126984127 0.9000496031746031 0.7453703703703703 0.9092261904761905 0.7374338624338624 0.9134424603174603 0.7271825396825397 0.9141865079365079 0.7192460317460317 0.9119543650793651 0.7109788359788359 0.9047619047619048 0.708994708994709 0.8916170634920635 0.7106481481481481 0.8834325396825397 0.7162698412698413 0.8794642857142857 0.7337962962962963 0.875
0 0.8812830687830688 0.7192460317460317 0.8948412698412699 0.7266865079365079 0.9007936507936508 0.7348710317460317 0.9001322751322751 0.7477678571428571 0.8974867724867724 0.7517361111111112 0.890542328042328 0.7554563492063492 0.8723544973544973 0.753968253968254 0.8624338624338624 0.7507440476190477 0.8591269841269841 0.7475198412698413 0.855489417989418 0.7309027777777778 0.8584656084656085 0.7266865079365079 0.8677248677248677 0.7197420634920635 0.8809523809523809 0.7192460317460317
0 0.8974867724867724 0.6909722222222222 0.9153439153439153 0.6996527777777778 0.9189814814814815 0.7095734126984127 0.9183201058201058 0.7155257936507936 0.9140211640211641 0.720734126984127 0.9074074074074074 0.7242063492063492 0.8978174603174603 0.7251984126984127 0.8845899470899471 0.720734126984127 0.8753306878306878 0.7103174603174603 0.8759920634920635 0.7068452380952381 0.8849206349206349 0.7001488095238095 0.8908730158730159 0.6922123015873016 0.8971560846560847 0.6909722222222222
0 0.7503306878306878 0.8219246031746031 0.7691798941798942 0.8318452380952381 0.7751322751322751 0.8382936507936508 0.7767857142857143 0.8444940476190477 0.7764550264550265 0.8497023809523809 0.7718253968253969 0.8563988095238095 0.751984126984127 0.859375 0.7410714285714286 0.8583829365079365 0.730489417989418 0.8454861111111112 0.732473544973545 0.8382936507936508 0.7447089947089947 0.8226686507936508 0.75 0.8219246031746031
0 0.8442460317460317 0.7251984126984127 0.855489417989418 0.7318948412698413 0.8591269841269841 0.7408234126984127 0.8587962962962963 0.7482638888888888 0.8511904761904762 0.7554563492063492 0.8369708994708994 0.7596726190476191 0.8287037037037037 0.7586805555555556 0.8204365079365079 0.7544642857142857 0.8141534391534392 0.748015873015873 0.8121693121693122 0.7380952380952381 0.8171296296296297 0.7299107142857143 0.8230820105820106 0.7256944444444444 0.843915343915344 0.7251984126984127
0 0.6888227513227513 0.8757440476190477 0.7020502645502645 0.8821924603174603 0.7076719576719577 0.8893849206349206 0.7096560846560847 0.9040178571428571 0.7037037037037037 0.9119543650793651 0.6960978835978836 0.9154265873015873 0.689484126984127 0.9151785714285714 0.6802248677248677 0.9114583333333334 0.6716269841269841 0.9045138888888888 0.6749338624338624 0.8821924603174603 0.6818783068783069 0.8767361111111112 0.6884920634920635 0.8759920634920635
0 0.71494708994709 0.8420138888888888 0.7288359788359788 0.8482142857142857 0.7357804232804233 0.8551587301587301 0.7380952380952381 0.8611111111111112 0.7347883597883598 0.8717757936507936 0.7172619047619048 0.8784722222222222 0.7066798941798942 0.8767361111111112 0.6947751322751323 0.8628472222222222 0.6974206349206349 0.8484623015873016 0.703042328042328 0.8442460317460317 0.7146164021164021 0.8420138888888888
0 0.7833994708994709 0.7507440476190477 0.7996031746031746 0.7576884920634921 0.8035714285714286 0.7651289682539683 0.8002645502645502 0.7827380952380952 0.7867063492063492 0.7867063492063492 0.7781084656084656 0.7862103174603174 0.7688492063492064 0.7817460317460317 0.7622354497354498 0.7760416666666666 0.7599206349206349 0.7688492063492064 0.7605820105820106 0.7621527777777778 0.7652116402116402 0.7552083333333334 0.7734788359788359 0.7514880952380952 0.783068783068783 0.7507440476190477
0 0.8707010582010583 0.6723710317460317 0.8835978835978836 0.6780753968253969 0.890542328042328 0.6899801587301587 0.8845899470899471 0.7001488095238095 0.8703703703703703 0.7073412698412699 0.8587962962962963 0.7068452380952381 0.8445767195767195 0.6897321428571429 0.8452380952380952 0.6845238095238095 0.8521825396825397 0.6768353174603174 0.8597883597883598 0.6733630952380952 0.8703703703703703 0.6723710317460317
0 0.6441798941798942 0.9000496031746031 0.6630291005291006 0.9055059523809523 0.6706349206349206 0.9176587301587301 0.6666666666666666 0.9322916666666666 0.6610449735449735 0.9352678571428571 0.6474867724867724 0.9375 0.6375661375661376 0.9357638888888888 0.6322751322751323 0.9322916666666666 0.6253306878306878 0.9193948412698413 0.6259920634920635 0.9119543650793651 0.6292989417989417 0.9069940476190477 0.6372354497354498 0.9012896825396826 0.6438492063492064 0.9000496031746031
0 0.7232142857142857 0.8003472222222222 0.7377645502645502 0.8070436507936508 0.7440476190476191 0.8172123015873016 0.7414021164021164 0.8283730158730159 0.7361111111111112 0.8350694444444444 0.7294973544973545 0.8385416666666666 0.7152777777777778 0.8355654761904762 0.7027116402116402 0.8249007936507936 0.703042328042328 0.8080357142857143 0.7106481481481481 0.8028273809523809 0.7228835978835979 0.8003472222222222
0 0.826058201058201 0.6865079365079365 0.8452380952380952 0.6904761904761905 0.8531746031746031 0.6986607142857143 0.8561507936507936 0.7058531746031746 0.84755291005291 0.7180059523809523 0.8293650793650794 0.7239583333333334 0.8244047619047619 0.7239583333333334 0.8138227513227513 0.7182539682539683 0.8035714285714286 0.7068452380952381 0.8042328042328042 0.6996527777777778 0.8091931216931217 0.6924603174603174 0.8177910052910053 0.6872519841269841 0.8257275132275133 0.6865079365079365
0 0.6484788359788359 0.8700396825396826 0.6613756613756614 0.8722718253968254 0.671957671957672 0.8814484126984127 0.6716269841269841 0.8963293650793651 0.6650132275132276 0.9040178571428571 0.6375661375661376 0.8985615079365079 0.6296296296296297 0.8908730158730159 0.6312830687830688 0.8834325396825397 0.640542328042328 0.873015873015873 0.6481481481481481 0.8700396825396826
0 0.667989417989418 0.8358134920634921 0.6871693121693122 0.8402777777777778 0.6944444444444444 0.8497023809523809 0.6931216931216931 0.861359126984127 0.6891534391534392 0.8670634920634921 0.6848544973544973 0.8702876984126984 0.6716269841269841 0.8740079365079365 0.658068783068783 0.8707837301587301 0.646494708994709 0.8601190476190477 0.6474867724867724 0.8519345238095238 0.6527777777777778 0.841765873015873 0.6577380952380952 0.8375496031746031 0.6676587301587301 0.8358134920634921
0 0.6868386243386243 0.8000992063492064 0.6937830687830688 0.8035714285714286 0.7003968253968254 0.810515873015873 0.7017195767195767 0.8249007936507936 0.6970899470899471 0.8315972222222222 0.6861772486772487 0.8373015873015873 0.6722883597883598 0.8363095238095238 0.6643518518518519 0.8315972222222222 0.6593915343915344 0.8097718253968254 0.6603835978835979 0.8067956349206349 0.6663359788359788 0.8033234126984127 0.6865079365079365 0.8000992063492064
0 0.5972222222222222 0.9057539682539683 0.6058201058201058 0.9077380952380952 0.611441798941799 0.9114583333333334 0.6170634920634921 0.9231150793650794 0.6164021164021164 0.9325396825396826 0.6127645502645502 0.939484126984127 0.6078042328042328 0.9434523809523809 0.5995370370370371 0.9454365079365079 0.5816798941798942 0.9417162698412699 0.5770502645502645 0.9370039682539683 0.5730820105820106 0.9255952380952381 0.5740740740740741 0.9181547619047619 0.5803571428571429 0.9092261904761905 0.5853174603174603 0.9064980158730159 0.5968915343915344 0.9057539682539683
0 0.6279761904761905 0.8489583333333334 0.6375661375661376 0.855406746031746 0.6408730158730159 0.8623511904761905 0.6408730158730159 0.8700396825396826 0.6339285714285714 0.8807043650793651 0.6233465608465608 0.8859126984126984 0.6097883597883598 0.8841765873015873 0.6041666666666666 0.8809523809523809 0.5992063492063492 0.873015873015873 0.5988756613756614 0.8635912698412699 0.6038359788359788 0.8549107142857143 0.6197089947089947 0.8484623015873016 0.6276455026455027 0.8489583333333334
0 0.9398148148148148 0.6158234126984127 0.9556878306878307 0.6222718253968254 0.9632936507936508 0.6329365079365079 0.9566798941798942 0.6438492063492064 0.9424603174603174 0.6485615079365079 0.9322089947089947 0.6480654761904762 0.9246031746031746 0.644593253968254 0.9146825396825397 0.6339285714285714 0.9173280423280423 0.6262400793650794 0.9252645502645502 0.6183035714285714 0.9318783068783069 0.6158234126984127 0.939484126984127 0.6158234126984127
0 0.6418650793650794 0.8040674603174603 0.6554232804232805 0.810515873015873 0.6603835978835979 0.824156746031746 0.6603835978835979 0.8313492063492064 0.6574074074074074 0.8353174603174603 0.6514550264550265 0.839781746031746 0.6438492063492064 0.8415178571428571 0.6365740740740741 0.8410218253968254 0.6273148148148148 0.8365575396825397 0.6177248677248677 0.8209325396825397 0.6187169312169312 0.8137400793650794 0.6226851851851852 0.8082837301587301 0.6299603174603174 0.8050595238095238 0.6415343915343915 0.8040674603174603
0 0.6683201058201058 0.7668650793650794 0.6818783068783069 0.7748015873015873 0.6875 0.7899305555555556 0.6818783068783069 0.7981150793650794 0.6613756613756614 0.8030753968253969 0.6474867724867724 0.7973710317460317 0.6428571428571429 0.7909226190476191 0.6418650793650794 0.7814980158730159 0.644510582010582 0.7760416666666666 0.65244708994709 0.7705853174603174 0.6603835978835979 0.7671130952380952 0.667989417989418 0.7668650793650794
0 0.6058201058201058 0.8199404761904762 0.6167328042328042 0.8246527777777778 0.6243386243386243 0.8348214285714286 0.6246693121693122 0.8390376984126984 0.6200396825396826 0.8474702380952381 0.6025132275132276 0.8546626984126984 0.5949074074074074 0.8531746031746031 0.5882936507936508 0.8489583333333334 0.5836640211640212 0.8449900793650794 0.5806878306878307 0.8377976190476191 0.5836640211640212 0.8293650793650794 0.5906084656084656 0.8234126984126984 0.5982142857142857 0.8196924603174603 0.605489417989418 0.8199404761904762
0 0.5588624338624338 0.8735119047619048 0.5757275132275133 0.8819444444444444 0.5790343915343915 0.8916170634920635 0.578042328042328 0.8978174603174603 0.5717592592592593 0.9055059523809523 0.5582010582010583 0.9109623015873016 0.5403439153439153 0.9087301587301587 0.5340608465608465 0.9047619047619048 0.5291005291005291 0.8975694444444444 0.5267857142857143 0.8869047619047619 0.5291005291005291 0.8814484126984127 0.5363756613756614 0.8757440476190477 0.5502645502645502 0.8727678571428571 0.558531746031746 0.8735119047619048
0 0.6101190476190477 0.7735615079365079 0.6273148148148148 0.7775297619047619 0.6342592592592593 0.7879464285714286 0.6302910052910053 0.8005952380952381 0.6164021164021164 0.8082837301587301 0.605489417989418 0.8075396825396826 0.6008597883597884 0.8053075396825397 0.5912698412698413 0.7899305555555556 0.5916005291005291 0.7827380952380952 0.5952380952380952 0.7780257936507936 0.605489417989418 0.7730654761904762 0.6097883597883598 0.7735615079365079
0 0.6349206349206349 0.7433035714285714 0.6455026455026455 0.7514880952380952 0.6481481481481481 0.7626488095238095 0.6421957671957672 0.7703373015873016 0.6266534391534392 0.7760416666666666 0.6124338624338624 0.7738095238095238 0.6068121693121693 0.7705853174603174 0.603505291005291 0.7653769841269841 0.6031746031746031 0.7557043650793651 0.6101190476190477 0.7477678571428571 0.6233465608465608 0.7433035714285714 0.6345899470899471 0.7433035714285714
0 0.5727513227513228 0.7864583333333334 0.5876322751322751 0.7899305555555556 0.5978835978835979 0.8065476190476191 0.5949074074074074 0.8194444444444444 0.5863095238095238 0.8258928571428571 0.5790343915343915 0.8273809523809523 0.5654761904761905 0.8256448412698413 0.5601851851851852 0.8226686507936508 0.5529100529100529 0.816468253968254 0.5492724867724867 0.8080357142857143 0.5496031746031746 0.8000992063492064 0.5548941798941799 0.7931547619047619 0.560515873015873 0.7891865079365079 0.5724206349206349 0.7864583333333334
0 0.5443121693121693 0.8182043650793651 0.5535714285714286 0.8196924603174603 0.5598544973544973 0.8234126984126984 0.5648148148148148 0.832093253968254 0.5641534391534392 0.8447420634920635 0.5515873015873016 0.8534226190476191 0.5390211640211641 0.8531746031746031 0.5291005291005291 0.8504464285714286 0.5228174603174603 0.8452380952380952 0.5198412698412699 0.8387896825396826 0.5208333333333334 0.8278769841269841 0.5257936507936508 0.8219246031746031 0.5327380952380952 0.8189484126984127 0.5439814814814815 0.8182043650793651
0 0.5148809523809523 0.7869543650793651 0.521494708994709 0.7896825396825397 0.5261243386243386 0.794890873015873 0.5277777777777778 0.8067956349206349 0.5224867724867724 0.8167162698412699 0.5099206349206349 0.8221726190476191 0.49867724867724866 0.8204365079365079 0.4904100529100529 0.8157242063492064 0.48677248677248675 0.810515873015873 0.4861111111111111 0.7993551587301587 0.4894179894179894 0.7938988095238095 0.5016534391534392 0.7869543650793651 0.5145502645502645 0.7869543650793651
0 0.5787037037037037 0.8447420634920635 0.5925925925925926 0.8534226190476191 0.5978835978835979 0.8650793650793651 0.593915343915344 0.8774801587301587 0.5882936507936508 0.8812003968253969 0.5790343915343915 0.8826884920634921 0.5591931216931217 0.8735119047619048 0.5532407407407407 0.8608630952380952 0.5562169312169312 0.8526785714285714 0.5641534391534392 0.8462301587301587 0.5783730158730159 0.8447420634920635
0 0.4818121693121693 0.761656746031746 0.49173280423280424 0.7646329365079365 0.4976851851851852 0.7688492063492064 0.501984126984127 0.7814980158730159 0.49603174603174605 0.7906746031746031 0.48578042328042326 0.7976190476190477 0.4808201058201058 0.7986111111111112 0.4708994708994709 0.7973710317460317 0.4652777777777778 0.7938988095238095 0.4580026455026455 0.7834821428571429 0.4573412698412698 0.7752976190476191 0.458994708994709 0.7708333333333334 0.46593915343915343 0.7653769841269841 0.48148148148148145 0.761656746031746
0 0.44312169312169314 0.751984126984127 0.453042328042328 0.7574404761904762 0.4580026455026455 0.7708333333333334 0.45535714285714285 0.777281746031746 0.4494047619047619 0.7829861111111112 0.4384920634920635 0.7864583333333334 0.43187830687830686 0.7864583333333334 0.4236111111111111 0.7827380952380952 0.4176587301587302 0.7762896825396826 0.4150132275132275 0.7678571428571429 0.4173280423280423 0.7609126984126984 0.42394179894179895 0.7549603174603174 0.43154761904761907 0.7522321428571429 0.4427910052910053 0.751984126984127
0 0.4742063492063492 0.6884920634920635 0.48578042328042326 0.6956845238095238 0.49074074074074076 0.7073412698412699 0.4851190476190476 0.7175099206349206 0.476521164021164 0.7239583333333334 0.4679232804232804 0.7261904761904762 0.458994708994709 0.7249503968253969 0.4487433862433862 0.7180059523809523 0.44543650793650796 0.7125496031746031 0.4451058201058201 0.7041170634920635 0.4480820105820106 0.6964285714285714 0.45337301587301587 0.6917162698412699 0.4632936507936508 0.6884920634920635 0.4738756613756614 0.6884920634920635
0 0.4427910052910053 0.7165178571428571 0.4546957671957672 0.722718253968254 0.460978835978836 0.7338789682539683 0.4566798941798942 0.7455357142857143 0.4427910052910053 0.7509920634920635 0.42427248677248675 0.7485119047619048 0.41865079365079366 0.7445436507936508 0.416005291005291 0.7385912698412699 0.41633597883597884 0.7306547619047619 0.4212962962962963 0.7229662698412699 0.42757936507936506 0.7189980158730159 0.44246031746031744 0.7165178571428571
0 0.5049603174603174 0.5935019841269841 0.5171957671957672 0.5987103174603174 0.5211640211640212 0.6059027777777778 0.521494708994709 0.6125992063492064 0.5165343915343915 0.6212797619047619 0.503968253968254 0.6267361111111112 0.4957010582010582 0.6264880952380952 0.4880952380952381 0.623015873015873 0.4801587301587302 0.6138392857142857 0.47883597883597884 0.6056547619047619 0.4801587301587302 0.6014384920634921 0.48743386243386244 0.5952380952380952 0.498015873015873 0.5927579365079365 0.5046296296296297 0.5935019841269841
0 0.40046296296296297 0.6421130952380952 0.41203703703703703 0.6490575396825397 0.4146825396825397 0.6617063492063492 0.40674603174603174 0.671875 0.392526455026455 0.6760912698412699 0.38293650793650796 0.675843253968254 0.373015873015873 0.6708829365079365 0.36904761904761907 0.6644345238095238 0.3687169312169312 0.6552579365079365 0.37202380952380953 0.6498015873015873 0.38095238095238093 0.6440972222222222 0.39021164021164023 0.6418650793650794 0.4001322751322751 0.6421130952380952
0 0.4308862433862434 0.5610119047619048 0.4470899470899471 0.5667162698412699 0.45105820105820105 0.5776289682539683 0.44642857142857145 0.5885416666666666 0.44246031746031744 0.5920138888888888 0.4341931216931217 0.5944940476190477 0.4183201058201058 0.5902777777777778 0.41005291005291006 0.5815972222222222 0.4107142857142857 0.5739087301587301 0.41435185185185186 0.5679563492063492 0.4209656084656085 0.5632440476190477 0.4305555555555556 0.5610119047619048
0 0.35383597883597884 0.5875496031746031 0.36904761904761907 0.591765873015873 0.3740079365079365 0.595734126984127 0.3776455026455027 0.6039186507936508 0.3776455026455027 0.6098710317460317 0.37367724867724866 0.6160714285714286 0.3680555555555556 0.6200396825396826 0.3578042328042328 0.6222718253968254 0.3376322751322751 0.6197916666666666 0.3296957671957672 0.6138392857142857 0.32705026455026454 0.6046626984126984 0.32771164021164023 0.5979662698412699 0.33134920634920634 0.5932539682539683 0.3419312169312169 0.5882936507936508 0.353505291005291 0.5875496031746031
0 0.39351851851851855 0.5124007936507936 0.4037698412698413 0.5153769841269841 0.4113756613756614 0.5257936507936508 0.40773809523809523 0.5364583333333334 0.4007936507936508 0.5419146825396826 0.39451058201058203 0.5436507936507936 0.3845899470899471 0.5436507936507936 0.376984126984127 0.5411706349206349 0.37136243386243384 0.5367063492063492 0.36904761904761907 0.5314980158730159 0.3697089947089947 0.5257936507936508 0.375 0.5181051587301587 0.3835978835978836 0.5128968253968254 0.3931878306878307 0.5124007936507936
0 0.36078042328042326 0.5381944444444444 0.37037037037037035 0.5431547619047619 0.37566137566137564 0.5538194444444444 0.37003968253968256 0.5654761904761905 0.3637566137566138 0.5689484126984127 0.35383597883597884 0.5701884920634921 0.34523809523809523 0.5689484126984127 0.33664021164021163 0.5639880952380952 0.3330026455026455 0.5592757936507936 0.3326719576719577 0.5528273809523809 0.33664021164021163 0.5458829365079365 0.34523809523809523 0.5396825396825397 0.3525132275132275 0.5374503968253969 0.36044973544973546 0.5381944444444444
0 0.38062169312169314 0.42311507936507936 0.39186507936507936 0.43179563492063494 0.3948412698412698 0.4446924603174603 0.390542328042328 0.44990079365079366 0.3726851851851852 0.455109126984127 0.36607142857142855 0.4548611111111111 0.35813492063492064 0.4506448412698413 0.353505291005291 0.4427083333333333 0.35284391534391535 0.4357638888888889 0.3621031746031746 0.42485119047619047 0.37202380952380953 0.42212301587301587 0.3802910052910053 0.42311507936507936
0 0.20105820105820105 0.5458829365079365 0.2123015873015873 0.546875 0.22156084656084657 0.5500992063492064 0.22718253968253968 0.5592757936507936 0.2261904761904762 0.5674603174603174 0.22255291005291006 0.5711805555555556 0.21164021164021163 0.578125 0.2013888888888889 0.580109126984127 0.18551587301587302 0.5778769841269841 0.17857142857142858 0.5731646825396826 0.17625661375661375 0.5657242063492064 0.17857142857142858 0.5570436507936508 0.18485449735449735 0.5503472222222222 0.1917989417989418 0.5466269841269841 0.20072751322751323 0.5458829365079365
0 0.8072089947089947 0.3189484126984127 0.8191137566137566 0.3246527777777778 0.8227513227513228 0.33779761904761907 0.8131613756613757 0.3489583333333333 0.8002645502645502 0.35193452380952384 0.7890211640211641 0.34945436507936506 0.7820767195767195 0.3454861111111111 0.7781084656084656 0.3392857142857143 0.7781084656084656 0.33308531746031744 0.7827380952380952 0.32589285714285715 0.791005291005291 0.3211805555555556 0.7999338624338624 0.31845238095238093 0.8068783068783069 0.3189484126984127
0 0.4126984126984127 0.3978174603174603 0.42328042328042326 0.404265873015873 0.42592592592592593 0.4174107142857143 0.4183201058201058 0.42584325396825395 0.40476190476190477 0.4288194444444444 0.39384920634920634 0.42683531746031744 0.38822751322751325 0.4228670634920635 0.38326719576719576 0.41517857142857145 0.38293650793650796 0.40773809523809523 0.3855820105820106 0.40327380952380953 0.3921957671957672 0.3993055555555556 0.40575396825396826 0.39657738095238093 0.4123677248677249 0.3978174603174603
0 0.39384920634920634 0.36532738095238093 0.4044312169312169 0.3680555555555556 0.4130291005291005 0.3767361111111111 0.4146825396825397 0.38566468253968256 0.4087301587301587 0.3948412698412698 0.39021164021164023 0.39955357142857145 0.3835978835978836 0.3975694444444444 0.37632275132275134 0.39037698412698413 0.373015873015873 0.3812003968253968 0.37533068783068785 0.3725198412698413 0.38227513227513227 0.36731150793650796 0.39351851851851855 0.3655753968253968
0 0.3978174603174603 0.2353670634920635 0.41005291005291006 0.24131944444444445 0.4166666666666667 0.2509920634920635 0.4126984126984127 0.26339285714285715 0.40244708994708994 0.2681051587301587 0.39384920634920634 0.26785714285714285 0.38293650793650796 0.26413690476190477 0.37566137566137564 0.2524801587301587 0.37665343915343913 0.24454365079365079 0.3819444444444444 0.23834325396825398 0.3898809523809524 0.23487103174603174 0.3974867724867725 0.2353670634920635
0 0.6302910052910053 0.08060515873015874 0.6408730158730159 0.08779761904761904 0.6438492063492064 0.09623015873015874 0.6369047619047619 0.109375 0.6299603174603174 0.11433531746031746 0.6246693121693122 0.1148313492063492 0.6130952380952381 0.11359126984126984 0.6064814814814815 0.10987103174603174 0.6018518518518519 0.10267857142857142 0.6015211640211641 0.09573412698412699 0.605489417989418 0.0882936507936508 0.6117724867724867 0.08333333333333333 0.6177248677248677 0.08085317460317461 0.6299603174603174 0.08060515873015874
0 0.24735449735449735 0.26091269841269843 0.2622354497354497 0.2683531746031746 0.2662037037037037 0.27976190476190477 0.25892857142857145 0.2934027777777778 0.24636243386243387 0.29737103174603174 0.23412698412698413 0.29464285714285715 0.22718253968253968 0.2899305555555556 0.22156084656084657 0.27529761904761907 0.22387566137566137 0.26959325396825395 0.23082010582010581 0.26413690476190477 0.23677248677248677 0.26165674603174605 0.24702380952380953 0.26091269841269843