0 0.4714517195767196 0.3596949404761905 0.016974206349206326 0.014692460317460264
0 0.5210548941798943 0.3402703373015873 0.01477182539682542 0.013871527777777738
0 0.5130059523809524 0.3597767857142857 0.018518518518518517 0.013204365079365026
0 0.5415575396825397 0.34737847222222223 0.016094576719576745 0.01155505952380956
0 0.560406746031746 0.3448983134920635 0.011904761904761904 0.009903273809523768
0 0.5928141534391534 0.34737847222222223 0.01940145502645505 0.01155505952380956
0 0.5977744708994709 0.35985863095238096 0.00948082010582013 0.011716269841269788
0 0.6232374338624339 0.35688492063492067 0.00969907407407405 0.012378472222222187
0 0.5488326719576719 0.36663690476190475 0.017417328042328067 0.015352182539682561
0 0.5712070105820105 0.36432291666666666 0.011464947089947114 0.010724206349206296
0 0.5266765873015873 0.3715972222222222 0.01940145502645505 0.01204365079365078
0 0.5152116402116402 0.384905753968254 0.022926587301587278 0.010553075396825443
0 0.5444212962962963 0.385483630952381 0.017417328042328067 0.013363095238095266
0 0.5628306878306878 0.38093750000000004 0.012344576719576696 0.009231150793650745
0 0.5871924603174603 0.3773015873015873 0.01477182539682542 0.008571428571428558
0 0.5989847883597883 0.36283482142857143 0.014110449735449759 0.0110540674603175
0 0.5875231481481482 0.37548363095238096 0.008819444444444468 0.008241567460317465
0 0.5688921957671957 0.3830877976190476 0.017857142857142856 0.010223214285714237
0 0.5456349206349206 0.38688988095238097 0.013227513227513227 0.007906746031746058
0 0.5225958994708995 0.38821180555555557 0.013449074074074098 0.010553075396825443
0 0.5401223544973545 0.39928819444444447 0.015433201058201082 0.009556051587301637
0 0.5634920634920635 0.4094568452380953 0.01807870370370373 0.011703869047619062
0 0.5227083333333333 0.41433283730158726 0.020281084656084632 0.009883432539682517
0 0.5419973544973545 0.41797123015873017 0.016974206349206326 0.010543154761904816
0 0.5221560846560847 0.43367559523809524 0.030201719576719552 0.01219246031746028
0 0.5473974867724868 0.43995783730158733 0.016755952380952406 0.011530257936507882
0 0.5288789682539682 0.45111607142857146 0.023809523809523808 0.01565972222222219
0 0.5524702380952381 0.4624404761904762 0.022486772486772486 0.016812996031746023
0 0.5737433862433863 0.45169642857142855 0.01874007936507939 0.011857638888888876
0 0.5713194444444445 0.4329315476190476 0.01829695767195765 0.012358630952380935
0 0.5651455026455027 0.4111929563492064 0.01477182539682542 0.006907242063492041
0 0.59567791005291 0.4139186507936508 0.020724206349206374 0.010709325396825356
0 0.5871924603174603 0.39499007936507935 0.01477182539682542 0.007574404761904753
0 0.5901686507936508 0.3780456349206349 0.014110449735449759 0.008405257936507905
0 0.6101190476190477 0.3835019841269841 0.016534391534391533 0.009394841269841296
0 0.6322751322751323 0.38126984126984126 0.01455026455026455 0.009893353174603143
0 0.6571858465608466 0.37944940476190475 0.015873015873015872 0.00956349206349205
0 0.601630291005291 0.4088764880952381 0.01940145502645505 0.008893849206349239
0 0.6186078042328043 0.39606646825396824 0.013667328042328019 0.008070436507936499
0 0.6432969576719576 0.3965600198412699 0.01895833333333331 0.01236855158730156
0 0.6708564814814815 0.3982142857142857 0.025572089947089923 0.01567460317460313
0 0.6490310846560847 0.41069692460317464 0.021603835978835955 0.00922371031746033
0 0.6298511904761905 0.4156547619047619 0.014110449735449759 0.0125272817460318
0 0.6091269841269841 0.4244171626984127 0.025572089947089923 0.01351686507936508
0 0.6052678571428571 0.4421056547619047 0.02447089947089947 0.012519841269841275
0 0.6031746031746031 0.45582837301587303 0.01807870370370373 0.010203373015872983
0 0.5694444444444444 0.4466542658730159 0.016755952380952406 0.010039682539682545
0 0.6085747354497354 0.48128720238095235 0.026676587301587326 0.014823908730158725
0 0.6263227513227513 0.45789434523809525 0.015873015873015872 0.012681051587301614
0 0.646603835978836 0.4523561507936508 0.021164021164021163 0.013179563492063461
0 0.6473776455026455 0.4301215277777778 0.016094576719576745 0.010044642857142858
0 0.6305125661375661 0.4191269841269841 0.01984126984126984 0.009551091269841324
0 0.6729497354497355 0.42309523809523814 0.01432870370370368 0.01087301587301591
0 0.6700826719576719 0.401108630952381 0.013005952380952358 0.00988591269841273
0 0.7117493386243386 0.432765376984127 0.021385582010582035 0.008720238095238059
0 0.6818783068783069 0.4364856150793651 0.012344576719576696 0.00789434523809522
0 0.6701951058201059 0.45128224206349205 0.01984126984126984 0.012683531746031715
0 0.6475958994708995 0.45169642857142855 0.020942460317460294 0.011857638888888876
0 0.6302910052910053 0.46062251984126984 0.023809523809523808 0.01648313492063493
0 0.6302910052910053 0.4817013888888889 0.014990079365079342 0.013998015873015886
0 0.65432208994709 0.47203125 0.02336970899470902 0.009536210317460273
0 0.6714054232804233 0.4554141865079365 0.015651455026455003 0.011029265873015823
0 0.6977513227513228 0.45690228174603176 0.008819444444444468 0.01069692460317463
0 0.6785714285714286 0.44177579365079367 0.01895833333333331 0.011860119047619088
0 0.7172619047619048 0.4521924603174603 0.01917989417989418 0.009541170634920585
0 0.7023809523809523 0.46773313492063495 0.013667328042328019 0.007554563492063501
0 0.6845238095238095 0.4705431547619048 0.017635582010581987 0.009868551587301579
0 0.6491402116402116 0.4721949404761905 0.01961970899470897 0.013174603174603148
0 0.6311739417989418 0.48393353174603176 0.016755952380952406 0.01350198412698414
0 0.6498015873015873 0.49071180555555555 0.016534391534391533 0.010523313492063452
0 0.6772486772486772 0.48839781746031746 0.02513227513227513 0.012507440476190436
0 0.6830919312169312 0.47244295634920636 0.016974206349206326 0.008710317460317434
0 0.7017195767195767 0.4703769841269841 0.016755952380952406 0.012842261904761955
0 0.7190244708994709 0.4545882936507937 0.013888888888888888 0.012683531746031715
0 0.7293882275132275 0.466078869047619 0.021385582010582035 0.01086061507936507
0 0.716931216931217 0.48145337301587304 0.02513227513227513 0.01184771825396825
0 0.7613525132275132 0.5021180555555556 0.01036044973544971 0.016803075396825396
0 0.7585978835978836 0.5217906746031746 0.024692460317460342 0.01977182539682546
0 0.7325826719576719 0.5248487103174603 0.025572089947089923 0.024236111111111173
0 0.8451289682539683 0.5093105158730159 0.01917989417989418 0.012998511904761869
0 0.11717261904761904 0.5347693452380953 0.027116402116402115 0.01761904761904761
0 0.2522056878306878 0.5459275793650793 0.03042328042328042 0.015136408730158667
0 0.2207903439153439 0.584861111111111 0.013888888888888888 0.021904761904761833
0 0.09457671957671958 0.5865972222222222 0.019401455026455013 0.010496031746031673
0 0.2574966931216931 0.6128000992063491 0.03218584656084654 0.021564980158730113
0 0.2404100529100529 0.6342435515873016 0.022265211640211616 0.013196924603174611
0 0.21494708994708994 0.6384598214285714 0.022046957671957697 0.016669146825396833
0 0.19157738095238097 0.6372197420634921 0.01940145502645505 0.012534722222222213
0 0.1430787037037037 0.6389558531746031 0.019401455026455013 0.014352678571428544
0 0.17239748677248679 0.6481299603174604 0.020724206349206353 0.014516369047618985
0 0.13337632275132275 0.659704861111111 0.017635582010582025 0.011205357142857215
0 0.16302910052910052 0.66796875 0.021825396825396824 0.014511408730158784
0 0.18452380952380953 0.6677207341269841 0.022926587301587278 0.012361111111111147
0 0.20976521164021164 0.6580505952380953 0.027116402116402115 0.014513888888888998
0 0.13514219576719577 0.6837574404761905 0.021164021164021163 0.01467261904761901
0 0.21693121693121692 0.6718551587301588 0.012787698412698436 0.010706845238095257
0 0.23985780423280426 0.6698710317460318 0.01455026455026455 0.01335317460317464
0 0.2810846560846561 0.6711111111111111 0.022046957671957697 0.017485119047619048
0 0.2566137566137566 0.6840054563492063 0.021603835978835955 0.016820436507936437
0 0.22123015873015872 0.6886359126984127 0.02358796296296294 0.012852182539682467
0 0.2414021164021164 0.7049181547619048 0.013227513227513227 0.01069692460317463
0 0.2634490740740741 0.7026041666666667 0.022046957671957697 0.012683531746031828
0 0.28725859788359787 0.6978100198412699 0.025572089947089923 0.01301339285714292
0 0.28747685185185184 0.7161607142857143 0.03042328042328042 0.0133407738095238
0 0.27932208994708996 0.730295138888889 0.018518518518518517 0.016808035714285824
0 0.21252314814814813 0.7324454365079365 0.021603835978835955 0.017800099206349316
0 0.3093022486772487 0.7275669642857143 0.025572089947089923 0.013005952380952281
0 0.3316798941798942 0.740297619047619 0.01961970899470897 0.015317460317460372
0 0.30423280423280424 0.7444295634920635 0.01984126984126984 0.02027529761904762
0 0.3216501322751323 0.7585664682539682 0.014990079365079342 0.010518353174603139
0 0.34898478835978836 0.7651785714285714 0.016755952380952406 0.01712797619047629
0 0.33035714285714285 0.7830332341269841 0.025793650793650792 0.013154761904761897
0 0.32771164021164023 0.806344246031746 0.02932208994708997 0.01678571428571436
0 0.3002645502645503 0.8127901785714285 0.020724206349206374 0.019759424603174622
0 0.3541666666666667 0.8151884920634921 0.0205026455026455 0.0162872023809524
0 0.3636474867724868 0.7916294642857142 0.017417328042328067 0.01712053571428565
0 0.3831580687830688 0.7754290674603175 0.01895833333333331 0.017787698412698477
0 0.38778769841269844 0.7953497023809524 0.023809523809523808 0.016294642857142813
0 0.376984126984127 0.8122123015873016 0.015433201058201082 0.010337301587301659
0 0.3795205026455027 0.8266765873015872 0.022708333333333358 0.014466765873015855
0 0.40321759259259254 0.8155183531746032 0.01940145502645505 0.016949404761904797
0 0.41986441798941804 0.7834474206349207 0.01961970899470897 0.012328869047619057
0 0.45789351851851856 0.7698065476190477 0.014110449735449759 0.01315972222222232
0 0.49581018518518516 0.7698065476190477 0.01940145502645505 0.01315972222222232
0 0.47596891534391533 0.789233630952381 0.023809523809523808 0.013980654761904734
0 0.46020833333333333 0.7995659722222223 0.025353835978836003 0.013152281746031683
0 0.4357374338624339 0.8004737103174604 0.016094576719576745 0.016622023809523916
0 0.4384920634920635 0.831470734126984 0.01940145502645505 0.01413442460317455
0 0.4708994708994709 0.8231225198412698 0.026894841269841246 0.01231894841269843
0 0.46538690476190475 0.805515873015873 0.020281084656084632 0.011827876984126885
0 0.48258267195767196 0.7930357142857143 0.01940145502645505 0.011664186507936445
0 0.49779431216931214 0.7760887896825397 0.01895833333333331 0.012497519841269922
0 0.5002215608465609 0.7912996031746031 0.01940145502645505 0.009846230158730113
0 0.5229265873015873 0.7989037698412698 0.016312830687830664 0.018442460317460236
0 0.5756183862433862 0.8127901785714285 0.0291005291005291 0.013147321428571482
0 0.35383597883597884 0.8204786706349206 0.026455026455026454 0.020255456349206367
0 0.3833763227513227 0.8299851190476191 0.014990079365079342 0.014464285714285641
0 0.43287037037037035 0.8340327380952381 0.032407407407407406 0.02091269841269834
0 0.38040013227513225 0.904047619047619 0.03329034391534394 0.023702876984126913
0 0.396494708994709 0.9301686507936509 0.025793650793650792 0.01642113095238096
0 0.3672850529100529 0.9409126984126984 0.022486772486772486 0.02137896825396821