0 0.2640625 0.3703125 0.2796875 0.3765625 0.284375 0.384375 0.2828125 0.3953125 0.278125 0.4 0.259375 0.409375 0.2359375 0.4109375 0.225 0.4140625 0.20625 0.4140625 0.19375 0.4078125 0.1890625 0.4 0.1890625 0.390625 0.1921875 0.384375 0.2109375 0.3765625 0.2625 0.3703125
0 0.55 0.5703125 0.5890625 0.584375 0.59375 0.584375 0.6140625 0.5953125 0.615625 0.5984375 0.6140625 0.615625 0.609375 0.6203125 0.5984375 0.625 0.584375 0.625 0.534375 0.6078125 0.525 0.6015625 0.5203125 0.5921875 0.521875 0.58125 0.53125 0.5734375 0.5484375 0.5703125
0 0.3625 0.446875 0.384375 0.459375 0.3859375 0.4625 0.4 0.471875 0.4109375 0.484375 0.409375 0.496875 0.40625 0.5015625 0.390625 0.509375 0.378125 0.5078125 0.36875 0.503125 0.3390625 0.48125 0.33125 0.46875 0.33125 0.4609375 0.3390625 0.45 0.346875 0.446875 0.3609375 0.446875
0 0.4046875 0.4203125 0.440625 0.453125 0.4390625 0.4703125 0.4265625 0.4796875 0.4109375 0.4796875 0.378125 0.4515625 0.371875 0.4484375 0.3671875 0.4421875 0.365625 0.4296875 0.3765625 0.41875 0.396875 0.4171875 0.403125 0.4203125
0 0.425 0.3296875 0.4359375 0.33125 0.4484375 0.340625 0.45 0.35 0.446875 0.3578125 0.4359375 0.365625 0.3953125 0.371875 0.378125 0.371875 0.36875 0.36875 0.3609375 0.359375 0.3625 0.34375 0.3671875 0.3390625 0.375 0.3359375 0.4234375 0.3296875
0 0.4671875 0.5546875 0.4734375 0.5578125 0.4796875 0.565625 0.478125 0.5796875 0.471875 0.5859375 0.4671875 0.5890625 0.415625 0.6046875 0.3984375 0.603125 0.390625 0.5984375 0.384375 0.5859375 0.3875 0.5765625 0.396875 0.56875 0.446875 0.553125 0.4640625 0.553125 0.465625 0.5546875
0 0.2984375 0.403125 0.3078125 0.4109375 0.3140625 0.4203125 0.328125 0.434375 0.3328125 0.44375 0.3328125 0.4515625 0.3296875 0.4578125 0.315625 0.4671875 0.3 0.4671875 0.2921875 0.4625 0.2640625 0.4296875 0.2609375 0.4234375 0.2625 0.4109375 0.271875 0.403125 0.278125 0.4015625 0.2953125 0.4015625 0.296875 0.403125
0 0.5375 0.421875 0.54375 0.4296875 0.54375 0.4421875 0.5375 0.45 0.525 0.4546875 0.4921875 0.45625 0.490625 0.4578125 0.4671875 0.45625 0.453125 0.446875 0.4515625 0.4421875 0.453125 0.43125 0.459375 0.425 0.4671875 0.421875 0.49375 0.41875 0.5296875 0.41875 0.5359375 0.421875
0 0.3734375 0.378125 0.384375 0.3796875 0.39375 0.3859375 0.396875 0.3921875 0.3953125 0.4046875 0.3890625 0.4109375 0.34375 0.4328125 0.3296875 0.4328125 0.3171875 0.4203125 0.3140625 0.415625 0.3140625 0.4109375 0.321875 0.4 0.3609375 0.38125 0.371875 0.3796875
0 0.43125 0.3796875 0.4484375 0.3625 0.4609375 0.3578125 0.478125 0.3609375 0.4859375 0.36875 0.4859375 0.3796875 0.478125 0.39375 0.4578125 0.415625 0.446875 0.421875 0.4296875 0.4203125 0.4171875 0.4109375 0.415625 0.4 0.425 0.3859375 0.43125 0.38125
0 0.5375 0.478125 0.5453125 0.484375 0.5546875 0.5234375 0.553125 0.5375 0.546875 0.54375 0.5375 0.5484375 0.5296875 0.5484375 0.5109375 0.540625 0.5046875 0.5296875 0.503125 0.5125 0.5 0.503125 0.5 0.4875 0.50625 0.4796875 0.51875 0.475 0.5296875 0.475 0.5359375 0.478125