0 0.373015873015873 0.7393353174603174 0.38095238095238093 0.7413194444444444 0.3958333333333333 0.7586805555555556 0.39384920634920634 0.7688492063492064 0.38756613756613756 0.7757936507936508 0.37996031746031744 0.7800099206349206 0.3680555555555556 0.7817460317460317 0.3521825396825397 0.777281746031746 0.3472222222222222 0.7725694444444444 0.34523809523809523 0.7606646825396826 0.3488756613756614 0.7514880952380952 0.35615079365079366 0.7440476190476191 0.3726851851851852 0.7395833333333334
0 0.5889550264550265 0.7953869047619048 0.5988756613756614 0.7973710317460317 0.609457671957672 0.8043154761904762 0.6134259259259259 0.8102678571428571 0.6137566137566137 0.8187003968253969 0.6104497354497355 0.8278769841269841 0.6044973544973545 0.8333333333333334 0.5932539682539683 0.8373015873015873 0.5830026455026455 0.8377976190476191 0.576058201058201 0.8363095238095238 0.5701058201058201 0.832093253968254 0.5641534391534392 0.8169642857142857 0.5773809523809523 0.7981150793650794 0.5886243386243386 0.7953869047619048
0 0.6329365079365079 0.7234623015873016 0.654431216931217 0.7338789682539683 0.6567460317460317 0.7413194444444444 0.6461640211640212 0.7599206349206349 0.6415343915343915 0.7628968253968254 0.6302910052910053 0.7641369047619048 0.6167328042328042 0.7631448412698413 0.6087962962962963 0.7581845238095238 0.6025132275132276 0.7472718253968254 0.6018518518518519 0.7413194444444444 0.6064814814814815 0.730406746031746 0.6253306878306878 0.7237103174603174 0.6326058201058201 0.7234623015873016
0 0.3912037037037037 0.8179563492063492 0.4007936507936508 0.8204365079365079 0.4080687830687831 0.8271329365079365 0.4117063492063492 0.8328373015873016 0.4130291005291005 0.8442460317460317 0.4097222222222222 0.8521825396825397 0.4007936507936508 0.859375 0.38227513227513227 0.8628472222222222 0.3697089947089947 0.861359126984127 0.36144179894179895 0.8559027777777778 0.3578042328042328 0.8489583333333334 0.3584656084656085 0.8348214285714286 0.3637566137566138 0.8278769841269841 0.37367724867724866 0.8209325396825397 0.39087301587301587 0.8179563492063492
0 0.5512566137566137 0.6808035714285714 0.5740740740740741 0.6815476190476191 0.5793650793650794 0.6852678571428571 0.5833333333333334 0.6922123015873016 0.578042328042328 0.7105654761904762 0.5740740740740741 0.7142857142857143 0.5648148148148148 0.7177579365079365 0.5406746031746031 0.7140376984126984 0.5347222222222222 0.7110615079365079 0.5317460317460317 0.7063492063492064 0.531415343915344 0.6956845238095238 0.5353835978835979 0.6872519841269841 0.5433201058201058 0.6815476190476191 0.5509259259259259 0.6808035714285714
0 0.296957671957672 0.7487599206349206 0.3039021164021164 0.7497519841269841 0.32242063492063494 0.7599206349206349 0.3247354497354497 0.763640873015873 0.3247354497354497 0.7728174603174603 0.32142857142857145 0.7795138888888888 0.31613756613756616 0.7834821428571429 0.3058862433862434 0.7867063492063492 0.2857142857142857 0.7847222222222222 0.2791005291005291 0.7805059523809523 0.2751322751322751 0.7733134920634921 0.2757936507936508 0.7624007936507936 0.28075396825396826 0.7549603174603174 0.2896825396825397 0.7497519841269841 0.29662698412698413 0.7487599206349206
0 0.5482804232804233 0.5679563492063492 0.5535714285714286 0.5694444444444444 0.564484126984127 0.5791170634920635 0.5671296296296297 0.5885416666666666 0.5598544973544973 0.6024305555555556 0.5466269841269841 0.6081349206349206 0.5300925925925926 0.6066468253968254 0.5241402116402116 0.6039186507936508 0.5178571428571429 0.5964781746031746 0.5152116402116402 0.5845734126984127 0.5221560846560847 0.574156746031746 0.529431216931217 0.5691964285714286 0.5373677248677249 0.5672123015873016 0.5479497354497355 0.5679563492063492
0 0.6068121693121693 0.8365575396825397 0.6203703703703703 0.8442460317460317 0.6243386243386243 0.8601190476190477 0.6197089947089947 0.8687996031746031 0.611441798941799 0.876984126984127 0.6008597883597884 0.8784722222222222 0.5873015873015873 0.876984126984127 0.5777116402116402 0.8712797619047619 0.5720899470899471 0.8628472222222222 0.5710978835978836 0.8524305555555556 0.5744047619047619 0.8442460317460317 0.5813492063492064 0.8385416666666666 0.6015211640211641 0.8355654761904762 0.6064814814814815 0.8365575396825397
0 0.5291005291005291 0.6145833333333334 0.5357142857142857 0.6160714285714286 0.5443121693121693 0.6225198412698413 0.5512566137566137 0.6361607142857143 0.5509259259259259 0.6401289682539683 0.544973544973545 0.6478174603174603 0.5327380952380952 0.6557539682539683 0.5152116402116402 0.6527777777777778 0.5076058201058201 0.6495535714285714 0.5 0.6376488095238095 0.5016534391534392 0.628968253968254 0.5082671957671958 0.6207837301587301 0.5165343915343915 0.6160714285714286 0.5287698412698413 0.6145833333333334
0 0.3244047619047619 0.5181051587301587 0.33465608465608465 0.5200892857142857 0.3419312169312169 0.5252976190476191 0.34755291005291006 0.5329861111111112 0.3488756613756614 0.5436507936507936 0.34523809523809523 0.5503472222222222 0.3392857142857143 0.5550595238095238 0.31746031746031744 0.5612599206349206 0.31084656084656087 0.560515873015873 0.2953042328042328 0.5500992063492064 0.2926587301587302 0.5394345238095238 0.2943121693121693 0.5329861111111112 0.30158730158730157 0.5248015873015873 0.31382275132275134 0.5188492063492064 0.32407407407407407 0.5181051587301587
0 0.48148148148148145 0.7876984126984127 0.5082671957671958 0.796875 0.5119047619047619 0.8112599206349206 0.5046296296296297 0.8221726190476191 0.48743386243386244 0.828125 0.478505291005291 0.8291170634920635 0.4708994708994709 0.8283730158730159 0.4632936507936508 0.8234126984126984 0.4593253968253968 0.8177083333333334 0.458994708994709 0.8087797619047619 0.4626322751322751 0.7991071428571429 0.4685846560846561 0.7924107142857143 0.4732142857142857 0.7889384920634921 0.48115079365079366 0.7876984126984127
0 0.6408730158730159 0.8025793650793651 0.65244708994709 0.8072916666666666 0.6666666666666666 0.824156746031746 0.6617063492063492 0.8387896825396826 0.6484788359788359 0.845734126984127 0.6369047619047619 0.845734126984127 0.6240079365079365 0.8422619047619048 0.6187169312169312 0.8387896825396826 0.6144179894179894 0.830109126984127 0.6150793650793651 0.8191964285714286 0.6193783068783069 0.810515873015873 0.6266534391534392 0.8053075396825397 0.640542328042328 0.8025793650793651
0 0.6752645502645502 0.7420634920634921 0.6832010582010583 0.7447916666666666 0.6924603174603174 0.7527281746031746 0.6974206349206349 0.7661210317460317 0.6951058201058201 0.7730654761904762 0.6871693121693122 0.78125 0.6716269841269841 0.7839781746031746 0.6650132275132276 0.7837301587301587 0.6574074074074074 0.779265873015873 0.6468253968253969 0.7653769841269841 0.6468253968253969 0.7619047619047619 0.6507936507936508 0.7529761904761905 0.6574074074074074 0.746031746031746 0.6653439153439153 0.7425595238095238 0.6749338624338624 0.7420634920634921
0 0.4341931216931217 0.5421626984126984 0.4427910052910053 0.5446428571428571 0.4513888888888889 0.5503472222222222 0.4556878306878307 0.5577876984126984 0.4566798941798942 0.5677083333333334 0.4494047619047619 0.5803571428571429 0.4322089947089947 0.5858134920634921 0.41898148148148145 0.5850694444444444 0.40773809523809523 0.578125 0.4021164021164021 0.5682043650793651 0.4011243386243386 0.5592757936507936 0.4037698412698413 0.5530753968253969 0.41203703703703703 0.5466269841269841 0.42063492063492064 0.5431547619047619 0.43386243386243384 0.5421626984126984
0 0.48478835978835977 0.7172619047619048 0.4976851851851852 0.7202380952380952 0.5066137566137566 0.7256944444444444 0.5099206349206349 0.7309027777777778 0.5112433862433863 0.7413194444444444 0.5085978835978836 0.7477678571428571 0.5036375661375662 0.7517361111111112 0.484457671957672 0.7562003968253969 0.47685185185185186 0.7544642857142857 0.46825396825396826 0.7492559523809523 0.46164021164021163 0.738343253968254 0.4623015873015873 0.7286706349206349 0.4675925925925926 0.7224702380952381 0.47354497354497355 0.7182539682539683 0.484457671957672 0.7172619047619048
0 0.5367063492063492 0.7142857142857143 0.5634920634920635 0.7180059523809523 0.5691137566137566 0.7254464285714286 0.5704365079365079 0.7356150793650794 0.5681216931216931 0.7410714285714286 0.5502645502645502 0.7517361111111112 0.5300925925925926 0.7482638888888888 0.521494708994709 0.7403273809523809 0.5198412698412699 0.730406746031746 0.5218253968253969 0.7229662698412699 0.5281084656084656 0.7165178571428571 0.5363756613756614 0.7142857142857143
0 0.265542328042328 0.714781746031746 0.2933201058201058 0.7160218253968254 0.3012566137566138 0.7214781746031746 0.30257936507936506 0.7311507936507936 0.29894179894179895 0.7413194444444444 0.29464285714285715 0.7457837301587301 0.2824074074074074 0.751984126984127 0.2708333333333333 0.7532242063492064 0.26322751322751325 0.7517361111111112 0.25165343915343913 0.7445436507936508 0.24867724867724866 0.7385912698412699 0.25165343915343913 0.7237103174603174 0.25462962962962965 0.7199900793650794 0.26521164021164023 0.7150297619047619
0 0.3644179894179894 0.6448412698412699 0.3872354497354497 0.6478174603174603 0.39186507936507936 0.6507936507936508 0.3951719576719577 0.658234126984127 0.3951719576719577 0.6646825396825397 0.3869047619047619 0.6750992063492064 0.37962962962962965 0.6788194444444444 0.373015873015873 0.6795634920634921 0.3558201058201058 0.6768353174603174 0.34755291005291006 0.6708829365079365 0.3445767195767196 0.6654265873015873 0.3462301587301587 0.6507936507936508 0.35284391534391535 0.6453373015873016 0.36408730158730157 0.6448412698412699
0 0.45535714285714285 0.7445436507936508 0.4636243386243386 0.7477678571428571 0.4708994708994709 0.753968253968254 0.4748677248677249 0.7584325396825397 0.476521164021164 0.7666170634920635 0.4751984126984127 0.7757936507936508 0.47023809523809523 0.7824900793650794 0.46395502645502645 0.7867063492063492 0.453042328042328 0.7896825396825397 0.44246031746031744 0.7886904761904762 0.4312169312169312 0.783234126984127 0.42427248677248675 0.7757936507936508 0.42162698412698413 0.7648809523809523 0.4246031746031746 0.7566964285714286 0.43584656084656087 0.7470238095238095 0.44675925925925924 0.7440476190476191 0.455026455026455 0.7445436507936508
0 0.5783730158730159 0.7388392857142857 0.595568783068783 0.7435515873015873 0.6025132275132276 0.75 0.6058201058201058 0.7584325396825397 0.6001984126984127 0.7725694444444444 0.591931216931217 0.777281746031746 0.5810185185185185 0.7795138888888888 0.5697751322751323 0.7777777777777778 0.560515873015873 0.7728174603174603 0.5532407407407407 0.7601686507936508 0.5548941798941799 0.7509920634920635 0.5704365079365079 0.7398313492063492 0.578042328042328 0.7388392857142857
0 0.4117063492063492 0.7177579365079365 0.42162698412698413 0.7197420634920635 0.4365079365079365 0.7313988095238095 0.43783068783068785 0.7361111111111112 0.43683862433862436 0.7435515873015873 0.43287037037037035 0.7485119047619048 0.421957671957672 0.7579365079365079 0.4150132275132275 0.7594246031746031 0.40145502645502645 0.7589285714285714 0.39384920634920634 0.7564484126984127 0.38591269841269843 0.7490079365079365 0.38227513227513227 0.7420634920634921 0.38492063492063494 0.7326388888888888 0.39351851851851855 0.7232142857142857 0.3998015873015873 0.7197420634920635 0.4113756613756614 0.7177579365079365
0 0.4011243386243386 0.6654265873015873 0.42658730158730157 0.6681547619047619 0.4351851851851852 0.6753472222222222 0.43287037037037035 0.6912202380952381 0.42228835978835977 0.7003968253968254 0.4117063492063492 0.7021329365079365 0.3955026455026455 0.7003968253968254 0.38591269841269843 0.6937003968253969 0.3835978835978836 0.6889880952380952 0.3862433862433862 0.6750992063492064 0.39451058201058203 0.6666666666666666 0.4007936507936508 0.6654265873015873
0 0.33564814814814814 0.6691468253968254 0.3458994708994709 0.6703869047619048 0.3551587301587302 0.6765873015873016 0.3578042328042328 0.6867559523809523 0.3548280423280423 0.6961805555555556 0.34854497354497355 0.7028769841269841 0.3323412698412698 0.7108134920634921 0.3167989417989418 0.7100694444444444 0.30654761904761907 0.7058531746031746 0.30324074074074076 0.6852678571428571 0.31316137566137564 0.6748511904761905 0.3210978835978836 0.6713789682539683 0.3353174603174603 0.6691468253968254
0 0.6140873015873016 0.6579861111111112 0.6296296296296297 0.6641865079365079 0.638558201058201 0.6753472222222222 0.6369047619047619 0.6904761904761905 0.6302910052910053 0.6974206349206349 0.6240079365079365 0.6999007936507936 0.6084656084656085 0.6996527777777778 0.5972222222222222 0.6971726190476191 0.5876322751322751 0.6929563492063492 0.5826719576719577 0.6845238095238095 0.5830026455026455 0.6753472222222222 0.5882936507936508 0.6651785714285714 0.5942460317460317 0.6612103174603174 0.6137566137566137 0.6579861111111112
0 0.453042328042328 0.6607142857142857 0.4599867724867725 0.6636904761904762 0.4775132275132275 0.6646825396825397 0.4851190476190476 0.671875 0.484457671957672 0.685515873015873 0.47784391534391535 0.6927083333333334 0.4675925925925926 0.6981646825396826 0.44841269841269843 0.6966765873015873 0.4375 0.6884920634920635 0.43716931216931215 0.671875 0.44345238095238093 0.6646825396825397 0.45271164021164023 0.6607142857142857
0 0.6372354497354498 0.8566468253968254 0.654431216931217 0.8628472222222222 0.6620370370370371 0.8802083333333334 0.6557539682539683 0.8948412698412699 0.6504629629629629 0.8983134920634921 0.6408730158730159 0.8998015873015873 0.6306216931216931 0.8990575396825397 0.6233465608465608 0.8960813492063492 0.6144179894179894 0.8876488095238095 0.6121031746031746 0.8809523809523809 0.6124338624338624 0.8764880952380952 0.6259920634920635 0.8601190476190477 0.6369047619047619 0.8566468253968254
0 0.37334656084656087 0.6927083333333334 0.38062169312169314 0.6954365079365079 0.390542328042328 0.7038690476190477 0.39451058201058203 0.7103174603174603 0.3951719576719577 0.7194940476190477 0.38326719576719576 0.7316468253968254 0.3723544973544973 0.7336309523809523 0.3587962962962963 0.7316468253968254 0.353505291005291 0.7284226190476191 0.3468915343915344 0.720734126984127 0.3455687830687831 0.7127976190476191 0.3482142857142857 0.7063492063492064 0.3568121693121693 0.6979166666666666 0.3630952380952381 0.6941964285714286 0.373015873015873 0.6927083333333334
0 0.37632275132275134 0.6059027777777778 0.3898809523809524 0.6088789682539683 0.4011243386243386 0.6200396825396826 0.39814814814814814 0.6356646825396826 0.39186507936507936 0.6453373015873016 0.3872354497354497 0.6473214285714286 0.36243386243386244 0.6453373015873016 0.3551587301587302 0.6431051587301587 0.3455687830687831 0.6277281746031746 0.34755291005291006 0.6180555555555556 0.3544973544973545 0.611359126984127 0.3627645502645503 0.6076388888888888 0.3759920634920635 0.6059027777777778
0 0.45006613756613756 0.5828373015873016 0.4619708994708995 0.5895337301587301 0.46825396825396826 0.5989583333333334 0.4685846560846561 0.6034226190476191 0.46395502645502645 0.6130952380952381 0.458994708994709 0.6170634920634921 0.4523809523809524 0.6205357142857143 0.44345238095238093 0.6217757936507936 0.43154761904761907 0.6205357142857143 0.4212962962962963 0.6155753968253969 0.4150132275132275 0.6059027777777778 0.41435185185185186 0.5954861111111112 0.4212962962962963 0.5868055555555556 0.4497354497354497 0.5828373015873016
0 0.3429232804232804 0.7733134920634921 0.36607142857142855 0.7807539682539683 0.37136243386243384 0.7926587301587301 0.3654100529100529 0.8072916666666666 0.35912698412698413 0.8120039682539683 0.3492063492063492 0.814484126984127 0.3333333333333333 0.8112599206349206 0.3244047619047619 0.8033234126984127 0.31977513227513227 0.7956349206349206 0.3210978835978836 0.7889384920634921 0.3273809523809524 0.779265873015873 0.3349867724867725 0.7745535714285714 0.3425925925925926 0.7733134920634921
0 0.5588624338624338 0.7738095238095238 0.5744047619047619 0.7822420634920635 0.5777116402116402 0.7936507936507936 0.5763888888888888 0.7998511904761905 0.566468253968254 0.8120039682539683 0.5539021164021164 0.8162202380952381 0.5419973544973545 0.8139880952380952 0.5291005291005291 0.8075396825396826 0.5251322751322751 0.8023313492063492 0.5231481481481481 0.7926587301587301 0.5360449735449735 0.7755456349206349 0.5499338624338624 0.7725694444444444 0.558531746031746 0.7738095238095238
0 0.4226190476190476 0.7765376984126984 0.4460978835978836 0.7919146825396826 0.44742063492063494 0.7971230158730159 0.44642857142857145 0.8075396825396826 0.44312169312169314 0.8120039682539683 0.43187830687830686 0.8204365079365079 0.4246031746031746 0.8216765873015873 0.4097222222222222 0.8214285714285714 0.4007936507936508 0.8184523809523809 0.390542328042328 0.8072916666666666 0.38921957671957674 0.796875 0.392526455026455 0.7881944444444444 0.40046296296296297 0.7814980158730159 0.41203703703703703 0.777281746031746 0.42228835978835977 0.7765376984126984
0 0.6871693121693122 0.7827380952380952 0.703042328042328 0.7899305555555556 0.7073412698412699 0.7966269841269841 0.7083333333333334 0.8048115079365079 0.7017195767195767 0.8177083333333334 0.6951058201058201 0.8214285714285714 0.6868386243386243 0.8229166666666666 0.6646825396825397 0.8199404761904762 0.6570767195767195 0.8125 0.6527777777777778 0.8035714285714286 0.6541005291005291 0.7951388888888888 0.6617063492063492 0.7854662698412699 0.6868386243386243 0.7827380952380952
0 0.41865079365079366 0.6262400793650794 0.42857142857142855 0.6277281746031746 0.4398148148148148 0.6334325396825397 0.44477513227513227 0.6500496031746031 0.4441137566137566 0.6577380952380952 0.4398148148148148 0.6624503968253969 0.42592592592592593 0.667906746031746 0.41369047619047616 0.6674107142857143 0.40046296296296297 0.6641865079365079 0.39285714285714285 0.6507936507936508 0.39351851851851855 0.6438492063492064 0.4007936507936508 0.6316964285714286 0.4183201058201058 0.6262400793650794
0 0.3826058201058201 0.5523313492063492 0.39880952380952384 0.558531746031746 0.40575396825396826 0.578125 0.39715608465608465 0.5885416666666666 0.3783068783068783 0.5944940476190477 0.3664021164021164 0.5930059523809523 0.357473544973545 0.5885416666666666 0.3501984126984127 0.578125 0.3492063492063492 0.5706845238095238 0.3525132275132275 0.5637400793650794 0.3611111111111111 0.5567956349206349 0.36937830687830686 0.5533234126984127 0.38227513227513227 0.5523313492063492
0 0.4930555555555556 0.6877480158730159 0.5006613756613757 0.6912202380952381 0.515542328042328 0.6922123015873016 0.5224867724867724 0.6951884920634921 0.5228174603174603 0.7130456349206349 0.5158730158730159 0.71875 0.5059523809523809 0.7212301587301587 0.48412698412698413 0.7175099206349206 0.47585978835978837 0.7098214285714286 0.47585978835978837 0.6959325396825397 0.484457671957672 0.6877480158730159 0.4877645502645503 0.6862599206349206 0.49272486772486773 0.6877480158730159
0 0.5995370370370371 0.5808531746031746 0.6127645502645502 0.591765873015873 0.6147486772486772 0.6031746031746031 0.6127645502645502 0.609375 0.6064814814814815 0.6163194444444444 0.5922619047619048 0.6220238095238095 0.580026455026455 0.6202876984126984 0.5734126984126984 0.6163194444444444 0.5654761904761905 0.6061507936507936 0.5638227513227513 0.5984623015873016 0.5724206349206349 0.5835813492063492 0.5992063492063492 0.5808531746031746
0 0.6220238095238095 0.7646329365079365 0.6431878306878307 0.7651289682539683 0.6554232804232805 0.7795138888888888 0.656084656084656 0.7857142857142857 0.6517857142857143 0.7934027777777778 0.6372354497354498 0.8003472222222222 0.6266534391534392 0.8000992063492064 0.6167328042328042 0.7973710317460317 0.6111111111111112 0.7934027777777778 0.6068121693121693 0.7857142857142857 0.605489417989418 0.7767857142857143 0.6091269841269841 0.7690972222222222 0.6160714285714286 0.7646329365079365 0.6216931216931217 0.7646329365079365
0 0.4417989417989418 0.6941964285714286 0.4503968253968254 0.6976686507936508 0.4669312169312169 0.6996527777777778 0.4712301587301587 0.7073412698412699 0.4689153439153439 0.7204861111111112 0.46064814814814814 0.7279265873015873 0.4497354497354497 0.7316468253968254 0.4375 0.7311507936507936 0.4269179894179894 0.7244543650793651 0.4209656084656085 0.7172619047619048 0.42063492063492064 0.7098214285714286 0.4236111111111111 0.7028769841269841 0.43187830687830686 0.6956845238095238 0.44146825396825395 0.6941964285714286
0 0.33630952380952384 0.7150297619047619 0.34523809523809523 0.7194940476190477 0.3521825396825397 0.7274305555555556 0.3544973544973545 0.7408234126984127 0.3455687830687831 0.7532242063492064 0.32506613756613756 0.7601686507936508 0.31415343915343913 0.7571924603174603 0.3048941798941799 0.7509920634920635 0.3012566137566138 0.7450396825396826 0.30092592592592593 0.7378472222222222 0.30522486772486773 0.7251984126984127 0.31084656084656087 0.7197420634920635 0.32043650793650796 0.7152777777777778 0.335978835978836 0.7150297619047619
0 0.22784391534391535 0.705109126984127 0.23776455026455026 0.7073412698412699 0.24603174603174602 0.7127976190476191 0.25132275132275134 0.7239583333333334 0.24603174603174602 0.7380952380952381 0.2337962962962963 0.7445436507936508 0.2222222222222222 0.746031746031746 0.21031746031746032 0.7445436507936508 0.19808201058201058 0.7378472222222222 0.19477513227513227 0.734375 0.19246031746031747 0.722718253968254 0.19510582010582012 0.7165178571428571 0.20337301587301587 0.7098214285714286 0.2166005291005291 0.7053571428571429 0.2275132275132275 0.705109126984127
0 0.5641534391534392 0.6378968253968254 0.5734126984126984 0.6403769841269841 0.5856481481481481 0.6475694444444444 0.5896164021164021 0.6607142857142857 0.5813492063492064 0.6760912698412699 0.5750661375661376 0.6800595238095238 0.5651455026455027 0.6812996031746031 0.5535714285714286 0.6810515873015873 0.5453042328042328 0.6785714285714286 0.5396825396825397 0.6731150793650794 0.5353835978835979 0.6579861111111112 0.5529100529100529 0.6393849206349206 0.5638227513227513 0.6378968253968254
0 0.515542328042328 0.8995535714285714 0.5261243386243386 0.9027777777777778 0.5327380952380952 0.908234126984127 0.5367063492063492 0.9169146825396826 0.5373677248677249 0.9290674603174603 0.5300925925925926 0.9392361111111112 0.5228174603174603 0.9427083333333334 0.5105820105820106 0.9444444444444444 0.49966931216931215 0.9432043650793651 0.4937169312169312 0.9389880952380952 0.4894179894179894 0.9320436507936508 0.4887566137566138 0.9191468253968254 0.49107142857142855 0.9104662698412699 0.498015873015873 0.9040178571428571 0.5072751322751323 0.9000496031746031 0.5152116402116402 0.8995535714285714
0 0.6838624338624338 0.8430059523809523 0.6934523809523809 0.8452380952380952 0.7037037037037037 0.8524305555555556 0.7086640211640212 0.8588789682539683 0.7109788359788359 0.8685515873015873 0.7073412698412699 0.8802083333333334 0.6960978835978836 0.8869047619047619 0.6861772486772487 0.8891369047619048 0.673941798941799 0.8876488095238095 0.6636904761904762 0.8816964285714286 0.656415343915344 0.8653273809523809 0.6577380952380952 0.8566468253968254 0.6630291005291006 0.8482142857142857 0.6686507936507936 0.8452380952380952 0.683531746031746 0.8430059523809523
0 0.5095899470899471 0.6512896825396826 0.5291005291005291 0.6560019841269841 0.5373677248677249 0.671875 0.5373677248677249 0.6793154761904762 0.5340608465608465 0.6847718253968254 0.5284391534391535 0.689484126984127 0.5188492063492064 0.6932043650793651 0.49503968253968256 0.6889880952380952 0.49007936507936506 0.685515873015873 0.48578042328042326 0.6765873015873016 0.48578042328042326 0.6681547619047619 0.49107142857142855 0.6592261904761905 0.5 0.6525297619047619 0.5092592592592593 0.6512896825396826
0 0.5830026455026455 0.5399305555555556 0.5929232804232805 0.5419146825396826 0.5998677248677249 0.5463789682539683 0.6071428571428571 0.5600198412698413 0.6058201058201058 0.5696924603174603 0.5988756613756614 0.5791170634920635 0.5869708994708994 0.5833333333333334 0.5694444444444444 0.5825892857142857 0.5555555555555556 0.5709325396825397 0.5525793650793651 0.5639880952380952 0.5532407407407407 0.5540674603174603 0.5568783068783069 0.546875 0.5707671957671958 0.5404265873015873 0.5826719576719577 0.5399305555555556
0 0.49074074074074076 0.5662202380952381 0.501984126984127 0.5687003968253969 0.5089285714285714 0.5736607142857143 0.513558201058201 0.5811011904761905 0.5142195767195767 0.5890376984126984 0.5062830687830688 0.5992063492063492 0.4880952380952381 0.6046626984126984 0.4742063492063492 0.6026785714285714 0.4695767195767196 0.6001984126984127 0.46395502645502645 0.591765873015873 0.4623015873015873 0.5840773809523809 0.4646164021164021 0.5776289682539683 0.4708994708994709 0.5709325396825397 0.4808201058201058 0.5667162698412699 0.4904100529100529 0.5662202380952381
0 0.47619047619047616 0.621031746031746 0.49173280423280424 0.6267361111111112 0.5003306878306878 0.6403769841269841 0.49867724867724866 0.6517857142857143 0.48578042328042326 0.6624503968253969 0.48115079365079366 0.6639384920634921 0.45601851851851855 0.6612103174603174 0.4480820105820106 0.6547619047619048 0.4417989417989418 0.640625 0.44312169312169314 0.6336805555555556 0.4497354497354497 0.6264880952380952 0.4636243386243386 0.6212797619047619 0.47585978835978837 0.621031746031746
0 0.2857142857142857 0.6770833333333334 0.3019179894179894 0.6850198412698413 0.30456349206349204 0.6971726190476191 0.30357142857142855 0.7065972222222222 0.296957671957672 0.7135416666666666 0.2916666666666667 0.7155257936507936 0.2622354497354497 0.7137896825396826 0.25462962962962965 0.7065972222222222 0.251984126984127 0.6979166666666666 0.2526455026455027 0.6889880952380952 0.25925925925925924 0.6815476190476191 0.2728174603174603 0.6770833333333334 0.2853835978835979 0.6770833333333334
0 0.5896164021164021 0.6946924603174603 0.5988756613756614 0.6979166666666666 0.623015873015873 0.6999007936507936 0.6276455026455027 0.705109126984127 0.628968253968254 0.7172619047619048 0.6266534391534392 0.7217261904761905 0.6025132275132276 0.7313988095238095 0.5876322751322751 0.7276785714285714 0.5770502645502645 0.7170138888888888 0.5767195767195767 0.7130456349206349 0.5836640211640212 0.6984126984126984 0.5892857142857143 0.6946924603174603
0 0.5297619047619048 0.8087797619047619 0.5482804232804233 0.8159722222222222 0.5545634920634921 0.8249007936507936 0.5539021164021164 0.8360615079365079 0.5502645502645502 0.8422619047619048 0.5333994708994709 0.8492063492063492 0.5257936507936508 0.8489583333333334 0.515542328042328 0.8454861111111112 0.5085978835978836 0.8387896825396826 0.5059523809523809 0.8313492063492064 0.5072751322751323 0.8209325396825397 0.5115740740740741 0.8162202380952381 0.529431216931217 0.8087797619047619
0 0.5125661375661376 0.7527281746031746 0.52744708994709 0.7614087301587301 0.5317460317460317 0.7765376984126984 0.5241402116402116 0.7901785714285714 0.5089285714285714 0.7946428571428571 0.48974867724867727 0.7909226190476191 0.4808201058201058 0.7862103174603174 0.47685185185185186 0.769593253968254 0.4791666666666667 0.7606646825396826 0.482473544973545 0.7576884920634921 0.5059523809523809 0.7517361111111112 0.5122354497354498 0.7527281746031746