0 0.5360449735449735 0.12177579365079365 0.5423280423280423 0.1232638888888889 0.5509259259259259 0.12896825396825398 0.5572089947089947 0.13988095238095238 0.558531746031746 0.14756944444444445 0.5505952380952381 0.16071428571428573 0.5433201058201058 0.16493055555555555 0.5357142857142857 0.1661706349206349 0.5205026455026455 0.16517857142857142 0.5145502645502645 0.16294642857142858 0.5062830687830688 0.15500992063492064 0.5036375661375662 0.14831349206349206 0.5049603174603174 0.13740079365079366 0.5102513227513228 0.12996031746031747 0.5218253968253969 0.12276785714285714 0.5357142857142857 0.12177579365079365
0 0.6091269841269841 0.7237103174603174 0.6240079365079365 0.7269345238095238 0.6369047619047619 0.7405753968253969 0.6302910052910053 0.7562003968253969 0.623015873015873 0.7621527777777778 0.6137566137566137 0.765625 0.6021825396825397 0.765625 0.595568783068783 0.7628968253968254 0.5836640211640212 0.7527281746031746 0.5803571428571429 0.7465277777777778 0.5813492063492064 0.7380952380952381 0.5849867724867724 0.7331349206349206 0.5952380952380952 0.7264384920634921 0.6087962962962963 0.7237103174603174
0 0.6957671957671958 0.6138392857142857 0.7103174603174603 0.623015873015873 0.7156084656084656 0.6408730158730159 0.7113095238095238 0.6478174603174603 0.703042328042328 0.654265873015873 0.6871693121693122 0.6572420634920635 0.6749338624338624 0.6550099206349206 0.6630291005291006 0.6473214285714286 0.6590608465608465 0.6403769841269841 0.6590608465608465 0.6302083333333334 0.6626984126984127 0.6225198412698413 0.6709656084656085 0.6160714285714286 0.6954365079365079 0.6138392857142857
0 0.47585978835978837 0.7542162698412699 0.4880952380952381 0.7571924603174603 0.49636243386243384 0.7619047619047619 0.501984126984127 0.7748015873015873 0.5003306878306878 0.7827380952380952 0.49503968253968256 0.7899305555555556 0.47685185185185186 0.7973710317460317 0.4656084656084656 0.796875 0.4583333333333333 0.7938988095238095 0.4497354497354497 0.7864583333333334 0.44576719576719576 0.7775297619047619 0.45205026455026454 0.7621527777777778 0.4646164021164021 0.7549603174603174 0.4755291005291005 0.7542162698412699
0 0.48908730158730157 0.5659722222222222 0.498015873015873 0.5677083333333334 0.5066137566137566 0.5736607142857143 0.5132275132275133 0.5818452380952381 0.5145502645502645 0.5895337301587301 0.5115740740740741 0.5969742063492064 0.5049603174603174 0.6026785714285714 0.4877645502645503 0.6068948412698413 0.47354497354497355 0.6068948412698413 0.46395502645502645 0.6026785714285714 0.45601851851851855 0.5949900793650794 0.4523809523809524 0.5845734126984127 0.4593253968253968 0.5746527777777778 0.4689153439153439 0.5674603174603174 0.4887566137566138 0.5659722222222222
0 0.5757275132275133 0.753968253968254 0.5882936507936508 0.7571924603174603 0.5982142857142857 0.7651289682539683 0.6028439153439153 0.7767857142857143 0.5988756613756614 0.7909226190476191 0.595568783068783 0.7938988095238095 0.5826719576719577 0.7978670634920635 0.5674603174603174 0.7978670634920635 0.5608465608465608 0.7946428571428571 0.5499338624338624 0.7807539682539683 0.5552248677248677 0.7594246031746031 0.5658068783068783 0.7549603174603174 0.5753968253968254 0.753968253968254
0 0.41104497354497355 0.6604662698412699 0.42294973544973546 0.6639384920634921 0.42923280423280424 0.6688988095238095 0.4332010582010582 0.6827876984126984 0.4252645502645503 0.6941964285714286 0.4083994708994709 0.7006448412698413 0.39384920634920634 0.7001488095238095 0.38326719576719576 0.6961805555555556 0.37632275132275134 0.6882440476190477 0.3740079365079365 0.6750992063492064 0.3773148148148148 0.6684027777777778 0.38756613756613756 0.6614583333333334 0.3974867724867725 0.6597222222222222 0.4107142857142857 0.6604662698412699
0 0.621031746031746 0.4732142857142857 0.6372354497354498 0.4781746031746032 0.6438492063492064 0.48660714285714285 0.6455026455026455 0.4955357142857143 0.6369047619047619 0.5094246031746031 0.626984126984127 0.5131448412698413 0.6164021164021164 0.5143849206349206 0.5945767195767195 0.5066964285714286 0.5912698412698413 0.5017361111111112 0.5906084656084656 0.49231150793650796 0.593584656084656 0.48412698412698413 0.6018518518518519 0.47619047619047616 0.6084656084656085 0.47371031746031744 0.6207010582010583 0.4732142857142857
0 0.6488095238095238 0.6589781746031746 0.6683201058201058 0.6681547619047619 0.6722883597883598 0.675843253968254 0.6722883597883598 0.6857638888888888 0.6623677248677249 0.6999007936507936 0.6412037037037037 0.7053571428571429 0.625 0.7033730158730159 0.6164021164021164 0.6999007936507936 0.6087962962962963 0.6927083333333334 0.607473544973545 0.6845238095238095 0.6233465608465608 0.6641865079365079 0.6369047619047619 0.6597222222222222 0.6484788359788359 0.6589781746031746
0 0.5892857142857143 0.7991071428571429 0.5968915343915344 0.8035714285714286 0.6025132275132276 0.8102678571428571 0.6058201058201058 0.8177083333333334 0.6058201058201058 0.8278769841269841 0.5949074074074074 0.8395337301587301 0.5816798941798942 0.84375 0.5694444444444444 0.8425099206349206 0.5562169312169312 0.8345734126984127 0.5499338624338624 0.8249007936507936 0.5496031746031746 0.8169642857142857 0.5539021164021164 0.8070436507936508 0.5634920634920635 0.7998511904761905 0.5889550264550265 0.7991071428571429
0 0.5982142857142857 0.5094246031746031 0.6068121693121693 0.5109126984126984 0.6180555555555556 0.5173611111111112 0.623015873015873 0.5233134920634921 0.6256613756613757 0.5339781746031746 0.6240079365079365 0.5399305555555556 0.6164021164021164 0.5473710317460317 0.6071428571428571 0.5515873015873016 0.591931216931217 0.5543154761904762 0.580026455026455 0.5505952380952381 0.5684523809523809 0.5431547619047619 0.564484126984127 0.5364583333333334 0.5638227513227513 0.5277777777777778 0.5694444444444444 0.5186011904761905 0.580026455026455 0.511656746031746 0.5978835978835979 0.5094246031746031
0 0.5717592592592593 0.685515873015873 0.5846560846560847 0.6889880952380952 0.5922619047619048 0.6937003968253969 0.59755291005291 0.6996527777777778 0.5998677248677249 0.7073412698412699 0.5965608465608465 0.7204861111111112 0.5896164021164021 0.7274305555555556 0.5806878306878307 0.7311507936507936 0.5681216931216931 0.7318948412698413 0.5572089947089947 0.7311507936507936 0.5492724867724867 0.7271825396825397 0.5393518518518519 0.7165178571428571 0.5376984126984127 0.7080853174603174 0.5396825396825397 0.6994047619047619 0.5505952380952381 0.6884920634920635 0.5611772486772487 0.685515873015873 0.5714285714285714 0.685515873015873
0 0.5062830687830688 0.6810515873015873 0.5241402116402116 0.6845238095238095 0.5304232804232805 0.6882440476190477 0.5367063492063492 0.6959325396825397 0.5333994708994709 0.7132936507936508 0.5241402116402116 0.720734126984127 0.5142195767195767 0.7242063492063492 0.5029761904761905 0.7237103174603174 0.4933862433862434 0.720734126984127 0.4871031746031746 0.7170138888888888 0.482473544973545 0.7098214285714286 0.48148148148148145 0.6994047619047619 0.48412698412698413 0.6922123015873016 0.49834656084656087 0.6820436507936508 0.5059523809523809 0.6810515873015873
0 0.46064814814814814 0.4489087301587302 0.4781746031746032 0.45709325396825395 0.48048941798941797 0.4704861111111111 0.47784391534391535 0.4771825396825397 0.4708994708994709 0.482390873015873 0.4626322751322751 0.48660714285714285 0.45337301587301587 0.48759920634920634 0.43816137566137564 0.4861111111111111 0.42824074074074076 0.48040674603174605 0.42857142857142855 0.4645337301587302 0.435515873015873 0.45262896825396826 0.44642857142857145 0.44915674603174605 0.4603174603174603 0.4489087301587302
0 0.5601851851851852 0.5463789682539683 0.5750661375661376 0.558531746031746 0.5790343915343915 0.5724206349206349 0.5767195767195767 0.5786210317460317 0.5638227513227513 0.5887896825396826 0.5539021164021164 0.5902777777777778 0.5416666666666666 0.5887896825396826 0.5317460317460317 0.5843253968253969 0.5254629629629629 0.5768849206349206 0.5224867724867724 0.5642361111111112 0.5281084656084656 0.5530753968253969 0.5320767195767195 0.5500992063492064 0.5436507936507936 0.5463789682539683 0.5598544973544973 0.5463789682539683
0 0.5327380952380952 0.5922619047619048 0.5512566137566137 0.5979662698412699 0.5572089947089947 0.6029265873015873 0.5591931216931217 0.6091269841269841 0.558531746031746 0.6175595238095238 0.5545634920634921 0.6232638888888888 0.5472883597883598 0.6282242063492064 0.533068783068783 0.6331845238095238 0.5228174603174603 0.6312003968253969 0.515542328042328 0.6267361111111112 0.5079365079365079 0.6128472222222222 0.5082671957671958 0.6056547619047619 0.5138888888888888 0.5974702380952381 0.5231481481481481 0.5925099206349206 0.5324074074074074 0.5922619047619048
0 0.8072089947089947 0.5416666666666666 0.826058201058201 0.5466269841269841 0.8376322751322751 0.5570436507936508 0.8409391534391535 0.5689484126984127 0.8363095238095238 0.5791170634920635 0.8267195767195767 0.5850694444444444 0.8108465608465608 0.5870535714285714 0.7986111111111112 0.5848214285714286 0.7853835978835979 0.5746527777777778 0.781084656084656 0.564484126984127 0.7827380952380952 0.5518353174603174 0.7896825396825397 0.5453869047619048 0.8068783068783069 0.5419146825396826
0 0.4818121693121693 0.47619047619047616 0.4976851851851852 0.47693452380952384 0.5049603174603174 0.47941468253968256 0.5119047619047619 0.49032738095238093 0.5122354497354498 0.49851190476190477 0.5036375661375662 0.5119047619047619 0.4937169312169312 0.515625 0.4771825396825397 0.513640873015873 0.4666005291005291 0.5074404761904762 0.4623015873015873 0.5022321428571429 0.46164021164021163 0.49528769841269843 0.4656084656084656 0.4868551587301587 0.48148148148148145 0.47619047619047616
0 0.5393518518518519 0.6431051587301587 0.5545634920634921 0.6512896825396826 0.5578703703703703 0.6659226190476191 0.5509259259259259 0.6788194444444444 0.542989417989418 0.6827876984126984 0.5333994708994709 0.6842757936507936 0.5228174603174603 0.6827876984126984 0.5109126984126984 0.6755952380952381 0.5046296296296297 0.6676587301587301 0.5042989417989417 0.6579861111111112 0.5072751322751323 0.6510416666666666 0.5138888888888888 0.6463293650793651 0.5257936507936508 0.6431051587301587 0.5390211640211641 0.6431051587301587
0 0.5922619047619048 0.6314484126984127 0.6061507936507936 0.6393849206349206 0.6111111111111112 0.6468253968253969 0.6117724867724867 0.6547619047619048 0.6048280423280423 0.667906746031746 0.5982142857142857 0.671875 0.5863095238095238 0.6741071428571429 0.5677910052910053 0.6706349206349206 0.5588624338624338 0.6617063492063492 0.5562169312169312 0.6530257936507936 0.5598544973544973 0.6398809523809523 0.5641534391534392 0.6356646825396826 0.5747354497354498 0.6319444444444444 0.591931216931217 0.6314484126984127
0 0.7913359788359788 0.5017361111111112 0.8138227513227513 0.5059523809523809 0.8230820105820106 0.5223214285714286 0.8187830687830688 0.5327380952380952 0.810515873015873 0.5391865079365079 0.7943121693121693 0.542906746031746 0.7833994708994709 0.5421626984126984 0.7718253968253969 0.5372023809523809 0.7668650793650794 0.533234126984127 0.7642195767195767 0.5270337301587301 0.7652116402116402 0.5163690476190477 0.7681878306878307 0.5114087301587301 0.7791005291005291 0.5044642857142857 0.791005291005291 0.5017361111111112
0 0.29133597883597884 0.5850694444444444 0.2976190476190476 0.5873015873015873 0.3055555555555556 0.5952380952380952 0.30753968253968256 0.6116071428571429 0.30423280423280424 0.6170634920634921 0.29662698412698413 0.6225198412698413 0.2830687830687831 0.6254960317460317 0.267526455026455 0.6232638888888888 0.2569444444444444 0.6163194444444444 0.25363756613756616 0.6098710317460317 0.25396825396825395 0.6016865079365079 0.2566137566137566 0.5947420634920635 0.265542328042328 0.5885416666666666 0.2791005291005291 0.5848214285714286 0.291005291005291 0.5850694444444444
0 0.39087301587301587 0.5811011904761905 0.4050925925925926 0.5880456349206349 0.4087301587301587 0.5942460317460317 0.4083994708994709 0.6019345238095238 0.40343915343915343 0.613343253968254 0.3835978835978836 0.6220238095238095 0.36474867724867727 0.6197916666666666 0.3551587301587302 0.6096230158730159 0.3531746031746032 0.6024305555555556 0.35548941798941797 0.5952380952380952 0.36243386243386244 0.5873015873015873 0.37037037037037035 0.5833333333333334 0.390542328042328 0.5811011904761905
0 0.6319444444444444 0.6153273809523809 0.6474867724867724 0.6187996031746031 0.6550925925925926 0.6247519841269841 0.6583994708994709 0.6401289682539683 0.6514550264550265 0.6498015873015873 0.6342592592592593 0.6532738095238095 0.6203703703703703 0.6515376984126984 0.6150793650793651 0.6490575396825397 0.607473544973545 0.6403769841269841 0.605489417989418 0.6334325396825397 0.6081349206349206 0.6254960317460317 0.6164021164021164 0.6183035714285714 0.6226851851851852 0.6155753968253969 0.6316137566137566 0.6153273809523809
0 0.4384920634920635 0.5853174603174603 0.453042328042328 0.591765873015873 0.4603174603174603 0.6061507936507936 0.45337301587301587 0.6192956349206349 0.43386243386243384 0.626984126984127 0.4107142857142857 0.6175595238095238 0.4074074074074074 0.6088789682539683 0.4097222222222222 0.5959821428571429 0.41335978835978837 0.591765873015873 0.42493386243386244 0.5863095238095238 0.43816137566137564 0.5853174603174603
0 0.626984126984127 0.14384920634920634 0.6359126984126984 0.14732142857142858 0.6435185185185185 0.1535218253968254 0.6441798941798942 0.16865079365079366 0.6412037037037037 0.1753472222222222 0.6342592592592593 0.1817956349206349 0.6207010582010583 0.1865079365079365 0.6097883597883598 0.18551587301587302 0.6015211640211641 0.17981150793650794 0.5949074074074074 0.17212301587301587 0.5949074074074074 0.1619543650793651 0.5982142857142857 0.15376984126984128 0.6058201058201058 0.14732142857142858 0.6170634920634921 0.1440972222222222 0.6266534391534392 0.14384920634920634
0 0.656415343915344 0.5771329365079365 0.6643518518518519 0.5806051587301587 0.671957671957672 0.5885416666666666 0.6749338624338624 0.5987103174603174 0.6722883597883598 0.6063988095238095 0.6656746031746031 0.6130952380952381 0.6511243386243386 0.6183035714285714 0.6306216931216931 0.6143353174603174 0.6236772486772487 0.6098710317460317 0.6190476190476191 0.6024305555555556 0.6180555555555556 0.5942460317460317 0.6213624338624338 0.5877976190476191 0.6339285714285714 0.5778769841269841 0.6458333333333334 0.576140873015873 0.656084656084656 0.5771329365079365
0 0.6967592592592593 0.5503472222222222 0.7066798941798942 0.5533234126984127 0.7136243386243386 0.5590277777777778 0.718915343915344 0.5679563492063492 0.7192460317460317 0.5731646825396826 0.7132936507936508 0.5848214285714286 0.6911375661375662 0.5939980158730159 0.6785714285714286 0.5925099206349206 0.6736111111111112 0.5895337301587301 0.6643518518518519 0.578125 0.6636904761904762 0.5694444444444444 0.6676587301587301 0.560515873015873 0.6765873015873016 0.5525793650793651 0.6848544973544973 0.5503472222222222 0.6964285714285714 0.5503472222222222
0 0.5056216931216931 0.5245535714285714 0.5231481481481481 0.5337301587301587 0.5277777777777778 0.5466269841269841 0.5208333333333334 0.5607638888888888 0.5066137566137566 0.5662202380952381 0.484457671957672 0.5627480158730159 0.47453703703703703 0.550843253968254 0.47585978835978837 0.5399305555555556 0.48214285714285715 0.529265873015873 0.49437830687830686 0.5243055555555556 0.5052910052910053 0.5245535714285714
0 0.40476190476190477 0.6180555555555556 0.42724867724867727 0.6257440476190477 0.4348544973544973 0.6339285714285714 0.4348544973544973 0.640625 0.4298941798941799 0.6515376984126984 0.416005291005291 0.6594742063492064 0.3869047619047619 0.6574900793650794 0.3792989417989418 0.6510416666666666 0.37665343915343913 0.6443452380952381 0.37665343915343913 0.6371527777777778 0.38227513227513227 0.6247519841269841 0.39616402116402116 0.6187996031746031 0.4044312169312169 0.6180555555555556
0 0.39384920634920634 0.5453869047619048 0.4041005291005291 0.5575396825396826 0.4050925925925926 0.5684523809523809 0.3941798941798942 0.5791170634920635 0.37367724867724866 0.5818452380952381 0.3630952380952381 0.5786210317460317 0.3584656084656085 0.5749007936507936 0.3521825396825397 0.5654761904761905 0.351521164021164 0.5575396825396826 0.36144179894179895 0.5461309523809523 0.36772486772486773 0.5434027777777778 0.38492063492063494 0.5419146825396826 0.39351851851851855 0.5453869047619048
0 0.49702380952380953 0.6078869047619048 0.5085978835978836 0.6168154761904762 0.5132275132275133 0.6257440476190477 0.5132275132275133 0.6321924603174603 0.5052910052910053 0.6438492063492064 0.4933862433862434 0.6490575396825397 0.4808201058201058 0.6483134920634921 0.47023809523809523 0.6440972222222222 0.4632936507936508 0.6351686507936508 0.45965608465608465 0.6227678571428571 0.46296296296296297 0.6160714285714286 0.4732142857142857 0.6081349206349206 0.4966931216931217 0.6078869047619048
0 0.4169973544973545 0.4791666666666667 0.42658730158730157 0.48040674603174605 0.435515873015873 0.4853670634920635 0.44312169312169314 0.4982638888888889 0.44212962962962965 0.5074404761904762 0.43353174603174605 0.5171130952380952 0.41898148148148145 0.5225694444444444 0.40575396825396826 0.5220734126984127 0.398478835978836 0.5193452380952381 0.38756613756613756 0.5086805555555556 0.3845899470899471 0.4990079365079365 0.3869047619047619 0.49107142857142855 0.3951719576719577 0.48412698412698413 0.4166666666666667 0.4791666666666667
0 0.3458994708994709 0.6049107142857143 0.353505291005291 0.6076388888888888 0.3637566137566138 0.6195436507936508 0.3637566137566138 0.6232638888888888 0.3611111111111111 0.6302083333333334 0.35615079365079366 0.6344246031746031 0.33994708994708994 0.6391369047619048 0.32837301587301587 0.6376488095238095 0.32275132275132273 0.6336805555555556 0.3187830687830688 0.626984126984127 0.31845238095238093 0.6180555555555556 0.32076719576719576 0.6130952380952381 0.32837301587301587 0.607390873015873 0.3455687830687831 0.6049107142857143
0 0.4460978835978836 0.6922123015873016 0.4695767195767196 0.6951884920634921 0.478505291005291 0.7021329365079365 0.48214285714285715 0.7162698412698413 0.4755291005291005 0.7274305555555556 0.4636243386243386 0.734375 0.44907407407407407 0.7356150793650794 0.439484126984127 0.7341269841269841 0.42757936507936506 0.7269345238095238 0.4236111111111111 0.7135416666666666 0.4246031746031746 0.7058531746031746 0.4308862433862434 0.6986607142857143 0.44576719576719576 0.6924603174603174
0 0.4080687830687831 0.7008928571428571 0.4226190476190476 0.7115575396825397 0.4246031746031746 0.7244543650793651 0.41898148148148145 0.7351190476190477 0.4093915343915344 0.7415674603174603 0.4021164021164021 0.7433035714285714 0.39021164021164023 0.7423115079365079 0.3826058201058201 0.7390873015873016 0.37433862433862436 0.7274305555555556 0.373015873015873 0.7194940476190477 0.37665343915343913 0.7100694444444444 0.38227513227513227 0.7056051587301587 0.39351851851851855 0.701140873015873 0.40773809523809523 0.7008928571428571
0 0.4646164021164021 0.6463293650793651 0.47784391534391535 0.6498015873015873 0.48412698412698413 0.6540178571428571 0.48974867724867727 0.6612103174603174 0.49206349206349204 0.6703869047619048 0.49107142857142855 0.6783234126984127 0.48544973544973546 0.6870039682539683 0.4798280423280423 0.6909722222222222 0.4656084656084656 0.6941964285714286 0.45271164021164023 0.6934523809523809 0.4437830687830688 0.6902281746031746 0.4341931216931217 0.6822916666666666 0.4308862433862434 0.6708829365079365 0.43253968253968256 0.6617063492063492 0.439484126984127 0.6535218253968254 0.4523809523809524 0.6470734126984127 0.4642857142857143 0.6463293650793651
0 0.7245370370370371 0.5838293650793651 0.7437169312169312 0.5915178571428571 0.7490079365079365 0.5989583333333334 0.7496693121693122 0.6066468253968254 0.7466931216931217 0.6128472222222222 0.7414021164021164 0.6170634920634921 0.7235449735449735 0.6240079365079365 0.7136243386243386 0.6237599206349206 0.6974206349206349 0.6143353174603174 0.6934523809523809 0.6088789682539683 0.6927910052910053 0.6009424603174603 0.6944444444444444 0.5952380952380952 0.6997354497354498 0.591765873015873 0.716931216931217 0.5840773809523809 0.7242063492063492 0.5838293650793651
0 0.6693121693121693 0.4898313492063492 0.6875 0.498015873015873 0.6908068783068783 0.5146329365079365 0.6858465608465608 0.5205853174603174 0.6683201058201058 0.5285218253968254 0.644510582010582 0.5235615079365079 0.6398809523809523 0.5183531746031746 0.638558201058201 0.5099206349206349 0.6481481481481481 0.49404761904761907 0.6613756613756614 0.4898313492063492 0.6689814814814815 0.4898313492063492
0 0.7556216931216931 0.6247519841269841 0.7771164021164021 0.6356646825396826 0.7827380952380952 0.6500496031746031 0.7741402116402116 0.6649305555555556 0.7688492063492064 0.6684027777777778 0.7556216931216931 0.6706349206349206 0.7453703703703703 0.6691468253968254 0.7377645502645502 0.6654265873015873 0.7288359788359788 0.6577380952380952 0.7242063492063492 0.6485615079365079 0.7265211640211641 0.6369047619047619 0.7314814814814815 0.6299603174603174 0.7380952380952381 0.6259920634920635 0.7552910052910053 0.6247519841269841
0 0.43915343915343913 0.5426587301587301 0.45634920634920634 0.5496031746031746 0.46395502645502645 0.5615079365079365 0.46395502645502645 0.5677083333333334 0.45601851851851855 0.578125 0.45072751322751325 0.5828373015873016 0.4427910052910053 0.5850694444444444 0.42063492063492064 0.582093253968254 0.41104497354497355 0.5749007936507936 0.40575396825396826 0.564484126984127 0.4070767195767196 0.5553075396825397 0.4156746031746032 0.5461309523809523 0.42493386243386244 0.542906746031746 0.43882275132275134 0.5426587301587301
0 0.6683201058201058 0.7001488095238095 0.6779100529100529 0.7028769841269841 0.6891534391534392 0.7100694444444444 0.6927910052910053 0.7160218253968254 0.6931216931216931 0.7234623015873016 0.6901455026455027 0.734375 0.685515873015873 0.7390873015873016 0.6792328042328042 0.7418154761904762 0.6669973544973545 0.7423115079365079 0.6541005291005291 0.7413194444444444 0.6408730158730159 0.7341269841269841 0.6372354497354498 0.7266865079365079 0.6369047619047619 0.7172619047619048 0.6392195767195767 0.7093253968253969 0.6435185185185185 0.7056051587301587 0.667989417989418 0.7001488095238095
0 0.3419312169312169 0.517609126984127 0.3568121693121693 0.5223214285714286 0.3627645502645503 0.5270337301587301 0.36474867724867727 0.5322420634920635 0.36342592592592593 0.5434027777777778 0.35185185185185186 0.5555555555555556 0.34226190476190477 0.5582837301587301 0.3287037037037037 0.5575396825396826 0.3177910052910053 0.5528273809523809 0.31216931216931215 0.5466269841269841 0.3098544973544973 0.5384424603174603 0.310515873015873 0.5302579365079365 0.3194444444444444 0.5220734126984127 0.3349867724867725 0.5173611111111112 0.3416005291005291 0.517609126984127
0 0.716931216931217 0.2857142857142857 0.730489417989418 0.28720238095238093 0.7404100529100529 0.296875 0.7427248677248677 0.30282738095238093 0.7420634920634921 0.31026785714285715 0.7377645502645502 0.31820436507936506 0.7291666666666666 0.3244047619047619 0.7202380952380952 0.326140873015873 0.6997354497354498 0.32341269841269843 0.6921296296296297 0.31572420634920634 0.6901455026455027 0.30753968253968256 0.6908068783068783 0.3005952380952381 0.6954365079365079 0.2926587301587302 0.7066798941798942 0.2867063492063492 0.7166005291005291 0.2857142857142857
0 0.5357142857142857 0.49603174603174605 0.5459656084656085 0.498015873015873 0.5542328042328042 0.5027281746031746 0.5578703703703703 0.5091765873015873 0.5575396825396826 0.5218253968253969 0.5499338624338624 0.5300099206349206 0.5271164021164021 0.5344742063492064 0.5092592592592593 0.5248015873015873 0.503968253968254 0.511656746031746 0.5162037037037037 0.498015873015873 0.5353835978835979 0.49603174603174605
0 0.6474867724867724 0.5252976190476191 0.6607142857142857 0.5280257936507936 0.667989417989418 0.5317460317460317 0.6729497354497355 0.5367063492063492 0.6759259259259259 0.5461309523809523 0.6732804232804233 0.5545634920634921 0.6633597883597884 0.5642361111111112 0.6507936507936508 0.5682043650793651 0.6412037037037037 0.5679563492063492 0.6326058201058201 0.5652281746031746 0.6243386243386243 0.5570436507936508 0.6207010582010583 0.5483630952380952 0.6213624338624338 0.5431547619047619 0.6286375661375662 0.5324900793650794 0.6471560846560847 0.5252976190476191
0 0.5287698412698413 0.7445436507936508 0.541005291005291 0.7477678571428571 0.5499338624338624 0.7557043650793651 0.5529100529100529 0.7621527777777778 0.5482804232804233 0.7802579365079365 0.5390211640211641 0.7864583333333334 0.5271164021164021 0.7891865079365079 0.5152116402116402 0.7867063492063492 0.5042989417989417 0.7780257936507936 0.49933862433862436 0.761656746031746 0.5006613756613757 0.7549603174603174 0.5076058201058201 0.7477678571428571 0.5185185185185185 0.7445436507936508 0.5284391534391535 0.7445436507936508
0 0.4583333333333333 0.5069444444444444 0.4669312169312169 0.5079365079365079 0.47883597883597884 0.5153769841269841 0.48115079365079366 0.5277777777777778 0.4732142857142857 0.5419146825396826 0.4537037037037037 0.546875 0.435515873015873 0.5404265873015873 0.43187830687830686 0.527281746031746 0.4348544973544973 0.5166170634920635 0.4417989417989418 0.5096726190476191 0.4460978835978836 0.5071924603174603 0.4580026455026455 0.5069444444444444
0 0.6904761904761905 0.7447916666666666 0.6997354497354498 0.7477678571428571 0.7080026455026455 0.7549603174603174 0.7132936507936508 0.7651289682539683 0.7136243386243386 0.7730654761904762 0.7116402116402116 0.779265873015873 0.7063492063492064 0.7844742063492064 0.6868386243386243 0.7901785714285714 0.6752645502645502 0.7886904761904762 0.6590608465608465 0.779265873015873 0.654431216931217 0.7723214285714286 0.6541005291005291 0.7648809523809523 0.6577380952380952 0.7544642857142857 0.6646825396825397 0.7477678571428571 0.6901455026455027 0.7447916666666666
0 0.5876322751322751 0.5877976190476191 0.6068121693121693 0.5939980158730159 0.6130952380952381 0.6006944444444444 0.6160714285714286 0.6108630952380952 0.6154100529100529 0.6160714285714286 0.6087962962962963 0.6232638888888888 0.5925925925925926 0.6309523809523809 0.5747354497354498 0.6307043650793651 0.5638227513227513 0.6217757936507936 0.5598544973544973 0.6138392857142857 0.5591931216931217 0.6021825396825397 0.5638227513227513 0.5942460317460317 0.5753968253968254 0.5885416666666666 0.5873015873015873 0.5877976190476191
0 0.6121031746031746 0.5520833333333334 0.6236772486772487 0.5560515873015873 0.6309523809523809 0.5652281746031746 0.6326058201058201 0.5744047619047619 0.6190476190476191 0.5892857142857143 0.6068121693121693 0.5920138888888888 0.5856481481481481 0.5848214285714286 0.580026455026455 0.5773809523809523 0.5796957671957672 0.5674603174603174 0.5833333333333334 0.5602678571428571 0.5892857142857143 0.5560515873015873 0.6117724867724867 0.5520833333333334
0 0.1498015873015873 0.5282738095238095 0.15773809523809523 0.529265873015873 0.1650132275132275 0.5329861111111112 0.16898148148148148 0.5391865079365079 0.17063492063492064 0.5500992063492064 0.164021164021164 0.5610119047619048 0.1474867724867725 0.5672123015873016 0.13293650793650794 0.5669642857142857 0.11970899470899471 0.5610119047619048 0.11342592592592593 0.5535714285714286 0.11210317460317461 0.5424107142857143 0.11574074074074074 0.5359623015873016 0.12202380952380952 0.5319940476190477 0.13723544973544974 0.5277777777777778 0.14947089947089948 0.5282738095238095
0 0.7585978835978836 0.5481150793650794 0.769510582010582 0.5503472222222222 0.7777777777777778 0.5558035714285714 0.781084656084656 0.5709325396825397 0.771494708994709 0.5853174603174603 0.7552910052910053 0.5892857142857143 0.7470238095238095 0.5887896825396826 0.734457671957672 0.5828373015873016 0.7271825396825397 0.5746527777777778 0.7261904761904762 0.5674603174603174 0.7298280423280423 0.5602678571428571 0.7377645502645502 0.5525793650793651 0.7490079365079365 0.5486111111111112 0.7582671957671958 0.5481150793650794