0 0.7367724867724867 0.22046378968253968 0.031746031746031744 0.018807043650793633
0 0.6995701058201058 0.23187251984126983 0.026785714285714284 0.021778273809523796
0 0.7926587301587301 0.27018353174603177 0.004629629629629629 0.03639880952380955
0 0.8348214285714286 0.29634672619047614 0.06580687830687831 0.03167906746031746
0 0.656084656084656 0.2830803571428572 0.042328042328042326 0.022507440476190476
0 0.6221891534391535 0.3098611111111111 0.030753968253968252 0.03638640873015874
0 0.5876322751322751 0.3290798611111111 0.04431216931216931 0.01778273809523805
0 0.5674603174603174 0.3378819444444444 0.023809523809523808 0.027948908730158744
0 0.5041335978835979 0.32064980158730155 0.026124338624338623 0.010843253968253919
0 0.529431216931217 0.34321676587301586 0.0205026455026455 0.011331845238095252
0 0.511739417989418 0.36131696428571425 0.034722222222222224 0.022733134920634883
0 0.47900132275132273 0.36218501984126983 0.0419973544973545 0.026949404761904727
0 0.44576719576719576 0.3728497023809524 0.031746031746031744 0.023474702380952405
0 0.5456349206349206 0.3685094246031746 0.01984126984126984 0.012316468253968219
0 0.5689484126984127 0.38326388888888885 0.023478835978835978 0.014543650793650761
0 0.5476190476190477 0.40161458333333333 0.037037037037037035 0.011564980158730186
0 0.5061177248677249 0.4124032738095238 0.04332010582010582 0.015776289682539715
0 0.5236441798941799 0.4279017857142857 0.018849206349206348 0.014531250000000035
0 0.5552248677248677 0.4296378968253968 0.01917989417989418 0.013043154761904797
0 0.5791997354497355 0.42157738095238095 0.02414021164021164 0.009325396825396803
0 0.5985449735449735 0.4290178571428571 0.01984126984126984 0.014283234126984163
0 0.6203703703703703 0.4163690476190476 0.023809523809523808 0.01379216269841273
0 0.6468253968253969 0.40682291666666665 0.023809523809523808 0.01701884920634918
0 0.6706349206349206 0.40756696428571426 0.018518518518518517 0.013546626984126958
0 0.6140873015873016 0.4526984126984127 0.017857142857142856 0.014526289682539724
0 0.5570436507936508 0.4595188492063492 0.026124338624338623 0.020724206349206336
0 0.5216600529100529 0.46472718253968254 0.028108465608465607 0.016257440476190523
0 0.4801587301587302 0.4437723214285714 0.021164021164021163 0.01651289682539681
0 0.42956349206349204 0.4302579365079365 0.01917989417989418 0.011803075396825433
0 0.40145502645502645 0.42777777777777776 0.03571428571428571 0.016763392857142893
0 0.3665674603174603 0.4282738095238095 0.028769841269841268 0.017755456349206385
0 0.37880291005291006 0.46385664682539685 0.0333994708994709 0.0219618055555556
0 0.4007936507936508 0.4742733134920635 0.021164021164021163 0.013030753968253959
0 0.4260912698412698 0.47241319444444446 0.028769841269841268 0.016750992063492055
0 0.4791666666666667 0.46708333333333335 0.025793650793650792 0.013529265873015919
0 0.4087301587301587 0.5006845238095238 0.037037037037037035 0.013767361111111166
0 0.39814814814814814 0.557594246031746 0.015873015873015872 0.020942460317460217
0 0.3637566137566138 0.5699950396825396 0.013227513227513227 0.01597966269841277
0 0.40558862433862436 0.5934275793650793 0.027447089947089946 0.02068452380952372
0 0.37896825396825395 0.6132663690476191 0.017195767195767195 0.010761408730158812
0 0.4107142857142857 0.6278968253968253 0.027777777777777776 0.0152207341269841
0 0.4513888888888889 0.6090500992063492 0.023148148148148147 0.01720982142857151
0 0.44642857142857145 0.6334771825396825 0.03306878306878307 0.013978174603174522
0 0.408234126984127 0.6451339285714285 0.03273809523809524 0.012487599206349297
0 0.3994708994708995 0.6693105158730158 0.031746031746031744 0.013720238095238023
0 0.5042989417989417 0.6081820436507936 0.036375661375661374 0.022914186507936588
0 0.5277777777777778 0.5970238095238095 0.037037037037037035 0.015476190476190387
0 0.6063161375661376 0.5608184523809523 0.03869047619047619 0.01251240079365075
0 0.6278108465608465 0.5864856150793651 0.035383597883597885 0.016718749999999963
0 0.5851521164021164 0.5988839285714286 0.022817460317460316 0.02167658730158721
0 0.5539021164021164 0.6090500992063492 0.02976190476190476 0.01720982142857151
0 0.5370370370370371 0.6256671626984127 0.0291005291005291 0.015716765873015844
0 0.49718915343915343 0.6409176587301587 0.018849206349206348 0.018936011904761994
0 0.6162367724867724 0.6074404761904761 0.018849206349206348 0.006547619047618958
0 0.671792328042328 0.5833854166666667 0.02414021164021164 0.01300099206349208
0 0.6997354497354498 0.5851215277777778 0.023809523809523808 0.011512896825396843
0 0.732473544973545 0.6016121031746031 0.016534391534391533 0.012251984126984037
0 0.6951058201058201 0.6141344246031746 0.041005291005291 0.01497519841269844
0 0.6474867724867724 0.6241790674603175 0.02513227513227513 0.01274057539682537
0 0.6165674603174603 0.632609126984127 0.026124338624338623 0.009764384920634894
0 0.5810185185185185 0.6332291666666666 0.017857142857142856 0.018442460317460236
0 0.5525793650793651 0.6467435515873016 0.013888888888888888 0.013231646825396915
0 0.5932539682539683 0.6613740079365079 0.022486772486772486 0.017690972222222205
0 0.6175595238095238 0.6603844246031746 0.021494708994708994 0.01570684523809522
0 0.5922619047619048 0.6742708333333333 0.013888888888888888 0.013720238095238023
0 0.6226851851851852 0.6889012896825397 0.021825396825396824 0.01817956349206354
0 0.6165674603174603 0.7022916666666666 0.012896825396825396 0.015200892857142849
0 0.6200396825396826 0.7287028769841271 0.016534391534391533 0.015937500000000056
0 0.593915343915344 0.7243625992063493 0.023809523809523808 0.01469742063492069
0 0.6018518518518519 0.7439533730158729 0.026455026455026454 0.019156746031745976
0 0.5712632275132276 0.7176661706349207 0.021494708994708994 0.01618799603174614
0 0.5858134920634921 0.7070039682539683 0.02414021164021164 0.009742063492063429
0 0.55869708994709 0.6771230158730158 0.022817460317460316 0.011984126984126911
0 0.5471230158730159 0.6560441468253968 0.03273809523809524 0.014469246031746067
0 0.50380291005291 0.6529439484126984 0.03207671957671958 0.010749007936507973
0 0.45419973544973546 0.6371974206349206 0.02546296296296296 0.016458333333333252
0 0.50380291005291 0.6746428571428571 0.018849206349206348 0.016944444444444373
0 0.5249669312169312 0.6762549603174602 0.021494708994708994 0.00776785714285707
0 0.48561507936507936 0.6973338293650794 0.028769841269841268 0.015200892857142849
0 0.5261243386243386 0.7022916666666666 0.027116402116402115 0.015200892857142849
0 0.5567129629629629 0.7139484126984127 0.018849206349206348 0.01370783730158741
0 0.5714285714285714 0.7496577380952381 0.018518518518518517 0.015682043650793544
0 0.558531746031746 0.7371329365079364 0.012566137566137565 0.012958829365079366
0 0.5238095238095238 0.7332911706349207 0.0291005291005291 0.012710813492063492
0 0.5403439153439153 0.755359623015873 0.022486772486772486 0.01220982142857132
0 0.5424933862433863 0.7761904761904762 0.023478835978835978 0.024107142857142813
0 0.5205026455026455 0.7933010912698413 0.022486772486772486 0.023606150793650867
0 0.5064484126984127 0.7490376984126984 0.02414021164021164 0.016922123015872908
0 0.48578042328042326 0.724734623015873 0.025793650793650792 0.01792162698412704
0 0.4695767195767196 0.7484176587301588 0.013227513227513227 0.018162202380952272
0 0.48296957671957674 0.7738343253968254 0.023478835978835978 0.016914682539682493
0 0.48148148148148145 0.7964012896825398 0.023809523809523808 0.027323908730158747
0 0.44246031746031744 0.7675099206349206 0.02513227513227513 0.021629464285714294
0 0.4522156084656085 0.7335391865079365 0.021494708994708994 0.008246527777777778
0 0.45535714285714285 0.7029117063492063 0.017857142857142856 0.013960813492063483
0 0.4308862433862434 0.7311805555555555 0.021825396825396824 0.0208953373015873
0 0.41798941798941797 0.7153125 0.0291005291005291 0.008995535714285822
0 0.4252645502645503 0.6871651785714286 0.03042328042328042 0.009749503968254067
0 0.4021164021164021 0.6722867063492063 0.037037037037037035 0.009751984126984055
0 0.3480489417989418 0.6732787698412698 0.03141534391534392 0.02165426587301597
0 0.3543320105820106 0.6893973214285715 0.02414021164021164 0.01917162698412703
0 0.38062169312169314 0.6977033730158729 0.027116402116402115 0.0184250992063492
0 0.38822751322751325 0.7180381944444445 0.022486772486772486 0.019412202380952488
0 0.4021164021164021 0.7417212301587301 0.023809523809523808 0.019652777777777724
0 0.31746031746031744 0.6860491071428572 0.026455026455026454 0.019915674603174647
0 0.333994708994709 0.7091121031746032 0.03306878306878307 0.021396329365079472
0 0.3210978835978836 0.7283308531746032 0.027116402116402115 0.012713293650793704
0 0.25925925925925924 0.722874503968254 0.015873015873015872 0.011721230158730212
0 0.2961309523809524 0.7413492063492063 0.026785714285714284 0.016428571428571376
0 0.29728835978835977 0.7590798611111111 0.01917989417989418 0.014687500000000063
0 0.32258597883597884 0.7596999007936508 0.026785714285714284 0.013447420634920697
0 0.345734126984127 0.7821428571428571 0.0333994708994709 0.01616815476190466
0 0.3048941798941799 0.7848710317460317 0.027777777777777776 0.01666418650793641
0 0.2648809523809524 0.7848710317460317 0.0205026455026455 0.01666418650793641
0 0.24603174603174602 0.7878472222222223 0.015873015873015872 0.012695932539682441
0 0.2101521164021164 0.7790426587301587 0.013558201058201057 0.01245039682539678
0 0.21362433862433863 0.7557316468253968 0.03042328042328042 0.01543402777777767
0 0.24206349206349206 0.7701140873015873 0.03439153439153439 0.014437003968253977
0 0.2425595238095238 0.7377529761904762 0.02546296296296296 0.01171875
0 0.2746362433862434 0.730687003968254 0.04332010582010582 0.019903273809523808
0 0.47371031746031744 0.3633010912698412 0.018187830687830687 0.016783234126984146