0 0.3125 0.828125 0.321875 0.8359375 0.3375 0.878125 0.3359375 0.896875 0.3265625 0.909375 0.3171875 0.915625 0.296875 0.915625 0.2859375 0.9078125 0.278125 0.88125 0.271875 0.86875 0.26875 0.853125 0.2703125 0.84375 0.284375 0.83125 0.2953125 0.8265625 0.3109375 0.828125
0 0.096875 0.446875 0.1 0.453125 0.0984375 0.4609375 0.0796875 0.4984375 0.0703125 0.5046875 0.04375 0.5015625 0.0390625 0.496875 0.0390625 0.4890625 0.053125 0.4609375 0.0640625 0.4453125 0.075 0.4421875 0.0953125 0.446875
0 0.1921875 0.45625 0.20625 0.46875 0.20625 0.48125 0.2 0.509375 0.19375 0.515625 0.1796875 0.5203125 0.16875 0.51875 0.15625 0.5125 0.1546875 0.490625 0.1609375 0.4703125 0.171875 0.459375 0.1796875 0.45625 0.190625 0.45625
0 0.1046875 0.8234375 0.1140625 0.828125 0.1171875 0.8359375 0.115625 0.8484375 0.109375 0.85625 0.096875 0.8640625 0.08125 0.86875 0.053125 0.8703125 0.0390625 0.8734375 0.01875 0.8734375 0.009375 0.86875 0.0046875 0.8625 0.0046875 0.8515625 0.009375 0.8421875 0.0171875 0.834375 0.034375 0.828125 0.103125 0.8234375
0 0.26875 0.7828125 0.284375 0.7765625 0.2953125 0.7765625 0.3375 0.76875 0.3609375 0.76875 0.3640625 0.771875 0.365625 0.78125 0.365625 0.79375 0.3609375 0.796875 0.3421875 0.8015625 0.3171875 0.803125 0.309375 0.80625 0.2859375 0.809375 0.2734375 0.809375 0.26875 0.80625 0.2671875 0.8015625 0.2671875 0.7859375 0.26875 0.784375
0 0.1859375 0.421875 0.196875 0.43125 0.1984375 0.434375 0.196875 0.44375 0.190625 0.45 0.1796875 0.4546875 0.1453125 0.4640625 0.1296875 0.4640625 0.121875 0.4609375 0.1125 0.45 0.115625 0.4390625 0.1265625 0.4328125 0.1640625 0.421875 0.171875 0.4203125 0.184375 0.421875
0 0.03125 0.9890625 0.040625 0.9984375 0 0.9984375 0 0.9953125 0.0125 0.9890625 0.0296875 0.9890625
0 0.6265625 0.3484375 0.63125 0.3578125 0.6359375 0.3859375 0.6265625 0.396875 0.6140625 0.4015625 0.6015625 0.3984375 0.5953125 0.390625 0.5890625 0.3625 0.590625 0.353125 0.5984375 0.3453125 0.603125 0.34375 0.6171875 0.34375 0.625 0.3484375
0 0.41640625 0.69765625 0.05078125 0.07734375
0 0.365625 0.696875 0.3703125 0.6984375 0.38125 0.709375 0.4 0.7421875 0.4 0.75 0.3953125 0.759375 0.390625 0.7640625 0.378125 0.76875 0.3625 0.7671875 0.35 0.753125 0.33125 0.721875 0.3328125 0.70625 0.3390625 0.7 0.346875 0.696875 0.3640625 0.696875
0 0.409375 0.7828125 0.4171875 0.7890625 0.41875 0.7953125 0.415625 0.809375 0.3984375 0.85 0.390625 0.8578125 0.3796875 0.8625 0.3640625 0.8609375 0.3546875 0.853125 0.3515625 0.846875 0.3546875 0.8296875 0.365625 0.8078125 0.36875 0.796875 0.378125 0.784375 0.3875 0.7796875 0.4015625 0.7796875 0.4078125 0.7828125