0 0.6890625 0.3421875 0.696875 0.3484375 0.7 0.3546875 0.7 0.3640625 0.69375 0.3734375 0.665625 0.3953125 0.6484375 0.4125 0.6296875 0.421875 0.6140625 0.4203125 0.5984375 0.4109375 0.5953125 0.40625 0.5953125 0.3921875 0.5984375 0.3859375 0.65625 0.340625 0.68125 0.3390625 0.6875 0.3421875
0 0.5296875 0.1859375 0.5390625 0.1921875 0.5421875 0.2 0.5421875 0.25 0.5390625 0.2578125 0.5328125 0.2640625 0.525 0.2671875 0.5078125 0.2671875 0.4984375 0.2640625 0.490625 0.2546875 0.4890625 0.2125 0.490625 0.196875 0.496875 0.1890625 0.5125 0.184375 0.528125 0.1859375
0 0.48125 0.8921875 0.50625 0.896875 0.5171875 0.90625 0.521875 0.91875 0.521875 0.9375 0.51875 0.946875 0.5125 0.9546875 0.4953125 0.9625 0.475 0.9625 0.4515625 0.9578125 0.4171875 0.95625 0.4 0.946875 0.39375 0.9328125 0.39375 0.91875 0.4 0.90625 0.4109375 0.8953125 0.4203125 0.890625 0.4796875 0.8921875
0 0.4734375 0.134375 0.496875 0.140625 0.5015625 0.146875 0.503125 0.1546875 0.5015625 0.1640625 0.4953125 0.1703125 0.48125 0.175 0.4296875 0.165625 0.4203125 0.1578125 0.4171875 0.1515625 0.4171875 0.140625 0.4296875 0.13125 0.453125 0.13125 0.471875 0.134375
0 0.378125 0.1875 0.390625 0.1921875 0.3953125 0.196875 0.3984375 0.203125 0.3984375 0.2171875 0.3828125 0.228125 0.3546875 0.2359375 0.325 0.2484375 0.30625 0.2484375 0.296875 0.24375 0.2875 0.2296875 0.290625 0.21875 0.3 0.2109375 0.31875 0.20625 0.3625 0.1890625 0.3765625 0.1875
0 0.40625 0.7859375 0.4203125 0.7890625 0.434375 0.8 0.4375 0.8078125 0.4375 0.8203125 0.3921875 0.9046875 0.3828125 0.915625 0.3671875 0.925 0.3453125 0.9234375 0.334375 0.91875 0.3234375 0.903125 0.3234375 0.8890625 0.3328125 0.8671875 0.3375 0.8625 0.371875 0.803125 0.384375 0.7921875 0.4046875 0.7859375
0 0.4125 0.4015625 0.4265625 0.4125 0.4296875 0.421875 0.4296875 0.4375 0.43125 0.4390625 0.43125 0.4625 0.428125 0.46875 0.415625 0.478125 0.3953125 0.4765625 0.3796875 0.4640625 0.3765625 0.4546875 0.378125 0.4125 0.3890625 0.403125 0.4109375 0.4015625
0 0.721875 0.0984375 0.734375 0.103125 0.7390625 0.1078125 0.740625 0.1109375 0.7390625 0.125 0.7296875 0.134375 0.6953125 0.1578125 0.6859375 0.1625 0.671875 0.165625 0.6578125 0.1625 0.6484375 0.1546875 0.65 0.1359375 0.6578125 0.128125 0.69375 0.1046875 0.709375 0.0984375 0.7203125 0.0984375
0 0.784375 0.084375 0.79375 0.09375 0.7921875 0.1390625 0.784375 0.1515625 0.7734375 0.15625 0.7515625 0.1546875 0.740625 0.146875 0.7390625 0.1328125 0.7421875 0.121875 0.7421875 0.0984375 0.7453125 0.090625 0.7546875 0.0828125 0.7765625 0.08125 0.7828125 0.084375
0 0.478125 0.403125 0.4921875 0.409375 0.51875 0.4375 0.525 0.4484375 0.5234375 0.4625 0.509375 0.4734375 0.496875 0.4734375 0.484375 0.4671875 0.4765625 0.4609375 0.446875 0.425 0.446875 0.415625 0.4546875 0.4078125 0.4609375 0.4046875 0.4765625 0.403125
0 0.58125 0.08125 0.5890625 0.084375 0.5953125 0.09375 0.5921875 0.1078125 0.5640625 0.14375 0.553125 0.15 0.5453125 0.1515625 0.5296875 0.15 0.521875 0.146875 0.5171875 0.140625 0.515625 0.128125 0.51875 0.121875 0.525 0.1171875 0.5359375 0.1015625 0.55 0.0875 0.5625 0.08125 0.5796875 0.08125
0 0.596875 0.0171875 0.6078125 0.021875 0.6125 0.028125 0.6109375 0.0734375 0.6046875 0.0828125 0.596875 0.0859375 0.5921875 0.0859375 0.58125 0.0796875 0.5671875 0.0796875 0.5625 0.075 0.565625 0.0265625 0.5703125 0.021875 0.578125 0.01875 0.5953125 0.0171875