0 0.6359375 0.246875 0.6421875 0.2515625 0.6453125 0.2625 0.6453125 0.2671875 0.6359375 0.2734375 0.625 0.2734375 0.61875 0.2609375 0.6203125 0.2515625 0.634375 0.246875
0 0.8046875 0.2640625 0.8203125 0.2671875 0.825 0.2703125 0.825 0.2765625 0.815625 0.284375 0.803125 0.284375 0.7875 0.2796875 0.7859375 0.2703125 0.7953125 0.2640625 0.803125 0.2640625
0 0.3796875 0.265625 0.384375 0.2703125 0.3828125 0.2734375 0.3796875 0.2734375 0.3671875 0.2828125 0.359375 0.284375 0.35 0.2828125 0.3453125 0.278125 0.346875 0.271875 0.3515625 0.26875 0.378125 0.265625
0 0.4015625 0.18125 0.40625 0.1828125 0.409375 0.1890625 0.4078125 0.19375 0.4015625 0.2015625 0.3890625 0.20625 0.3828125 0.2046875 0.378125 0.2 0.378125 0.196875 0.3875 0.184375 0.4 0.18125
0 0.8109375 0.2078125 0.8171875 0.2109375 0.8171875 0.2171875 0.8125 0.221875 0.7890625 0.2265625 0.7796875 0.225 0.778125 0.221875 0.7796875 0.2125 0.7890625 0.209375 0.809375 0.2078125
0 0.7671875 0.4796875 0.7703125 0.4875 0.7625 0.4984375 0.7421875 0.509375 0.7359375 0.509375 0.73125 0.50625 0.7296875 0.496875 0.7328125 0.4921875 0.7515625 0.4796875 0.75625 0.478125 0.765625 0.4796875
0 0.2625 0.2765625 0.0421875 0.02109375
0 0.3578125 0.678125 0.3625 0.6828125 0.359375 0.6921875 0.346875 0.70625 0.3328125 0.715625 0.321875 0.715625 0.3171875 0.7109375 0.31875 0.7046875 0.340625 0.68125 0.3453125 0.678125 0.35625 0.678125
0 0.803125 0.3046875 0.02578125 0.03125
0 0.7015625 0.34375 0.7109375 0.35625 0.7109375 0.3671875 0.696875 0.375 0.6875 0.36875 0.68125 0.353125 0.6875 0.346875 0.7 0.34375
0 0.271875 0.5234375 0.275 0.5265625 0.2734375 0.5328125 0.259375 0.54375 0.2328125 0.54375 0.228125 0.540625 0.228125 0.534375 0.2375 0.525 0.2453125 0.521875 0.26875 0.521875 0.2703125 0.5234375
0 0.38125 0.253125 0.384375 0.2578125 0.38125 0.2640625 0.3625 0.265625 0.353125 0.26875 0.3484375 0.26875 0.3453125 0.265625 0.3453125 0.2609375 0.3484375 0.2578125 0.3671875 0.2515625 0.3796875 0.253125
0 0.3984375 0.2296875 0.4046875 0.2375 0.4046875 0.2484375 0.3890625 0.25625 0.38125 0.2515625 0.3796875 0.2375 0.384375 0.2328125 0.396875 0.2296875
0 0.665625 0.271875 0.675 0.290625 0.6734375 0.29375 0.6625 0.2984375 0.6578125 0.2984375 0.653125 0.290625 0.65 0.284375 0.65 0.2765625 0.6546875 0.2734375 0.6640625 0.271875
0 0.4015625 0.2734375 0.4078125 0.2765625 0.409375 0.2828125 0.4 0.290625 0.38125 0.290625 0.3734375 0.2875 0.36875 0.2828125 0.375 0.2765625 0.3828125 0.2734375 0.4 0.2734375
0 0.2984375 0.29375 0.3078125 0.3078125 0.3078125 0.3109375 0.303125 0.315625 0.290625 0.3203125 0.2859375 0.31875 0.2796875 0.3125 0.2765625 0.3015625 0.2890625 0.29375 0.296875 0.29375
0 0.4140625 0.246875 0.421875 0.25 0.4234375 0.2546875 0.421875 0.259375 0.4 0.2703125 0.390625 0.2703125 0.3859375 0.2671875 0.3859375 0.2609375 0.3890625 0.2578125 0.403125 0.25 0.4125 0.2484375
0 0.73125 0.3046875 0.7375 0.3140625 0.7375 0.3234375 0.7296875 0.33125 0.71875 0.33125 0.7203125 0.321875 0.7109375 0.3125 0.7203125 0.303125 0.7296875 0.3046875
0 0.3078125 0.3859375 0.3109375 0.3875 0.3125 0.3953125 0.3046875 0.4015625 0.284375 0.4109375 0.278125 0.4109375 0.271875 0.4078125 0.2703125 0.4046875 0.271875 0.4 0.2953125 0.3859375 0.3 0.384375 0.30625 0.3859375
0 0.7859375 0.2921875 0.7875 0.2984375 0.778125 0.3078125 0.75 0.30625 0.746875 0.303125 0.746875 0.296875 0.753125 0.290625 0.7578125 0.2890625 0.784375 0.2921875
0 0.803125 0.240625 0.8109375 0.24375 0.8125 0.2484375 0.8109375 0.2515625 0.79375 0.2640625 0.78125 0.265625 0.7765625 0.259375 0.778125 0.2546875 0.790625 0.2453125 0.8015625 0.2421875
0 0.7171875 0.3171875 0.71875 0.3296875 0.7140625 0.3328125 0.7 0.3359375 0.6828125 0.3359375 0.678125 0.328125 0.6796875 0.325 0.6890625 0.31875 0.709375 0.315625 0.715625 0.3171875
0 0.865625 0.246875 0.8703125 0.2515625 0.8703125 0.25625 0.8671875 0.259375 0.8609375 0.2625 0.840625 0.265625 0.8328125 0.265625 0.8296875 0.2625 0.8296875 0.2546875 0.8328125 0.2515625 0.8421875 0.2484375 0.8640625 0.246875
0 0.5578125 0.521875 0.5703125 0.525 0.5765625 0.5296875 0.575 0.5390625 0.5640625 0.5484375 0.55625 0.5484375 0.5390625 0.54375 0.5328125 0.5390625 0.5328125 0.53125 0.5421875 0.521875 0.546875 0.5203125 0.55625 0.521875
0 0.29375 0.24375 0.296875 0.2453125 0.2984375 0.253125 0.2890625 0.259375 0.2765625 0.2625 0.2609375 0.2609375 0.259375 0.253125 0.2734375 0.2453125 0.2921875 0.24375
0 0.7046875 0.2328125 0.7125 0.2421875 0.7125 0.25 0.7 0.25625 0.6921875 0.2546875 0.6859375 0.246875 0.6828125 0.2375 0.684375 0.234375 0.690625 0.23125 0.703125 0.2328125
0 0.778125 0.2671875 0.7828125 0.271875 0.7859375 0.2796875 0.784375 0.2890625 0.7796875 0.290625 0.7625 0.2875 0.759375 0.2796875 0.759375 0.2734375 0.7625 0.2703125 0.76875 0.2671875 0.7765625 0.2671875
0 0.3875 0.715625 0.3921875 0.71875 0.39375 0.7265625 0.3921875 0.7421875 0.384375 0.753125 0.3765625 0.759375 0.3671875 0.759375 0.3609375 0.7546875 0.3609375 0.7359375 0.3625 0.7296875 0.375 0.715625 0.3859375 0.715625