0 0.7015625 0.3328125 0.7140625 0.3390625 0.715625 0.3484375 0.7109375 0.3625 0.70625 0.3671875 0.696875 0.3703125 0.6890625 0.36875 0.6828125 0.359375 0.6875 0.3421875 0.6921875 0.3359375 0.7 0.3328125
0 0.7328125 0.271875 0.7390625 0.2796875 0.7375 0.2828125 0.73125 0.2890625 0.7125 0.2953125 0.696875 0.29375 0.6921875 0.2875 0.6953125 0.2796875 0.7015625 0.275 0.71875 0.2703125 0.73125 0.271875
0 0.7140625 0.2984375 0.740625 0.3140625 0.7421875 0.3171875 0.740625 0.321875 0.7328125 0.328125 0.721875 0.328125 0.6953125 0.3125 0.6953125 0.30625 0.6984375 0.3 0.7125 0.2984375
0 0 0.134375 0.00625 0.14375 0.00625 0.159375 0 0.1640625 0 0.1359375
0 0.2140625 0.1234375 0.21875 0.1265625 0.2203125 0.1328125 0.2171875 0.140625 0.1875 0.1453125 0.178125 0.14375 0.171875 0.1390625 0.1703125 0.128125 0.1734375 0.125 0.19375 0.121875 0.2109375 0.121875 0.2125 0.1234375
0 0.1578125 0.1453125 0.1734375 0.1515625 0.1796875 0.1578125 0.1796875 0.1671875 0.1765625 0.1703125 0.16875 0.171875 0.140625 0.1609375 0.134375 0.153125 0.134375 0.1484375 0.14375 0.14375 0.15625 0.1453125
0 0.4953125 0.24375 0.49375 0.225 0.5 0.2125 0.515625 0.2140625 0.5203125 0.2203125 0.5203125 0.228125 0.51875 0.2390625 0.5140625 0.2453125 0.503125 0.246875 0.496875 0.24375
0 0.075 0.6453125 0.0875 0.6515625 0.0859375 0.6640625 0.0703125 0.671875 0.0453125 0.675 0.021875 0.675 0.0140625 0.6703125 0.0125 0.659375 0.025 0.65 0.0734375 0.6453125
0 0.1984375 0.090625 0.20625 0.0984375 0.20625 0.1078125 0.2015625 0.11875 0.196875 0.121875 0.18125 0.121875 0.175 0.1140625 0.175 0.1046875 0.1796875 0.09375 0.1828125 0.090625 0.196875 0.090625
0 0.71875 0.2265625 0.725 0.225 0.740625 0.2296875 0.7484375 0.2296875 0.759375 0.234375 0.7609375 0.2375 0.759375 0.24375 0.7515625 0.25 0.728125 0.246875 0.7140625 0.240625 0.7140625 0.234375 0.71875 0.228125
0 0.2015625 0.58125 0.221875 0.5921875 0.2328125 0.6015625 0.234375 0.6046875 0.2328125 0.6125 0.2234375 0.61875 0.20625 0.6171875 0.175 0.596875 0.1734375 0.5921875 0.175 0.5875 0.1828125 0.58125 0.1875 0.5796875 0.2 0.58125
0 0.5390625 0.5859375 0.546875 0.5890625 0.55 0.59375 0.5515625 0.596875 0.55 0.603125 0.5390625 0.6109375 0.515625 0.61875 0.4984375 0.6171875 0.49375 0.6125 0.4953125 0.6 0.5 0.5953125 0.5203125 0.590625 0.5296875 0.5859375 0.5375 0.5859375
0 0.13125 0.10625 0.140625 0.109375 0.15 0.109375 0.159375 0.115625 0.1609375 0.1265625 0.1546875 0.13125 0.115625 0.1234375 0.1125 0.1203125 0.1109375 0.1109375 0.115625 0.10625 0.1296875 0.10625
0 0.53125 0.27265625 0.021875 0.03515625
0 0.6578125 0.31875 0.6828125 0.33125 0.6828125 0.3375 0.671875 0.3453125 0.665625 0.3453125 0.646875 0.3390625 0.6390625 0.3359375 0.634375 0.33125 0.634375 0.325 0.6375 0.31875 0.6453125 0.315625 0.65625 0.31875
0 0.1296875 0.1265625 0.14375 0.1296875 0.1515625 0.1375 0.15 0.1421875 0.134375 0.146875 0.109375 0.14375 0.1046875 0.140625 0.1015625 0.134375 0.1015625 0.1296875 0.10625 0.125 0.128125 0.1265625
0 0.5921875 0.3203125 0.6 0.321875 0.6078125 0.328125 0.609375 0.334375 0.60625 0.3515625 0.6 0.3578125 0.5859375 0.3578125 0.5796875 0.353125 0.5828125 0.3453125 0.58125 0.340625 0.5828125 0.325 0.590625 0.321875
0 0.2421875 0.03125 0.2453125 0.0328125 0.2484375 0.04375 0.24375 0.05 0.2296875 0.0578125 0.215625 0.05625 0.2109375 0.05 0.209375 0.0421875 0.228125 0.0296875 0.240625 0.03125
0 0.7796875 0.2953125 0.796875 0.2984375 0.8046875 0.303125 0.8046875 0.3109375 0.7984375 0.3171875 0.778125 0.315625 0.7578125 0.309375 0.7578125 0.3 0.7609375 0.2953125 0.765625 0.29375 0.778125 0.2953125
0 0.540625 0.36875 0.546875 0.375 0.5484375 0.3953125 0.546875 0.4 0.5375 0.40625 0.528125 0.40625 0.521875 0.403125 0.5203125 0.371875 0.5265625 0.3671875 0.5390625 0.36875
0 0 0.0578125 0.015625 0.0578125 0.034375 0.0625 0.0390625 0.0671875 0.0421875 0.075 0.0359375 0.08125 0.021875 0.08125 0 0.0765625 0 0.059375
0 0.55625 0.33125 0.5796875 0.3375 0.58125 0.340625 0.5796875 0.3515625 0.575 0.3546875 0.5484375 0.353125 0.5375 0.35 0.53125 0.3453125 0.53125 0.3359375 0.5359375 0.33125 0.5390625 0.3296875 0.5546875 0.33125
0 0.6 0.215625 0.609375 0.21875 0.6171875 0.2375 0.6140625 0.246875 0.6078125 0.25 0.5953125 0.2484375 0.5875 0.2359375 0.5890625 0.2171875 0.5984375 0.215625
0 0.68125 0.2921875 0.6890625 0.3 0.6890625 0.3171875 0.68125 0.3265625 0.6734375 0.325 0.6609375 0.3171875 0.6609375 0.3046875 0.6640625 0.2953125 0.66875 0.2921875 0.6796875 0.2921875
0 0.1328125 0.6671875 0.1390625 0.675 0.1390625 0.6796875 0.1328125 0.6875 0.1265625 0.690625 0.0953125 0.696875 0.0734375 0.696875 0.0671875 0.69375 0.0640625 0.6890625 0.0640625 0.6828125 0.0703125 0.675 0.08125 0.6703125 0.1140625 0.6640625 0.125 0.6640625 0.13125 0.6671875