0 0.23875661375661375 0.808531746031746 0.24735449735449735 0.8100198412698413 0.251984126984127 0.8129960317460317 0.25562169312169314 0.8209325396825397 0.2552910052910053 0.8286210317460317 0.24768518518518517 0.8405257936507936 0.22916666666666666 0.845734126984127 0.21329365079365079 0.8439980158730159 0.20767195767195767 0.8382936507936508 0.20634920634920634 0.8306051587301587 0.2099867724867725 0.8211805555555556 0.21891534391534392 0.8134920634920635 0.226521164021164 0.8097718253968254 0.23842592592592593 0.808531746031746
0 0.38855820105820105 0.5634920634920635 0.3941798941798942 0.564484126984127 0.40145502645502645 0.5696924603174603 0.4060846560846561 0.5853174603174603 0.40476190476190477 0.5895337301587301 0.39715608465608465 0.595734126984127 0.38227513227513227 0.5997023809523809 0.3726851851851852 0.5994543650793651 0.36507936507936506 0.5952380952380952 0.36044973544973546 0.5885416666666666 0.35978835978835977 0.5803571428571429 0.3627645502645503 0.5739087301587301 0.3697089947089947 0.5682043650793651 0.38822751322751325 0.5634920634920635
0 0.6084656084656085 0.6029265873015873 0.6207010582010583 0.6081349206349206 0.6253306878306878 0.6187996031746031 0.6177248677248677 0.6302083333333334 0.6031746031746031 0.6356646825396826 0.5916005291005291 0.6341765873015873 0.5856481481481481 0.6307043650793651 0.5813492063492064 0.6185515873015873 0.5853174603174603 0.6096230158730159 0.5902777777777778 0.6056547619047619 0.5958994708994709 0.6034226190476191 0.6081349206349206 0.6029265873015873
0 0.4930555555555556 0.48040674603174605 0.5056216931216931 0.48735119047619047 0.5085978835978836 0.49528769841269843 0.5026455026455027 0.5076884920634921 0.49834656084656087 0.5109126984126984 0.4894179894179894 0.5128968253968254 0.4728835978835979 0.5104166666666666 0.4646164021164021 0.4982638888888889 0.4646164021164021 0.49429563492063494 0.4666005291005291 0.48933531746031744 0.4732142857142857 0.48387896825396826 0.49272486772486773 0.48040674603174605
0 0.5747354497354498 0.6629464285714286 0.5879629629629629 0.6671626984126984 0.593915343915344 0.6753472222222222 0.5909391534391535 0.6892361111111112 0.5856481481481481 0.6941964285714286 0.5757275132275133 0.6971726190476191 0.5674603174603174 0.6969246031746031 0.560515873015873 0.6941964285714286 0.5529100529100529 0.683531746031746 0.5532407407407407 0.675843253968254 0.5565476190476191 0.669890873015873 0.5677910052910053 0.6639384920634921 0.5744047619047619 0.6629464285714286
0 0.5443121693121693 0.7713293650793651 0.5512566137566137 0.7725694444444444 0.5618386243386243 0.7782738095238095 0.5671296296296297 0.7894345238095238 0.5621693121693122 0.8013392857142857 0.5565476190476191 0.8048115079365079 0.5472883597883598 0.8062996031746031 0.5367063492063492 0.8048115079365079 0.5291005291005291 0.8000992063492064 0.5238095238095238 0.7867063492063492 0.529431216931217 0.7760416666666666 0.5439814814814815 0.7713293650793651
0 0.5264550264550265 0.4895833333333333 0.5433201058201058 0.49702380952380953 0.5496031746031746 0.5084325396825397 0.5433201058201058 0.5190972222222222 0.5307539682539683 0.5233134920634921 0.515542328042328 0.5208333333333334 0.503968253968254 0.5089285714285714 0.5102513227513228 0.4945436507936508 0.5165343915343915 0.49107142857142855 0.5261243386243386 0.4895833333333333
0 0.4851190476190476 0.6545138888888888 0.4947089947089947 0.6560019841269841 0.5013227513227513 0.6594742063492064 0.5069444444444444 0.6701388888888888 0.5062830687830688 0.675843253968254 0.5006613756613757 0.6825396825396826 0.49503968253968256 0.6865079365079365 0.48644179894179895 0.6879960317460317 0.4705687830687831 0.685515873015873 0.46296296296296297 0.6793154761904762 0.460978835978836 0.6748511904761905 0.46130952380952384 0.6681547619047619 0.4656084656084656 0.6604662698412699 0.4738756613756614 0.6560019841269841 0.48478835978835977 0.6545138888888888
0 0.5558862433862434 0.6346726190476191 0.5674603174603174 0.6376488095238095 0.5757275132275133 0.6475694444444444 0.5717592592592593 0.6607142857142857 0.5572089947089947 0.6684027777777778 0.5403439153439153 0.6624503968253969 0.5357142857142857 0.6579861111111112 0.5337301587301587 0.6512896825396826 0.53505291005291 0.6438492063492064 0.5393518518518519 0.6381448412698413 0.546957671957672 0.6346726190476191 0.5555555555555556 0.6346726190476191
0 0.7351190476190477 0.4779265873015873 0.7509920634920635 0.4833829365079365 0.7569444444444444 0.4913194444444444 0.7556216931216931 0.49851190476190477 0.7506613756613757 0.5052083333333334 0.7394179894179894 0.5106646825396826 0.7202380952380952 0.5071924603174603 0.7139550264550265 0.4947916666666667 0.7208994708994709 0.48288690476190477 0.7347883597883598 0.4779265873015873
0 0.2814153439153439 0.7083333333333334 0.2943121693121693 0.7140376984126984 0.29927248677248675 0.720734126984127 0.3002645502645503 0.7279265873015873 0.2926587301587302 0.7385912698412699 0.2781084656084656 0.7442956349206349 0.26851851851851855 0.7428075396825397 0.2595899470899471 0.7385912698412699 0.25396825396825395 0.7341269841269841 0.2523148148148148 0.7269345238095238 0.2619047619047619 0.7132936507936508 0.271494708994709 0.7085813492063492 0.2810846560846561 0.7083333333333334
0 0.3386243386243386 0.6063988095238095 0.3458994708994709 0.6083829365079365 0.35085978835978837 0.6123511904761905 0.353505291005291 0.6237599206349206 0.3488756613756614 0.6324404761904762 0.3419312169312169 0.6371527777777778 0.3330026455026455 0.6396329365079365 0.32341269841269843 0.6383928571428571 0.31613756613756616 0.6349206349206349 0.310515873015873 0.6272321428571429 0.310515873015873 0.6225198412698413 0.31316137566137564 0.6155753968253969 0.3194444444444444 0.6088789682539683 0.3382936507936508 0.6063988095238095
0 0.6299603174603174 0.5592757936507936 0.6402116402116402 0.5612599206349206 0.6507936507936508 0.5706845238095238 0.6514550264550265 0.580109126984127 0.6448412698412699 0.5885416666666666 0.6355820105820106 0.5925099206349206 0.6223544973544973 0.5930059523809523 0.6121031746031746 0.5887896825396826 0.6064814814814815 0.5815972222222222 0.6058201058201058 0.574156746031746 0.6124338624338624 0.5642361111111112 0.6197089947089947 0.560515873015873 0.6296296296296297 0.5595238095238095
0 0.4305555555555556 0.5434027777777778 0.439484126984127 0.5463789682539683 0.4441137566137566 0.5503472222222222 0.44642857142857145 0.5617559523809523 0.4375 0.5739087301587301 0.42757936507936506 0.5768849206349206 0.4146825396825397 0.576140873015873 0.4060846560846561 0.5724206349206349 0.40046296296296297 0.5652281746031746 0.3998015873015873 0.5602678571428571 0.4021164021164021 0.5525793650793651 0.4083994708994709 0.5466269841269841 0.41898148148148145 0.5431547619047619 0.43022486772486773 0.5434027777777778
0 0.5869708994708994 0.7514880952380952 0.5988756613756614 0.7579365079365079 0.6025132275132276 0.769593253968254 0.595568783068783 0.7827380952380952 0.58994708994709 0.7867063492063492 0.5816798941798942 0.7886904761904762 0.5667989417989417 0.7844742063492064 0.5595238095238095 0.7755456349206349 0.5588624338624338 0.7686011904761905 0.5601851851851852 0.7621527777777778 0.5667989417989417 0.7537202380952381 0.5750661375661376 0.7504960317460317 0.5866402116402116 0.7514880952380952
0 0.47156084656084657 0.40500992063492064 0.484457671957672 0.4107142857142857 0.4894179894179894 0.421875 0.48115079365079366 0.4330357142857143 0.46825396825396826 0.4367559523809524 0.4580026455026455 0.435515873015873 0.45072751322751325 0.4322916666666667 0.4460978835978836 0.4273313492063492 0.4437830687830688 0.4181547619047619 0.44576719576719576 0.41369047619047616 0.4540343915343915 0.40773809523809523 0.4712301587301587 0.40500992063492064
0 0.23809523809523808 0.6961805555555556 0.2447089947089947 0.6974206349206349 0.2526455026455027 0.7021329365079365 0.2569444444444444 0.7172619047619048 0.24834656084656084 0.7318948412698413 0.22883597883597884 0.7380952380952381 0.2208994708994709 0.7375992063492064 0.2152777777777778 0.7346230158730159 0.20932539682539683 0.7271825396825397 0.20767195767195767 0.7194940476190477 0.2099867724867725 0.7135416666666666 0.2199074074074074 0.7028769841269841 0.22685185185185186 0.6981646825396826 0.23776455026455026 0.6961805555555556
0 0.49834656084656087 0.6215277777777778 0.5085978835978836 0.6247519841269841 0.5152116402116402 0.6336805555555556 0.5102513227513228 0.6483134920634921 0.49834656084656087 0.6552579365079365 0.48214285714285715 0.6520337301587301 0.47585978835978837 0.6480654761904762 0.4722222222222222 0.6408730158730159 0.4738756613756614 0.6329365079365079 0.47883597883597884 0.6264880952380952 0.48743386243386244 0.6225198412698413 0.498015873015873 0.6215277777777778
0 0.8111772486772487 0.5724206349206349 0.826058201058201 0.5783730158730159 0.8326719576719577 0.5905257936507936 0.8287037037037037 0.6014384920634921 0.8201058201058201 0.6059027777777778 0.8118386243386243 0.607390873015873 0.7939814814814815 0.6031746031746031 0.7890211640211641 0.5984623015873016 0.7853835978835979 0.5887896825396826 0.7886904761904762 0.5811011904761905 0.7939814814814815 0.576140873015873 0.8002645502645502 0.5734126984126984 0.8108465608465608 0.5724206349206349
0 0.3525132275132275 0.4714781746031746 0.3673941798941799 0.47941468253968256 0.36904761904761907 0.4880952380952381 0.3627645502645503 0.49776785714285715 0.3501984126984127 0.5022321428571429 0.3396164021164021 0.501984126984127 0.3306878306878307 0.49875992063492064 0.3263888888888889 0.4937996031746032 0.32506613756613756 0.4853670634920635 0.32771164021164023 0.4789186507936508 0.3369708994708995 0.47271825396825395 0.3521825396825397 0.4714781746031746
0 0.19246031746031747 0.7986111111111112 0.20304232804232805 0.8053075396825397 0.20535714285714285 0.8169642857142857 0.19808201058201058 0.8288690476190477 0.19246031746031747 0.8323412698412699 0.1832010582010582 0.8343253968253969 0.16335978835978837 0.832093253968254 0.1574074074074074 0.8246527777777778 0.15674603174603174 0.8162202380952381 0.16137566137566137 0.8072916666666666 0.16832010582010581 0.8020833333333334 0.17857142857142858 0.7986111111111112 0.19212962962962962 0.7986111111111112
0 0.29993386243386244 0.6294642857142857 0.314484126984127 0.6361607142857143 0.31845238095238093 0.6433531746031746 0.3187830687830688 0.6500496031746031 0.31084656084656087 0.6592261904761905 0.29794973544973546 0.6639384920634921 0.2794312169312169 0.6614583333333334 0.27314814814814814 0.654265873015873 0.27215608465608465 0.6455853174603174 0.28273809523809523 0.6316964285714286 0.2896825396825397 0.6294642857142857 0.2996031746031746 0.6294642857142857
0 0.3587962962962963 0.6520337301587301 0.3707010582010582 0.6574900793650794 0.37466931216931215 0.6646825396825397 0.37433862433862436 0.671875 0.3697089947089947 0.6793154761904762 0.35912698412698413 0.6850198412698413 0.3525132275132275 0.6862599206349206 0.3425925925925926 0.685515873015873 0.335978835978836 0.6822916666666666 0.33134920634920634 0.6755952380952381 0.3306878306878307 0.6666666666666666 0.33465608465608465 0.6587301587301587 0.3412698412698413 0.6535218253968254 0.3488756613756614 0.6515376984126984 0.3584656084656085 0.6520337301587301
0 0.3531746031746032 0.37177579365079366 0.36607142857142855 0.3792162698412698 0.3707010582010582 0.39037698412698413 0.36607142857142855 0.3975694444444444 0.3541666666666667 0.40401785714285715 0.33465608465608465 0.40128968253968256 0.32837301587301587 0.39632936507936506 0.3247354497354497 0.3881448412698413 0.32705026455026454 0.38070436507936506 0.3333333333333333 0.37624007936507936 0.3449074074074074 0.37202380952380953 0.35284391534391535 0.37177579365079366
0 0.1908068783068783 0.6770833333333334 0.20304232804232805 0.6847718253968254 0.20535714285714285 0.6956845238095238 0.1960978835978836 0.7083333333333334 0.1818783068783069 0.7127976190476191 0.16832010582010581 0.7108134920634921 0.16104497354497355 0.7063492063492064 0.15773809523809523 0.6999007936507936 0.15773809523809523 0.6922123015873016 0.16832010582010581 0.6810515873015873 0.17857142857142858 0.6773313492063492 0.19047619047619047 0.6770833333333334
0 0.4573412698412698 0.4945436507936508 0.4675925925925926 0.5032242063492064 0.47023809523809523 0.5131448412698413 0.4642857142857143 0.5233134920634921 0.45171957671957674 0.5280257936507936 0.4427910052910053 0.527281746031746 0.43386243386243384 0.5225694444444444 0.4289021164021164 0.5153769841269841 0.4289021164021164 0.5101686507936508 0.43253968253968256 0.5017361111111112 0.43915343915343913 0.49603174603174605 0.44543650793650796 0.49404761904761907 0.45701058201058203 0.4945436507936508
0 0.4914021164021164 0.5463789682539683 0.5089285714285714 0.5500992063492064 0.515542328042328 0.5567956349206349 0.5162037037037037 0.5682043650793651 0.5085978835978836 0.5766369047619048 0.5003306878306878 0.5783730158730159 0.48412698412698413 0.5758928571428571 0.476521164021164 0.5677083333333334 0.4748677248677249 0.5620039682539683 0.4798280423280423 0.5523313492063492 0.484457671957672 0.5481150793650794 0.49107142857142855 0.5466269841269841
0 0.31812169312169314 0.44816468253968256 0.32936507936507936 0.45163690476190477 0.33796296296296297 0.4625496031746032 0.3333333333333333 0.4751984126984127 0.3194444444444444 0.48139880952380953 0.29993386243386244 0.4771825396825397 0.29398148148148145 0.47172619047619047 0.2906746031746032 0.46403769841269843 0.29133597883597884 0.4583333333333333 0.296957671957672 0.45287698412698413 0.3177910052910053 0.44816468253968256
0 0.46593915343915343 0.5610119047619048 0.4751984126984127 0.5657242063492064 0.48148148148148145 0.5734126984126984 0.482473544973545 0.5783730158730159 0.4775132275132275 0.5900297619047619 0.46494708994708994 0.595734126984127 0.453042328042328 0.5952380952380952 0.4451058201058201 0.5915178571428571 0.44047619047619047 0.5850694444444444 0.43783068783068785 0.5744047619047619 0.4470899470899471 0.5632440476190477 0.45634920634920634 0.5602678571428571 0.4656084656084656 0.5610119047619048
0 0.6997354497354498 0.4632936507936508 0.71494708994709 0.4704861111111111 0.7195767195767195 0.47842261904761907 0.7192460317460317 0.48487103174603174 0.7142857142857143 0.4930555555555556 0.7066798941798942 0.49851190476190477 0.6997354497354498 0.5004960317460317 0.685515873015873 0.4972718253968254 0.6782407407407407 0.49107142857142855 0.6749338624338624 0.48487103174603174 0.6752645502645502 0.4774305555555556 0.6805555555555556 0.46899801587301587 0.689484126984127 0.4645337301587302 0.6994047619047619 0.4632936507936508