0 0.6157407407407407 0.5473710317460317 0.6223544973544973 0.5493551587301587 0.6286375661375662 0.5567956349206349 0.6276455026455027 0.5652281746031746 0.6160714285714286 0.5706845238095238 0.6044973544973545 0.5684523809523809 0.5985449735449735 0.5610119047619048 0.6021825396825397 0.5510912698412699 0.609457671957672 0.5476190476190477 0.6154100529100529 0.5473710317460317
0 0.582010582010582 0.6001984126984127 0.5929232804232805 0.605406746031746 0.5958994708994709 0.6091269841269841 0.5965608465608465 0.6163194444444444 0.5909391534391535 0.6232638888888888 0.5783730158730159 0.6257440476190477 0.5671296296296297 0.6207837301587301 0.5648148148148148 0.6121031746031746 0.5720899470899471 0.6021825396825397 0.5816798941798942 0.6001984126984127
0 0.5092592592592593 0.5637400793650794 0.5181878306878307 0.5672123015873016 0.5228174603174603 0.5739087301587301 0.5201719576719577 0.5823412698412699 0.5092592592592593 0.5873015873015873 0.49834656084656087 0.5855654761904762 0.49206349206349204 0.578125 0.49537037037037035 0.5677083333333334 0.501984126984127 0.5642361111111112 0.5089285714285714 0.5637400793650794
0 0.38425925925925924 0.8055555555555556 0.39451058201058203 0.8107638888888888 0.396494708994709 0.8174603174603174 0.38955026455026454 0.828125 0.3792989417989418 0.8325892857142857 0.37202380952380953 0.832093253968254 0.36673280423280424 0.8291170634920635 0.3621031746031746 0.8184523809523809 0.36507936507936506 0.8129960317460317 0.37334656084656087 0.8075396825396826 0.38392857142857145 0.8055555555555556
0 0.5816798941798942 0.6361607142857143 0.5882936507936508 0.6369047619047619 0.593915343915344 0.6403769841269841 0.5968915343915344 0.6480654761904762 0.5925925925925926 0.6567460317460317 0.5803571428571429 0.6612103174603174 0.5658068783068783 0.6577380952380952 0.5625 0.654265873015873 0.5618386243386243 0.6468253968253969 0.5671296296296297 0.6396329365079365 0.5813492063492064 0.6361607142857143
0 0.5462962962962963 0.6411210317460317 0.5578703703703703 0.6463293650793651 0.5595238095238095 0.6545138888888888 0.5539021164021164 0.6617063492063492 0.5436507936507936 0.6646825396825397 0.5320767195767195 0.6619543650793651 0.5267857142857143 0.6527777777777778 0.5281084656084656 0.6473214285714286 0.5327380952380952 0.6431051587301587 0.5459656084656085 0.6411210317460317
0 0.4947089947089947 0.6361607142857143 0.5042989417989417 0.6403769841269841 0.5062830687830688 0.6473214285714286 0.5016534391534392 0.6564980158730159 0.49173280423280424 0.6599702380952381 0.4837962962962963 0.6587301587301587 0.47619047619047616 0.6510416666666666 0.47619047619047616 0.6465773809523809 0.4808201058201058 0.6391369047619048 0.49437830687830686 0.6361607142857143
0 0.6339285714285714 0.5267857142857143 0.6451719576719577 0.5314980158730159 0.6478174603174603 0.5376984126984127 0.6448412698412699 0.5456349206349206 0.6349206349206349 0.5486111111111112 0.6246693121693122 0.5476190476190477 0.6183862433862434 0.5409226190476191 0.6220238095238095 0.5297619047619048 0.6335978835978836 0.5267857142857143
0 0.2628968253968254 0.6262400793650794 0.2724867724867725 0.6299603174603174 0.2757936507936508 0.6371527777777778 0.2724867724867725 0.6436011904761905 0.25925925925925924 0.6480654761904762 0.24801587301587302 0.6455853174603174 0.24371693121693122 0.6364087301587301 0.251984126984127 0.6272321428571429 0.26256613756613756 0.6262400793650794
0 0.4451058201058201 0.548859126984127 0.45436507936507936 0.5528273809523809 0.4566798941798942 0.5612599206349206 0.4503968253968254 0.5691964285714286 0.439484126984127 0.5721726190476191 0.4279100529100529 0.5679563492063492 0.42427248677248675 0.560515873015873 0.4279100529100529 0.5533234126984127 0.43253968253968256 0.5500992063492064 0.44477513227513227 0.548859126984127
0 0.32341269841269843 0.7748015873015873 0.3330026455026455 0.779265873015873 0.33564814814814814 0.7901785714285714 0.3296957671957672 0.7978670634920635 0.3194444444444444 0.8010912698412699 0.3072089947089947 0.798859126984127 0.30324074074074076 0.7934027777777778 0.30224867724867727 0.7862103174603174 0.3101851851851852 0.7755456349206349 0.3230820105820106 0.7748015873015873
0 0.43022486772486773 0.6202876984126984 0.43915343915343913 0.6242559523809523 0.44246031746031744 0.6326884920634921 0.43683862433862436 0.6411210317460317 0.4289021164021164 0.6436011904761905 0.41798941798941797 0.6418650793650794 0.4113756613756614 0.6331845238095238 0.4183201058201058 0.6222718253968254 0.4298941798941799 0.6202876984126984
0 0.6107804232804233 0.5875496031746031 0.6207010582010583 0.5920138888888888 0.6233465608465608 0.5999503968253969 0.6197089947089947 0.6059027777777778 0.6097883597883598 0.6101190476190477 0.5985449735449735 0.6076388888888888 0.593584656084656 0.6026785714285714 0.5929232804232805 0.5974702380952381 0.5992063492063492 0.589781746031746 0.6104497354497355 0.5875496031746031
0 0.45701058201058203 0.6334325396825397 0.4666005291005291 0.6396329365079365 0.4675925925925926 0.6458333333333334 0.4632936507936508 0.652281746031746 0.45337301587301587 0.65625 0.4384920634920635 0.6502976190476191 0.43683862433862436 0.6448412698412699 0.44312169312169314 0.6346726190476191 0.4566798941798942 0.6334325396825397
0 0.593584656084656 0.6654265873015873 0.6021825396825397 0.6711309523809523 0.6044973544973545 0.6793154761904762 0.5985449735449735 0.6867559523809523 0.5892857142857143 0.689484126984127 0.5777116402116402 0.6857638888888888 0.5740740740740741 0.6817956349206349 0.5727513227513228 0.6750992063492064 0.5806878306878307 0.6669146825396826 0.5932539682539683 0.6654265873015873
0 0.32175925925925924 0.5905257936507936 0.3287037037037037 0.5954861111111112 0.33134920634920634 0.6036706349206349 0.3287037037037037 0.609375 0.3244047619047619 0.6125992063492064 0.3177910052910053 0.6138392857142857 0.3098544973544973 0.6128472222222222 0.30324074074074076 0.609375 0.30092592592592593 0.5989583333333334 0.30324074074074076 0.5947420634920635 0.30853174603174605 0.591765873015873 0.32142857142857145 0.5905257936507936
0 0.3558201058201058 0.8167162698412699 0.36408730158730157 0.824156746031746 0.3664021164021164 0.8318452380952381 0.359457671957672 0.8420138888888888 0.34953703703703703 0.845734126984127 0.3416005291005291 0.8452380952380952 0.33465608465608465 0.8415178571428571 0.3316798941798942 0.8311011904761905 0.3382936507936508 0.8204365079365079 0.3458994708994709 0.8169642857142857 0.35548941798941797 0.8167162698412699
0 0.29563492063492064 0.8504464285714286 0.30456349206349204 0.8546626984126984 0.3055555555555556 0.8635912698412699 0.3019179894179894 0.8732638888888888 0.29662698412698413 0.8772321428571429 0.2900132275132275 0.8784722222222222 0.2781084656084656 0.8747519841269841 0.27314814814814814 0.8660714285714286 0.2761243386243386 0.8588789682539683 0.28273809523809523 0.8521825396825397 0.2953042328042328 0.8504464285714286
0 0.43683862433862436 0.6512896825396826 0.45205026455026454 0.6567460317460317 0.4546957671957672 0.6612103174603174 0.45337301587301587 0.6684027777777778 0.4427910052910053 0.6755952380952381 0.4289021164021164 0.6728670634920635 0.4226190476190476 0.6651785714285714 0.4246031746031746 0.6567460317460317 0.4365079365079365 0.6512896825396826
0 0.6378968253968254 0.6001984126984127 0.6461640211640212 0.6056547619047619 0.6478174603174603 0.6130952380952381 0.6441798941798942 0.6190476190476191 0.6342592592592593 0.6235119047619048 0.6220238095238095 0.6202876984126984 0.6167328042328042 0.6108630952380952 0.6253306878306878 0.6021825396825397 0.6375661375661376 0.6001984126984127
0 0.2814153439153439 0.5910218253968254 0.2900132275132275 0.5954861111111112 0.29133597883597884 0.5992063492063492 0.28703703703703703 0.6096230158730159 0.27976190476190477 0.6123511904761905 0.26421957671957674 0.609375 0.25992063492063494 0.605406746031746 0.25925925925925924 0.5989583333333334 0.26686507936507936 0.5912698412698413 0.2810846560846561 0.5910218253968254
0 0.27744708994708994 0.8221726190476191 0.28505291005291006 0.8239087301587301 0.28935185185185186 0.8273809523809523 0.29133597883597884 0.8363095238095238 0.28604497354497355 0.8452380952380952 0.2800925925925926 0.8494543650793651 0.2724867724867725 0.8509424603174603 0.265542328042328 0.8497023809523809 0.26091269841269843 0.8459821428571429 0.2585978835978836 0.8348214285714286 0.2681878306878307 0.824156746031746 0.2771164021164021 0.8221726190476191
0 0.5426587301587301 0.6200396825396826 0.5515873015873016 0.6262400793650794 0.5519179894179894 0.6334325396825397 0.5453042328042328 0.6408730158730159 0.533068783068783 0.642609126984127 0.5221560846560847 0.6364087301587301 0.521494708994709 0.626984126984127 0.5248015873015873 0.623015873015873 0.5327380952380952 0.6195436507936508 0.5423280423280423 0.6200396825396826
0 0.4705687830687831 0.6510416666666666 0.4771825396825397 0.6527777777777778 0.484457671957672 0.6609623015873016 0.48148148148148145 0.6713789682539683 0.4718915343915344 0.6755952380952381 0.45965608465608465 0.6736111111111112 0.455026455026455 0.6686507936507936 0.45634920634920634 0.6577380952380952 0.4619708994708995 0.6535218253968254 0.47023809523809523 0.6510416666666666
0 0.4341931216931217 0.6837797619047619 0.4460978835978836 0.6887400793650794 0.44841269841269843 0.6944444444444444 0.44642857142857145 0.703125 0.44246031746031744 0.707093253968254 0.435515873015873 0.7090773809523809 0.421957671957672 0.707093253968254 0.4156746031746032 0.6964285714285714 0.4176587301587302 0.6904761904761905 0.421957671957672 0.6867559523809523 0.43386243386243384 0.6837797619047619
0 0.4183201058201058 0.4087301587301587 0.42757936507936506 0.4149305555555556 0.42857142857142855 0.421875 0.4226190476190476 0.4283234126984127 0.4117063492063492 0.43005952380952384 0.4031084656084656 0.4270833333333333 0.39814814814814814 0.4174107142857143 0.40476190476190477 0.4099702380952381 0.41798941798941797 0.4087301587301587
0 0.3488756613756614 0.855406746031746 0.359457671957672 0.8571428571428571 0.36607142857142855 0.863343253968254 0.3673941798941799 0.8705357142857143 0.3627645502645503 0.8777281746031746 0.3488756613756614 0.8834325396825397 0.3416005291005291 0.8826884920634921 0.33664021164021163 0.8792162698412699 0.33366402116402116 0.8655753968253969 0.3406084656084656 0.8578869047619048 0.34854497354497355 0.8556547619047619
0 0.6335978835978836 0.5677083333333334 0.6438492063492064 0.5746527777777778 0.6451719576719577 0.5815972222222222 0.6398809523809523 0.5892857142857143 0.6299603174603174 0.591765873015873 0.6170634920634921 0.5875496031746031 0.6137566137566137 0.5778769841269841 0.6157407407407407 0.5734126984126984 0.6216931216931217 0.5696924603174603 0.6332671957671958 0.5677083333333334
0 0.482473544973545 0.5699404761904762 0.4887566137566138 0.5746527777777778 0.4904100529100529 0.5813492063492064 0.48578042328042326 0.5885416666666666 0.4781746031746032 0.5910218253968254 0.4656084656084656 0.5880456349206349 0.4623015873015873 0.5848214285714286 0.46130952380952384 0.578125 0.46924603174603174 0.5704365079365079 0.4738756613756614 0.5689484126984127 0.48214285714285715 0.5699404761904762
0 0.32275132275132273 0.8598710317460317 0.3330026455026455 0.8658234126984127 0.333994708994709 0.8752480158730159 0.32936507936507936 0.8831845238095238 0.3220899470899471 0.8859126984126984 0.3072089947089947 0.8836805555555556 0.30324074074074076 0.8754960317460317 0.30886243386243384 0.8645833333333334 0.32242063492063494 0.8598710317460317