0 0.8078125 0.2859375 0.81875 0.2921875 0.81875 0.3 0.8015625 0.315625 0.7875 0.3234375 0.771875 0.321875 0.765625 0.3140625 0.7671875 0.309375 0.771875 0.3015625 0.7890625 0.2890625 0.7953125 0.2859375 0.80625 0.2859375
0 0.55 0.328125 0.571875 0.334375 0.59375 0.34375 0.5953125 0.353125 0.5921875 0.359375 0.5875 0.3625 0.575 0.3625 0.5390625 0.35 0.5328125 0.34375 0.5328125 0.3390625 0.5390625 0.33125 0.54375 0.328125 0.5484375 0.328125
0 0.640625 0.575 0.65 0.5796875 0.6546875 0.5890625 0.6546875 0.5953125 0.646875 0.625 0.6375 0.6328125 0.6296875 0.6359375 0.6125 0.63125 0.6078125 0.625 0.6078125 0.6140625 0.6171875 0.5828125 0.6234375 0.5765625 0.6390625 0.575
0 0.2734375 0.5796875 0.2765625 0.584375 0.2765625 0.5921875 0.271875 0.5984375 0.2640625 0.603125 0.2359375 0.6078125 0.2140625 0.6078125 0.203125 0.603125 0.1953125 0.5953125 0.1953125 0.5890625 0.2 0.58125 0.209375 0.5765625 0.246875 0.571875 0.2609375 0.571875 0.265625 0.5734375 0.271875 0.5796875
0 0.3359375 0.51875 0.3421875 0.5296875 0.3421875 0.534375 0.334375 0.54375 0.303125 0.5484375 0.2859375 0.5484375 0.271875 0.5421875 0.265625 0.534375 0.265625 0.5265625 0.2734375 0.51875 0.2828125 0.515625 0.33125 0.515625 0.334375 0.51875
0 0.546875 0.3546875 0.553125 0.3625 0.553125 0.36875 0.5515625 0.3734375 0.54375 0.3796875 0.528125 0.3796875 0.5078125 0.3734375 0.5015625 0.3734375 0.4921875 0.3671875 0.490625 0.3546875 0.4984375 0.346875 0.515625 0.346875 0.5359375 0.3515625 0.5390625 0.3546875 0.5453125 0.3546875
0 0.35625 0.384375 0.3671875 0.3890625 0.3703125 0.3953125 0.3703125 0.4046875 0.35625 0.428125 0.35 0.4328125 0.33125 0.43125 0.3234375 0.4203125 0.3234375 0.4140625 0.3328125 0.3984375 0.34375 0.3859375 0.3546875 0.384375
0 0.53125 0.3890625 0.5625 0.4 0.5703125 0.4046875 0.571875 0.415625 0.56875 0.421875 0.5625 0.4265625 0.546875 0.4265625 0.5109375 0.4109375 0.509375 0.396875 0.515625 0.390625 0.5296875 0.3890625
0 0.63125 0.35 0.6390625 0.353125 0.64375 0.3578125 0.64375 0.365625 0.6328125 0.3890625 0.6265625 0.3953125 0.621875 0.396875 0.60625 0.3953125 0.6015625 0.390625 0.6015625 0.3796875 0.6125 0.35625 0.6171875 0.3515625 0.6296875 0.35
0 0.578125 0.3015625 0.5921875 0.3078125 0.609375 0.3234375 0.6109375 0.33125 0.6078125 0.3375 0.603125 0.3421875 0.5953125 0.34375 0.5765625 0.3359375 0.559375 0.3203125 0.5609375 0.3078125 0.565625 0.303125 0.5765625 0.3015625
0 0.6390625 0.25 0.66875 0.2578125 0.6765625 0.2640625 0.675 0.271875 0.665625 0.28125 0.646875 0.2796875 0.625 0.2734375 0.61875 0.26875 0.6171875 0.265625 0.61875 0.25625 0.6265625 0.25 0.6375 0.25