0 0.43774801587301587 0 0.48660714285714285 0 0.4871031746031746 0.004298941798941799 0.486359126984127 0.01488095238095238 0.4816468253968254 0.026785714285714284 0.4759424603174603 0.03306878306878307 0.466765873015873 0.037037037037037035 0.45634920634920634 0.0333994708994709 0.44543650793650796 0.02513227513227513 0.43898809523809523 0.014219576719576719 0.43774801587301587 0.00033068783068783067
0 0.7177579365079365 0.37103174603174605 0.7301587301587301 0.37665343915343913 0.7408234126984127 0.38657407407407407 0.7490079365079365 0.40343915343915343 0.7504960317460317 0.4126984126984127 0.7420634920634921 0.43915343915343913 0.7204861111111112 0.453042328042328 0.7065972222222222 0.45072751322751325 0.6944444444444444 0.44345238095238093 0.6852678571428571 0.43187830687830686 0.6817956349206349 0.41898148148148145 0.689484126984127 0.3869047619047619 0.7061011904761905 0.3726851851851852 0.7175099206349206 0.37103174603174605
0 0.3521825396825397 0.6792328042328042 0.36607142857142855 0.6832010582010583 0.3767361111111111 0.6917989417989417 0.3836805555555556 0.701058201058201 0.390625 0.7192460317460317 0.390625 0.7473544973544973 0.3804563492063492 0.7688492063492064 0.36532738095238093 0.7860449735449735 0.3454861111111111 0.7883597883597884 0.33035714285714285 0.7833994708994709 0.3209325396825397 0.7748015873015873 0.31572420634920634 0.7658730158730159 0.310515873015873 0.7397486772486772 0.31274801587301587 0.720568783068783 0.31919642857142855 0.7020502645502645 0.32787698412698413 0.6875 0.3420138888888889 0.6808862433862434 0.35193452380952384 0.6795634920634921
0 0.7003968253968254 0.1431878306878307 0.7170138888888888 0.15707671957671956 0.7202380952380952 0.18253968253968253 0.7172619047619048 0.19411375661375663 0.7098214285714286 0.207010582010582 0.703125 0.21263227513227514 0.6927083333333334 0.21461640211640212 0.6788194444444444 0.21064814814814814 0.667906746031746 0.20006613756613756 0.6659226190476191 0.19047619047619047 0.6664186507936508 0.16865079365079366 0.6708829365079365 0.1574074074074074 0.6773313492063492 0.1498015873015873 0.6887400793650794 0.14384920634920634 0.7001488095238095 0.1431878306878307
0 0.529265873015873 0 0.5657242063492064 0 0.5716765873015873 0.018518518518518517 0.5711805555555556 0.032407407407407406 0.5637400793650794 0.05092592592592592 0.5533234126984127 0.05654761904761905 0.5394345238095238 0.05654761904761905 0.529265873015873 0.045304232804232805 0.5238095238095238 0.02976190476190476 0.5233134920634921 0.01917989417989418 0.529265873015873 0.00033068783068783067
0 0.6329365079365079 0.4193121693121693 0.6480654761904762 0.4203042328042328 0.6552579365079365 0.4236111111111111 0.6624503968253969 0.4308862433862434 0.6686507936507936 0.4497354497354497 0.6688988095238095 0.4636243386243386 0.6597222222222222 0.4877645502645503 0.6555059523809523 0.49437830687830686 0.6440972222222222 0.5023148148148148 0.6334325396825397 0.5013227513227513 0.6121031746031746 0.4914021164021164 0.6056547619047619 0.4828042328042328 0.6004464285714286 0.4662698412698413 0.6011904761904762 0.44907407407407407 0.6123511904761905 0.4298941798941799 0.6259920634920635 0.4193121693121693 0.6326884920634921 0.4193121693121693
0 0.5074404761904762 0.09358465608465609 0.5230654761904762 0.10185185185185185 0.5295138888888888 0.11838624338624339 0.5310019841269841 0.12896825396825398 0.5300099206349206 0.1431878306878307 0.5265376984126984 0.15244708994708994 0.5225694444444444 0.15641534391534392 0.5044642857142857 0.13822751322751323 0.49429563492063494 0.13723544973544974 0.48462301587301587 0.14285714285714285 0.48115079365079366 0.14186507936507936 0.47966269841269843 0.13855820105820105 0.47966269841269843 0.11507936507936507 0.4816468253968254 0.10714285714285714 0.49107142857142855 0.09722222222222222 0.49851190476190477 0.09358465608465609 0.5071924603174603 0.09358465608465609
0 0.6267361111111112 0.6557539682539683 0.6450892857142857 0.6663359788359788 0.6550099206349206 0.6779100529100529 0.6646825396825397 0.6970899470899471 0.6654265873015873 0.71494708994709 0.6614583333333334 0.7337962962962963 0.6557539682539683 0.7417328042328042 0.6431051587301587 0.751984126984127 0.6257440476190477 0.7582671957671958 0.6125992063492064 0.7559523809523809 0.6016865079365079 0.746031746031746 0.591765873015873 0.7245370370370371 0.5880456349206349 0.7132936507936508 0.5877976190476191 0.7060185185185185 0.591765873015873 0.6891534391534392 0.6024305555555556 0.6666666666666666 0.6158234126984127 0.6557539682539683 0.6264880952380952 0.6557539682539683
0 0.6101190476190477 0.1917989417989418 0.6163194444444444 0.19444444444444445 0.6232638888888888 0.20403439153439154 0.6299603174603174 0.2218915343915344 0.6304563492063492 0.22883597883597884 0.6302083333333334 0.24503968253968253 0.626984126984127 0.25826719576719576 0.6130952380952381 0.27116402116402116 0.5954861111111112 0.265542328042328 0.5778769841269841 0.2662037037037037 0.5739087301587301 0.2595899470899471 0.5687003968253969 0.24107142857142858 0.5706845238095238 0.226521164021164 0.5808531746031746 0.2037037037037037 0.591765873015873 0.19444444444444445 0.6098710317460317 0.1917989417989418
0 0.35342261904761907 0.07473544973544974 0.35962301587301587 0.07837301587301587 0.36259920634920634 0.08498677248677249 0.3645833333333333 0.10218253968253968 0.3576388888888889 0.11541005291005291 0.35342261904761907 0.13657407407407407 0.3325892857142857 0.14252645502645503 0.3273809523809524 0.14087301587301587 0.3209325396825397 0.13161375661375663 0.31572420634920634 0.1130952380952381 0.31746031746031744 0.10383597883597884 0.3244047619047619 0.08928571428571429 0.3315972222222222 0.08068783068783068 0.3447420634920635 0.07473544973544974 0.3531746031746032 0.07473544973544974
0 0.5796130952380952 0 0.6130952380952381 0 0.6086309523809523 0.008597883597883597 0.5994543650793651 0.013227513227513227 0.5843253968253969 0.008928571428571428 0.580109126984127 0.00496031746031746 0.5796130952380952 0.00033068783068783067
0 0.5208333333333334 0.5363756613756614 0.5354662698412699 0.5433201058201058 0.5481150793650794 0.5565476190476191 0.5538194444444444 0.5704365079365079 0.5562996031746031 0.5882936507936508 0.5543154761904762 0.5965608465608465 0.5376984126984127 0.6157407407407407 0.5307539682539683 0.6296296296296297 0.5238095238095238 0.6322751322751323 0.5059523809523809 0.6302910052910053 0.49404761904761907 0.6213624338624338 0.48735119047619047 0.6134259259259259 0.482390873015873 0.5922619047619048 0.4836309523809524 0.5648148148148148 0.4905753968253968 0.5499338624338624 0.5012400793650794 0.5393518518518519 0.5119047619047619 0.5357142857142857 0.5205853174603174 0.5363756613756614
0 0.4565972222222222 0.09292328042328042 0.47023809523809523 0.10218253968253968 0.4779265873015873 0.11441798941798942 0.47842261904761907 0.144510582010582 0.4749503968253968 0.1531084656084656 0.4704861111111111 0.15773809523809523 0.4670138888888889 0.15674603174603174 0.45337301587301587 0.14153439153439154 0.4320436507936508 0.13425925925925927 0.4280753968253968 0.1302910052910053 0.4347718253968254 0.10912698412698413 0.43898809523809523 0.10284391534391535 0.4461805555555556 0.09656084656084656 0.45634920634920634 0.09292328042328042
0 0.501984126984127 0.2744708994708995 0.5163690476190477 0.28703703703703703 0.5228174603174603 0.31845238095238093 0.5215773809523809 0.32407407407407407 0.513640873015873 0.3326719576719577 0.5032242063492064 0.35978835978835977 0.49231150793650796 0.3630952380952381 0.48288690476190477 0.36044973544973546 0.4751984126984127 0.34523809523809523 0.45982142857142855 0.3263888888888889 0.4593253968253968 0.30687830687830686 0.4618055555555556 0.29662698412698413 0.47693452380952384 0.27843915343915343 0.5017361111111112 0.2744708994708995
0 0.41096230158730157 0.3723544973544973 0.42162698412698413 0.37896825396825395 0.4322916666666667 0.3948412698412698 0.4357638888888889 0.41534391534391535 0.4332837301587302 0.41964285714285715 0.4166666666666667 0.4298941798941799 0.4010416666666667 0.45601851851851855 0.39360119047619047 0.4540343915343915 0.3777281746031746 0.43915343915343913 0.3725198412698413 0.42493386243386244 0.3722718253968254 0.4103835978835979 0.375 0.4007936507936508 0.3861607142857143 0.38326719576719576 0.40029761904761907 0.3726851851851852 0.4107142857142857 0.3723544973544973
0 0.5905257936507936 0.49867724867724866 0.6026785714285714 0.5009920634920635 0.6217757936507936 0.5188492063492064 0.6240079365079365 0.5228174603174603 0.6287202380952381 0.5499338624338624 0.6242559523809523 0.5747354497354498 0.607390873015873 0.595568783068783 0.5959821428571429 0.5982142857142857 0.5786210317460317 0.5925925925925926 0.5672123015873016 0.591931216931217 0.5634920634920635 0.5889550264550265 0.5572916666666666 0.5810185185185185 0.5491071428571429 0.5539021164021164 0.5520833333333334 0.529431216931217 0.558531746031746 0.515542328042328 0.5768849206349206 0.5003306878306878 0.5902777777777778 0.49867724867724866
0 0.9670138888888888 0.31183862433862436 0.9809027777777778 0.31613756613756616 0.9913194444444444 0.3273809523809524 0.996031746031746 0.3353174603174603 0.9965277777777778 0.3468915343915344 0.9945436507936508 0.36408730158730157 0.9880952380952381 0.37896825396825395 0.9739583333333334 0.3915343915343915 0.9635416666666666 0.3948412698412698 0.9461805555555556 0.3941798941798942 0.9384920634920635 0.3912037037037037 0.9243551587301587 0.3759920634920635 0.9213789682539683 0.3697089947089947 0.9211309523809523 0.36177248677248675 0.9250992063492064 0.3412698412698413 0.9357638888888888 0.3244047619047619 0.9486607142857143 0.31382275132275134 0.966765873015873 0.31183862433862436
0 0.5538194444444444 0.42394179894179895 0.5642361111111112 0.42824074074074076 0.5756448412698413 0.43882275132275134 0.5828373015873016 0.45337301587301587 0.5868055555555556 0.47354497354497355 0.5855654761904762 0.48478835978835977 0.5793650793650794 0.4976851851851852 0.5575396825396826 0.513558201058201 0.5443948412698413 0.5119047619047619 0.5337301587301587 0.5059523809523809 0.5270337301587301 0.4851190476190476 0.5178571428571429 0.4666005291005291 0.5178571428571429 0.4599867724867725 0.5302579365079365 0.43154761904761907 0.5438988095238095 0.4252645502645503 0.5535714285714286 0.42394179894179895
0 0.5372023809523809 0.32242063492063494 0.5572916666666666 0.3419312169312169 0.5642361111111112 0.36078042328042326 0.5652281746031746 0.37037037037037035 0.5520833333333334 0.39021164021164023 0.5466269841269841 0.40674603174603174 0.5307539682539683 0.4087301587301587 0.5260416666666666 0.4041005291005291 0.5200892857142857 0.39087301587301587 0.5062003968253969 0.3773148148148148 0.503968253968254 0.35813492063492064 0.5153769841269841 0.3306878306878307 0.5255456349206349 0.32407407407407407 0.5369543650793651 0.32242063492063494
0 0.3236607142857143 0 0.36731150793650796 0 0.3635912698412698 0.010912698412698412 0.35714285714285715 0.01917989417989418 0.35267857142857145 0.021164021164021163 0.33705357142857145 0.01951058201058201 0.3263888888888889 0.007936507936507936 0.3236607142857143 0.00033068783068783067
0 0.6721230158730159 0.22718253968253968 0.6857638888888888 0.23346560846560846 0.6892361111111112 0.2390873015873016 0.6979166666666666 0.2595899470899471 0.6989087301587301 0.2781084656084656 0.6966765873015873 0.2896825396825397 0.6865079365079365 0.3134920634920635 0.6788194444444444 0.32242063492063494 0.6659226190476191 0.3290343915343915 0.6579861111111112 0.328042328042328 0.6470734126984127 0.31746031746031744 0.644593253968254 0.3072089947089947 0.636656746031746 0.294973544973545 0.6341765873015873 0.27744708994708994 0.636656746031746 0.2585978835978836 0.6438492063492064 0.2443783068783069 0.660218253968254 0.23015873015873015 0.671875 0.22718253968253968
0 0.8015873015873016 0.22784391534391535 0.8177083333333334 0.2414021164021164 0.8229166666666666 0.2562830687830688 0.8239087301587301 0.267526455026455 0.8211805555555556 0.2833994708994709 0.8182043650793651 0.2896825396825397 0.8097718253968254 0.3002645502645503 0.8003472222222222 0.3058862433862434 0.7839781746031746 0.2814153439153439 0.7728174603174603 0.273478835978836 0.7609126984126984 0.2701719576719577 0.7591765873015873 0.2648809523809524 0.7621527777777778 0.2526455026455027 0.7755456349206349 0.23214285714285715 0.7849702380952381 0.22718253968253968 0.8013392857142857 0.22784391534391535
0 0.35714285714285715 0.041666666666666664 0.3695436507936508 0.057539682539682536 0.3697916666666667 0.06448412698412699 0.361359126984127 0.07539682539682539 0.33978174603174605 0.07671957671957672 0.3246527777777778 0.08928571428571429 0.3209325396825397 0.07837301587301587 0.3209325396825397 0.0667989417989418 0.32415674603174605 0.056878306878306875 0.33581349206349204 0.04563492063492063 0.34945436507936506 0.04133597883597884 0.3568948412698413 0.041666666666666664
0 0.3350694444444444 0.39451058201058203 0.3524305555555556 0.3994708994708995 0.3635912698412698 0.41203703703703703 0.37003968253968256 0.42857142857142855 0.3680555555555556 0.453042328042328 0.36334325396825395 0.46825396825396826 0.3524305555555556 0.4808201058201058 0.3373015873015873 0.484457671957672 0.32068452380952384 0.4808201058201058 0.30753968253968256 0.4699074074074074 0.3005952380952381 0.4599867724867725 0.29538690476190477 0.439484126984127 0.296875 0.42294973544973546 0.3070436507936508 0.4021164021164021 0.32787698412698413 0.3941798941798942 0.33482142857142855 0.39451058201058203
0 0.3913690476190476 0.3151455026455027 0.39732142857142855 0.31712962962962965 0.40674603174603174 0.32771164021164023 0.41617063492063494 0.35185185185185186 0.41517857142857145 0.36607142857142855 0.4117063492063492 0.37202380952380953 0.40327380952380953 0.3716931216931217 0.39558531746031744 0.375 0.37797619047619047 0.39285714285714285 0.36607142857142855 0.3845899470899471 0.3611111111111111 0.3773148148148148 0.3576388888888889 0.34656084656084657 0.36235119047619047 0.33366402116402116 0.3712797619047619 0.3210978835978836 0.376984126984127 0.3167989417989418 0.39112103174603174 0.3151455026455027
0 0.5059523809523809 0.4619708994708995 0.517609126984127 0.46825396825396826 0.5260416666666666 0.48214285714285715 0.5319940476190477 0.5049603174603174 0.5295138888888888 0.5211640211640212 0.5223214285714286 0.5347222222222222 0.5022321428571429 0.5380291005291006 0.4880952380952381 0.5492724867724867 0.4756944444444444 0.5287698412698413 0.46378968253968256 0.5145502645502645 0.46279761904761907 0.5082671957671958 0.46651785714285715 0.4877645502645503 0.4742063492063492 0.47255291005291006 0.48412698412698413 0.46494708994708994 0.5057043650793651 0.4619708994708995
0 0.4888392857142857 0.05720899470899471 0.5017361111111112 0.06977513227513228 0.5052083333333334 0.07903439153439154 0.5066964285714286 0.09126984126984126 0.49231150793650796 0.09689153439153439 0.4806547619047619 0.11011904761904762 0.4771825396825397 0.10978835978835978 0.4593253968253968 0.09126984126984126 0.45709325396825395 0.07804232804232804 0.46651785714285715 0.06382275132275132 0.47197420634920634 0.059854497354497355 0.48139880952380953 0.05654761904761905 0.4885912698412698 0.05720899470899471
0 0.4312996031746032 0.13425925925925927 0.44990079365079366 0.13921957671957672 0.46056547619047616 0.1474867724867725 0.4677579365079365 0.15674603174603174 0.46899801587301587 0.18386243386243387 0.466765873015873 0.19378306878306878 0.4635416666666667 0.1970899470899471 0.4506448412698413 0.18716931216931218 0.44146825396825395 0.18485449735449735 0.42162698412698413 0.1917989417989418 0.4099702380952381 0.17493386243386244 0.4079861111111111 0.16765873015873015 0.41369047619047616 0.14517195767195767 0.42162698412698413 0.13624338624338625 0.4310515873015873 0.13425925925925927
0 0.47619047619047616 0.230489417989418 0.4928075396825397 0.2443783068783069 0.4990079365079365 0.25826719576719576 0.4992559523809524 0.271494708994709 0.49677579365079366 0.2744708994708995 0.4816468253968254 0.2771164021164021 0.47371031746031744 0.2814153439153439 0.45982142857142855 0.3005952380952381 0.45610119047619047 0.29894179894179895 0.44246031746031744 0.2757936507936508 0.44072420634920634 0.26884920634920634 0.44221230158730157 0.25562169312169314 0.44915674603174605 0.2414021164021164 0.45634920634920634 0.23346560846560846 0.46651785714285715 0.22883597883597884 0.4759424603174603 0.230489417989418
0 0.6517857142857143 0.3425925925925926 0.6681547619047619 0.34424603174603174 0.675843253968254 0.35085978835978837 0.6822916666666666 0.3611111111111111 0.6879960317460317 0.38326719576719576 0.6882440476190477 0.39021164021164023 0.6803075396825397 0.4166666666666667 0.6721230158730159 0.42658730158730157 0.6651785714285714 0.4305555555555556 0.6510416666666666 0.41964285714285715 0.6262400793650794 0.4176587301587302 0.6187996031746031 0.40343915343915343 0.6160714285714286 0.375 0.6202876984126984 0.3627645502645503 0.6334325396825397 0.3449074074074074 0.6403769841269841 0.34226190476190477 0.6515376984126984 0.3425925925925926
0 0.5567956349206349 0.1746031746031746 0.5647321428571429 0.17857142857142858 0.5719246031746031 0.18617724867724866 0.5763888888888888 0.1960978835978836 0.578125 0.20634920634920634 0.5679563492063492 0.2400793650793651 0.5513392857142857 0.251984126984127 0.5438988095238095 0.25165343915343913 0.5362103174603174 0.24768518518518517 0.5255456349206349 0.2337962962962963 0.5223214285714286 0.21858465608465608 0.5220734126984127 0.20072751322751323 0.5243055555555556 0.19212962962962962 0.5364583333333334 0.1789021164021164 0.5565476190476191 0.1746031746031746
0 0.39211309523809523 0.4837962962962963 0.4017857142857143 0.4871031746031746 0.4149305555555556 0.4976851851851852 0.4236111111111111 0.5109126984126984 0.42584325396825395 0.5211640211640212 0.42584325396825395 0.529431216931217 0.4176587301587302 0.5462962962962963 0.4166666666666667 0.5648148148148148 0.4052579365079365 0.5747354497354498 0.39856150793650796 0.5773809523809523 0.38169642857142855 0.5744047619047619 0.3655753968253968 0.5648148148148148 0.36160714285714285 0.5588624338624338 0.3566468253968254 0.5380291005291006 0.3568948412698413 0.5218253968253969 0.36259920634920634 0.5029761904761905 0.37351190476190477 0.4894179894179894 0.38566468253968256 0.4837962962962963 0.39186507936507936 0.4837962962962963
0 0.4330357142857143 0.2728174603174603 0.44246031746031744 0.2781084656084656 0.4538690476190476 0.2959656084656085 0.4565972222222222 0.3058862433862434 0.45634920634920634 0.3177910052910053 0.45362103174603174 0.3263888888888889 0.43427579365079366 0.330026455026455 0.4270833333333333 0.3353174603174603 0.4184027777777778 0.3478835978835979 0.41121031746031744 0.33994708994708994 0.4052579365079365 0.3244047619047619 0.3970734126984127 0.3158068783068783 0.3970734126984127 0.3039021164021164 0.40054563492063494 0.2896825396825397 0.4107142857142857 0.2787698412698413 0.4226190476190476 0.2724867724867725 0.43278769841269843 0.2728174603174603
0 0.3960813492063492 0.16832010582010581 0.40773809523809523 0.17427248677248677 0.41617063492063494 0.18584656084656084 0.41889880952380953 0.19642857142857142 0.4156746031746032 0.20965608465608465 0.41121031746031744 0.2208994708994709 0.38913690476190477 0.21825396825396826 0.37723214285714285 0.22354497354497355 0.373015873015873 0.21726190476190477 0.3705357142857143 0.20667989417989419 0.37177579365079366 0.1822089947089947 0.38318452380952384 0.1693121693121693 0.3958333333333333 0.16832010582010581
0 0.763640873015873 0.2708333333333333 0.7725694444444444 0.27380952380952384 0.7876984126984127 0.2857142857142857 0.7978670634920635 0.3055555555555556 0.7971230158730159 0.3210978835978836 0.7911706349206349 0.3353174603174603 0.7770337301587301 0.3492063492063492 0.7688492063492064 0.3525132275132275 0.7549603174603174 0.35185185185185186 0.7442956349206349 0.3462301587301587 0.7361111111111112 0.3316798941798942 0.7333829365079365 0.32175925925925924 0.7341269841269841 0.2996031746031746 0.7373511904761905 0.29034391534391535 0.7482638888888888 0.2767857142857143 0.7633928571428571 0.2708333333333333
0 0.5 0.1789021164021164 0.5059523809523809 0.18121693121693122 0.5178571428571429 0.19212962962962962 0.5203373015873016 0.19940476190476192 0.5228174603174603 0.22916666666666666 0.5205853174603174 0.24074074074074073 0.5163690476190477 0.24834656084656084 0.5084325396825397 0.2576058201058201 0.5027281746031746 0.26025132275132273 0.4990079365079365 0.2576058201058201 0.4888392857142857 0.23875661375661375 0.46850198412698413 0.22420634920634921 0.46875 0.20304232804232805 0.4732142857142857 0.19113756613756613 0.48908730158730157 0.18088624338624337 0.49975198412698413 0.1789021164021164
0 0.7710813492063492 0.6207010582010583 0.7876984126984127 0.6292989417989417 0.8003472222222222 0.644510582010582 0.8055555555555556 0.6583994708994709 0.8077876984126984 0.6765873015873016 0.8045634920634921 0.6944444444444444 0.7966269841269841 0.7099867724867724 0.7847222222222222 0.720568783068783 0.7671130952380952 0.7258597883597884 0.7552083333333334 0.7248677248677249 0.7477678571428571 0.7179232804232805 0.7321428571428571 0.6891534391534392 0.7286706349206349 0.6746031746031746 0.7284226190476191 0.6617063492063492 0.7361111111111112 0.640542328042328 0.7450396825396826 0.6302910052910053 0.7514880952380952 0.6256613756613757 0.7708333333333334 0.6207010582010583
0 0.37723214285714285 0.09556878306878307 0.3871527777777778 0.09788359788359788 0.39880952380952384 0.10813492063492064 0.40600198412698413 0.11772486772486772 0.4126984126984127 0.13822751322751323 0.4124503968253968 0.14583333333333334 0.4045138888888889 0.16534391534391535 0.40128968253968256 0.16832010582010581 0.3861607142857143 0.1669973544973545 0.3804563492063492 0.1693121693121693 0.37648809523809523 0.1669973544973545 0.37450396825396826 0.15906084656084657 0.36731150793650796 0.14814814814814814 0.3551587301587302 0.13690476190476192 0.3539186507936508 0.13128306878306878 0.35441468253968256 0.12268518518518519 0.35813492063492064 0.1130952380952381 0.36706349206349204 0.10119047619047619 0.376984126984127 0.09556878306878307
0 0.40500992063492064 0.2199074074074074 0.4154265873015873 0.2261904761904762 0.4253472222222222 0.23776455026455026 0.42757936507936506 0.24768518518518517 0.4280753968253968 0.26884920634920634 0.4156746031746032 0.2744708994708995 0.40674603174603174 0.28174603174603174 0.4000496031746032 0.2906746031746032 0.3970734126984127 0.30224867724867727 0.3943452380952381 0.3055555555555556 0.3871527777777778 0.30423280423280424 0.37648809523809523 0.29398148148148145 0.36433531746031744 0.26884920634920634 0.36408730158730157 0.251984126984127 0.3680555555555556 0.23445767195767195 0.37797619047619047 0.22354497354497355 0.3869047619047619 0.21891534391534392 0.40476190476190477 0.2199074074074074
0 0.3142361111111111 0.5128968253968254 0.3211805555555556 0.5162037037037037 0.3315972222222222 0.5168650793650794 0.33903769841269843 0.5254629629629629 0.3474702380952381 0.5433201058201058 0.3506944444444444 0.5704365079365079 0.345734126984127 0.5916005291005291 0.33878968253968256 0.6021825396825397 0.3253968253968254 0.6130952380952381 0.3169642857142857 0.6164021164021164 0.3010912698412698 0.6127645502645502 0.2876984126984127 0.6031746031746031 0.279265873015873 0.5846560846560847 0.2770337301587302 0.5714285714285714 0.2785218253968254 0.5499338624338624 0.2874503968253968 0.529431216931217 0.30282738095238093 0.5152116402116402 0.31398809523809523 0.5128968253968254
0 0.6574900793650794 0.5681216931216931 0.6684027777777778 0.5747354497354498 0.6790674603174603 0.5882936507936508 0.6825396825396826 0.6197089947089947 0.6788194444444444 0.6362433862433863 0.6731150793650794 0.6474867724867724 0.6540178571428571 0.6676587301587301 0.6473214285714286 0.6666666666666666 0.6299603174603174 0.6557539682539683 0.6150793650793651 0.6527777777777778 0.6116071428571429 0.6471560846560847 0.605406746031746 0.609457671957672 0.6118551587301587 0.5909391534391535 0.6264880952380952 0.5747354497354498 0.6413690476190477 0.5691137566137566 0.6572420634920635 0.5681216931216931
0 0.439484126984127 0.4193121693121693 0.4489087301587302 0.42162698412698413 0.46056547619047616 0.42857142857142855 0.4712301587301587 0.45601851851851855 0.4729662698412698 0.4685846560846561 0.46378968253968256 0.49834656084656087 0.45982142857142855 0.5052910052910053 0.4494047619047619 0.5119047619047619 0.43700396825396826 0.5142195767195767 0.42782738095238093 0.5122354497354498 0.4154265873015873 0.49636243386243384 0.40302579365079366 0.48578042328042326 0.40128968253968256 0.46593915343915343 0.4035218253968254 0.45271164021164023 0.4149305555555556 0.43187830687830686 0.4253472222222222 0.42427248677248675 0.4392361111111111 0.4193121693121693
0 0.3559027777777778 0.041005291005291 0.35887896825396826 0.042328042328042326 0.3712797619047619 0.06018518518518518 0.3628472222222222 0.07771164021164022 0.3447420634920635 0.0763888888888889 0.33630952380952384 0.08002645502645503 0.3246527777777778 0.08961640211640212 0.32068452380952384 0.07804232804232804 0.3209325396825397 0.06481481481481481 0.3239087301587302 0.056878306878306875 0.3353174603174603 0.04563492063492063 0.3556547619047619 0.041005291005291
0 0.4409722222222222 0.6084656084656085 0.4568452380952381 0.6117724867724867 0.4635416666666667 0.6180555555555556 0.4704861111111111 0.6339285714285714 0.4729662698412698 0.65244708994709 0.47271825396825395 0.6613756613756614 0.4680059523809524 0.6749338624338624 0.45634920634920634 0.6891534391534392 0.4412202380952381 0.6951058201058201 0.4253472222222222 0.6904761904761905 0.4146825396825397 0.673941798941799 0.41096230158730157 0.6636904761904762 0.41121031746031744 0.644510582010582 0.4146825396825397 0.6312830687830688 0.4288194444444444 0.6111111111111112 0.44072420634920634 0.6084656084656085
0 0.8953373015873016 0.5403439153439153 0.9196428571428571 0.5496031746031746 0.9322916666666666 0.5681216931216931 0.9362599206349206 0.5869708994708994 0.9337797619047619 0.6021825396825397 0.9228670634920635 0.6200396825396826 0.9114583333333334 0.6299603174603174 0.8953373015873016 0.6345899470899471 0.886656746031746 0.6335978835978836 0.8735119047619048 0.626984126984127 0.8586309523809523 0.6087962962962963 0.8539186507936508 0.5965608465608465 0.8551587301587301 0.576058201058201 0.8660714285714286 0.5492724867724867 0.8799603174603174 0.541005291005291 0.8950892857142857 0.5403439153439153
0 0.3551587301587302 0.1388888888888889 0.37103174603174605 0.15443121693121692 0.37549603174603174 0.16666666666666666 0.37549603174603174 0.17559523809523808 0.37103174603174605 0.18915343915343916 0.3707837301587302 0.20304232804232805 0.3663194444444444 0.20965608465608465 0.36334325396825395 0.21031746031746032 0.3454861111111111 0.19775132275132276 0.3271329365079365 0.1974206349206349 0.3177083333333333 0.17559523809523808 0.3211805555555556 0.16071428571428573 0.330109126984127 0.14616402116402116 0.34350198412698413 0.13855820105820105 0.3549107142857143 0.1388888888888889
0 0.12921626984126985 0.8204365079365079 0.1423611111111111 0.8277116402116402 0.15550595238095238 0.8445767195767195 0.16145833333333334 0.859457671957672 0.16170634920634921 0.8736772486772487 0.14905753968253968 0.9126984126984127 0.14310515873015872 0.9222883597883598 0.12103174603174603 0.9401455026455027 0.10044642857142858 0.9464285714285714 0.08134920634920635 0.9434523809523809 0.06721230158730158 0.9308862433862434 0.060515873015873016 0.9189814814814815 0.058779761904761904 0.9007936507936508 0.06522817460317461 0.8799603174603174 0.06770833333333333 0.8627645502645502 0.08159722222222222 0.8409391534391535 0.09325396825396826 0.8333333333333334 0.10342261904761904 0.8227513227513228 0.11681547619047619 0.8197751322751323 0.12896825396825398 0.8204365079365079
0 0.4513888888888889 0.32705026455026454 0.4600694444444444 0.32936507936507936 0.46924603174603174 0.3376322751322751 0.4779265873015873 0.35185185185185186 0.48115079365079366 0.36408730158730157 0.47842261904761907 0.3802910052910053 0.4751984126984127 0.38657407407407407 0.46056547619047616 0.4064153439153439 0.4496527777777778 0.4107142857142857 0.43725198412698413 0.4080687830687831 0.4303075396825397 0.3915343915343915 0.4166666666666667 0.37334656084656087 0.41617063492063494 0.3680555555555556 0.4174107142857143 0.3525132275132275 0.4253472222222222 0.3373015873015873 0.43898809523809523 0.32837301587301587 0.451140873015873 0.32705026455026454
0 0.38740079365079366 0.05952380952380952 0.39856150793650796 0.06580687830687831 0.4072420634920635 0.08167989417989419 0.4104662698412698 0.11078042328042328 0.4087301587301587 0.11772486772486772 0.4052579365079365 0.11937830687830688 0.3878968253968254 0.09953703703703703 0.3767361111111111 0.0958994708994709 0.3695436507936508 0.09755291005291006 0.3638392857142857 0.08432539682539683 0.36433531746031744 0.07506613756613757 0.3722718253968254 0.06183862433862434 0.3794642857142857 0.05886243386243386 0.3871527777777778 0.05952380952380952
0 0.5885416666666666 0.36706349206349204 0.5992063492063492 0.3723544973544973 0.6066468253968254 0.38227513227513227 0.6130952380952381 0.39880952380952384 0.6140873015873016 0.41534391534391535 0.613343253968254 0.4252645502645503 0.6036706349206349 0.44312169312169314 0.5984623015873016 0.44841269841269843 0.5858134920634921 0.4537037037037037 0.5684523809523809 0.4308862433862434 0.5520833333333334 0.42228835978835977 0.5493551587301587 0.4176587301587302 0.5483630952380952 0.4064153439153439 0.5530753968253969 0.38921957671957674 0.5667162698412699 0.3716931216931217 0.5815972222222222 0.3664021164021164 0.5882936507936508 0.36706349206349204
0 0.7584325396825397 0.47354497354497355 0.7750496031746031 0.4808201058201058 0.7800099206349206 0.4861111111111111 0.7934027777777778 0.5122354497354498 0.7934027777777778 0.5347222222222222 0.7864583333333334 0.5499338624338624 0.7782738095238095 0.5572089947089947 0.7698412698412699 0.560515873015873 0.751984126984127 0.5618386243386243 0.7410714285714286 0.5582010582010583 0.7326388888888888 0.5502645502645502 0.7266865079365079 0.5396825396825397 0.7239583333333334 0.5221560846560847 0.7301587301587301 0.49173280423280424 0.7341269841269841 0.4851190476190476 0.7410714285714286 0.478505291005291 0.7581845238095238 0.47354497354497355
0 0.49702380952380953 0.3792989417989418 0.5094246031746031 0.38227513227513227 0.5193452380952381 0.39186507936507936 0.5275297619047619 0.4107142857142857 0.5277777777777778 0.43154761904761907 0.5153769841269841 0.4599867724867725 0.484375 0.46395502645502645 0.4756944444444444 0.46064814814814814 0.46999007936507936 0.45006613756613756 0.4623015873015873 0.4255952380952381 0.4618055555555556 0.40773809523809523 0.46651785714285715 0.39715608465608465 0.4801587301587302 0.38293650793650796 0.4871031746031746 0.3792989417989418 0.49677579365079366 0.3792989417989418
0 0.6986607142857143 0.45701058201058203 0.7145337301587301 0.46593915343915343 0.7217261904761905 0.4738756613756614 0.7281746031746031 0.49107142857142855 0.7286706349206349 0.49867724867724866 0.7219742063492064 0.5287698412698413 0.7182539682539683 0.53505291005291 0.7036210317460317 0.546957671957672 0.6927083333333334 0.548941798941799 0.6788194444444444 0.5459656084656085 0.6711309523809523 0.5400132275132276 0.6614583333333334 0.5208333333333334 0.6579861111111112 0.5003306878306878 0.6619543650793651 0.48148148148148145 0.6713789682539683 0.4636243386243386 0.6847718253968254 0.45634920634920634 0.6984126984126984 0.45701058201058203
0 0.44345238095238093 0.18518518518518517 0.4513888888888889 0.18783068783068782 0.4650297619047619 0.19907407407407407 0.4680059523809524 0.20767195767195767 0.46825396825396826 0.22321428571428573 0.46651785714285715 0.22784391534391535 0.4573412698412698 0.23313492063492064 0.4506448412698413 0.2404100529100529 0.44494047619047616 0.25066137566137564 0.44221230158730157 0.2638888888888889 0.43973214285714285 0.267526455026455 0.42956349206349204 0.2619047619047619 0.42658730158730157 0.2400793650793651 0.41220238095238093 0.2199074074074074 0.41964285714285715 0.19808201058201058 0.4243551587301587 0.1917989417989418 0.43080357142857145 0.1875 0.44320436507936506 0.18518518518518517
0 0.3385416666666667 0.33134920634920634 0.3501984126984127 0.3386243386243386 0.35714285714285715 0.351521164021164 0.3601190476190476 0.37533068783068785 0.35813492063492064 0.3869047619047619 0.3521825396825397 0.3968253968253968 0.32762896825396826 0.39351851851851855 0.3107638888888889 0.3994708994708995 0.3072916666666667 0.3978174603174603 0.29910714285714285 0.38591269841269843 0.29836309523809523 0.3697089947089947 0.3003472222222222 0.35615079365079366 0.30679563492063494 0.3425925925925926 0.31746031746031744 0.33201058201058203 0.3382936507936508 0.33134920634920634
0 0.43700396825396826 0.06084656084656084 0.44990079365079366 0.06646825396825397 0.4548611111111111 0.07837301587301587 0.4556051587301587 0.0882936507936508 0.4541170634920635 0.09226190476190477 0.4375 0.10515873015873016 0.43353174603174605 0.11177248677248677 0.4288194444444444 0.12797619047619047 0.4255952380952381 0.1306216931216931 0.4184027777777778 0.12698412698412698 0.4131944444444444 0.11970899470899471 0.4107142857142857 0.10383597883597884 0.4104662698412698 0.08134920634920635 0.42162698412698413 0.06448412698412699 0.4283234126984127 0.060515873015873016 0.4367559523809524 0.06084656084656084
0 0.5803571428571429 0.5945767195767195 0.5922619047619048 0.6005291005291006 0.6036706349206349 0.6154100529100529 0.6078869047619048 0.6259920634920635 0.6086309523809523 0.6412037037037037 0.6063988095238095 0.6607142857142857 0.597718253968254 0.6726190476190477 0.5895337301587301 0.6917989417989417 0.5729166666666666 0.6994047619047619 0.5587797619047619 0.6967592592592593 0.5436507936507936 0.685515873015873 0.5327380952380952 0.6656746031746031 0.5297619047619048 0.6494708994708994 0.5327380952380952 0.626984126984127 0.5406746031746031 0.6121031746031746 0.5560515873015873 0.5972222222222222 0.5706845238095238 0.593584656084656 0.580109126984127 0.5945767195767195
0 0.38938492063492064 0.008267195767195767 0.4007936507936508 0.016203703703703703 0.4072420634920635 0.02976190476190476 0.4007936507936508 0.06349206349206349 0.3844246031746032 0.05886243386243386 0.373015873015873 0.06018518518518518 0.3586309523809524 0.04034391534391534 0.3611111111111111 0.025793650793650792 0.3695436507936508 0.012566137566137565 0.37896825396825395 0.008267195767195767 0.38913690476190477 0.008267195767195767
0 0.42336309523809523 0.026124338624338623 0.435515873015873 0.03009259259259259 0.4461805555555556 0.04133597883597884 0.44990079365079366 0.05125661375661376 0.451140873015873 0.06481481481481481 0.4494047619047619 0.06812169312169312 0.4357638888888889 0.06117724867724868 0.4263392857142857 0.062169312169312166 0.4208829365079365 0.06613756613756613 0.4114583333333333 0.08101851851851852 0.4072420634920635 0.08002645502645503 0.40153769841269843 0.0667989417989418 0.4037698412698413 0.04662698412698413 0.41021825396825395 0.031084656084656083 0.42311507936507936 0.026124338624338623
0 0.6937003968253969 0.04332010582010582 0.701140873015873 0.04662698412698413 0.7083333333333334 0.05720899470899471 0.7115575396825397 0.0710978835978836 0.7123015873015873 0.08597883597883597 0.7100694444444444 0.09358465608465609 0.703125 0.10218253968253968 0.6949404761904762 0.10945767195767196 0.6879960317460317 0.11144179894179894 0.6746031746031746 0.10978835978835978 0.6681547619047619 0.10582010582010581 0.6619543650793651 0.09523809523809523 0.6612103174603174 0.08664021164021164 0.6649305555555556 0.06547619047619048 0.6713789682539683 0.05357142857142857 0.6812996031746031 0.045304232804232805 0.6934523809523809 0.04332010582010582
0 0.7400793650793651 0 0.7899305555555556 0 0.7886904761904762 0.012235449735449735 0.7829861111111112 0.026785714285714284 0.7757936507936508 0.03571428571428571 0.7693452380952381 0.03835978835978836 0.7557043650793651 0.03670634920634921 0.7447916666666666 0.028439153439153438 0.7403273809523809 0.018187830687830687 0.7400793650793651 0.00033068783068783067
0 0.49851190476190477 0.13723544973544974 0.5089285714285714 0.14186507936507936 0.5225694444444444 0.15873015873015872 0.5250496031746031 0.18022486772486773 0.5228174603174603 0.18981481481481483 0.5193452380952381 0.19378306878306878 0.5057043650793651 0.18121693121693122 0.49875992063492064 0.1789021164021164 0.49032738095238093 0.18055555555555555 0.4739583333333333 0.19014550264550265 0.4722222222222222 0.18683862433862433 0.47098214285714285 0.167989417989418 0.4759424603174603 0.15376984126984128 0.4885912698412698 0.1402116402116402 0.4982638888888889 0.13723544973544974
0 0.3430059523809524 0.19808201058201058 0.35342261904761907 0.20238095238095238 0.3638392857142857 0.21296296296296297 0.36830357142857145 0.22387566137566137 0.3685515873015873 0.23412698412698413 0.3658234126984127 0.24173280423280424 0.3638392857142857 0.26025132275132273 0.359375 0.2681878306878307 0.3306051587301587 0.273478835978836 0.32068452380952384 0.2701719576719577 0.31398809523809523 0.2619047619047619 0.30853174603174605 0.24801587301587302 0.3072916666666667 0.2328042328042328 0.3107638888888889 0.21693121693121692 0.3177083333333333 0.20535714285714285 0.32762896825396826 0.19907407407407407 0.3427579365079365 0.19808201058201058
0 0.5925099206349206 0.2662037037037037 0.6021825396825397 0.26785714285714285 0.6125992063492064 0.2751322751322751 0.6200396825396826 0.2896825396825397 0.6215277777777778 0.30224867724867727 0.6205357142857143 0.32043650793650796 0.6165674603174603 0.3316798941798942 0.607390873015873 0.3419312169312169 0.5959821428571429 0.3468915343915344 0.5850694444444444 0.3462301587301587 0.5711805555555556 0.33630952380952384 0.5610119047619048 0.31712962962962965 0.5590277777777778 0.30522486772486773 0.560515873015873 0.29398148148148145 0.5699404761904762 0.27546296296296297 0.5806051587301587 0.2681878306878307 0.5922619047619048 0.2662037037037037
0 0.45535714285714285 0.5171957671957672 0.46304563492063494 0.5185185185185185 0.4739583333333333 0.5284391534391535 0.484375 0.5476190476190477 0.48586309523809523 0.5575396825396826 0.48288690476190477 0.5667989417989417 0.4818948412698413 0.5889550264550265 0.4789186507936508 0.5952380952380952 0.455109126984127 0.6101190476190477 0.4409722222222222 0.6064814814814815 0.42782738095238093 0.5952380952380952 0.4193948412698413 0.5744047619047619 0.4184027777777778 0.5505952380952381 0.41964285714285715 0.542989417989418 0.4283234126984127 0.5281084656084656 0.4459325396825397 0.517526455026455 0.455109126984127 0.5171957671957672
0 0.35639880952380953 0.2705026455026455 0.3645833333333333 0.2751322751322751 0.3697916666666667 0.2824074074074074 0.37624007936507936 0.29662698412698413 0.376984126984127 0.31216931216931215 0.36507936507936506 0.32705026455026454 0.3559027777777778 0.34424603174603174 0.3382936507936508 0.33101851851851855 0.31919642857142855 0.3296957671957672 0.3134920634920635 0.3062169312169312 0.3209325396825397 0.28273809523809523 0.3271329365079365 0.2748015873015873 0.3395337301587302 0.27116402116402116 0.35615079365079366 0.2705026455026455