0 0.626984126984127 0.7698412698412699 0.6474867724867724 0.7720734126984127 0.65244708994709 0.7750496031746031 0.6593915343915344 0.7819940476190477 0.6640211640211641 0.792906746031746 0.6613756613756614 0.8095238095238095 0.6478174603174603 0.8177083333333334 0.6372354497354498 0.8209325396825397 0.6164021164021164 0.8177083333333334 0.6018518518518519 0.8055555555555556 0.5982142857142857 0.7971230158730159 0.5982142857142857 0.7891865079365079 0.6051587301587301 0.7782738095238095 0.6127645502645502 0.7728174603174603 0.6266534391534392 0.7698412698412699
0 0.6428571428571429 0.7170138888888888 0.6583994708994709 0.722718253968254 0.669973544973545 0.734375 0.6736111111111112 0.7442956349206349 0.671957671957672 0.7537202380952381 0.6620370370370371 0.765625 0.6458333333333334 0.7708333333333334 0.6335978835978836 0.7703373015873016 0.6200396825396826 0.7661210317460317 0.6091269841269841 0.7547123015873016 0.6058201058201058 0.7452876984126984 0.6081349206349206 0.7338789682539683 0.6144179894179894 0.7259424603174603 0.6299603174603174 0.7180059523809523 0.642526455026455 0.7170138888888888
0 0.6669973544973545 0.6046626984126984 0.6792328042328042 0.6051587301587301 0.6891534391534392 0.6078869047619048 0.6994047619047619 0.6160714285714286 0.7033730158730159 0.6247519841269841 0.7013888888888888 0.6376488095238095 0.6865079365079365 0.6475694444444444 0.6785714285714286 0.6498015873015873 0.6643518518518519 0.6485615079365079 0.6534391534391535 0.6443452380952381 0.6491402116402116 0.640625 0.6438492063492064 0.6294642857142857 0.6435185185185185 0.6212797619047619 0.646494708994709 0.6148313492063492 0.6577380952380952 0.6059027777777778 0.6666666666666666 0.6046626984126984
0 0.6898148148148148 0.5545634920634921 0.7099867724867724 0.5669642857142857 0.7142857142857143 0.5751488095238095 0.7146164021164021 0.5830853174603174 0.7123015873015873 0.591765873015873 0.7066798941798942 0.5979662698412699 0.6865079365079365 0.6049107142857143 0.667989417989418 0.6039186507936508 0.6587301587301587 0.5994543650793651 0.6501322751322751 0.5900297619047619 0.6488095238095238 0.5813492063492064 0.6597222222222222 0.5607638888888888 0.6646825396825397 0.5567956349206349 0.6782407407407407 0.5533234126984127 0.689484126984127 0.5545634920634921
0 0.6335978835978836 0.5369543650793651 0.6438492063492064 0.5404265873015873 0.6511243386243386 0.5466269841269841 0.6567460317460317 0.5567956349206349 0.6570767195767195 0.5642361111111112 0.6441798941798942 0.582093253968254 0.6273148148148148 0.5863095238095238 0.6154100529100529 0.5853174603174603 0.6015211640211641 0.5786210317460317 0.5949074074074074 0.5714285714285714 0.5929232804232805 0.5587797619047619 0.5965608465608465 0.546875 0.6015211640211641 0.5426587301587301 0.6259920634920635 0.5362103174603174 0.6332671957671958 0.5369543650793651
0 0.5466269841269841 0.5729166666666666 0.5575396825396826 0.5744047619047619 0.5707671957671958 0.580109126984127 0.578042328042328 0.5875496031746031 0.5810185185185185 0.5947420634920635 0.5753968253968254 0.6096230158730159 0.5648148148148148 0.6170634920634921 0.5535714285714286 0.6207837301587301 0.5383597883597884 0.6195436507936508 0.5257936507936508 0.6135912698412699 0.5188492063492064 0.6068948412698413 0.5168650793650794 0.5997023809523809 0.5178571428571429 0.5902777777777778 0.5238095238095238 0.5818452380952381 0.5367063492063492 0.5744047619047619 0.5462962962962963 0.5729166666666666
0 0.6841931216931217 0.44494047619047616 0.6960978835978836 0.44717261904761907 0.7046957671957672 0.45287698412698413 0.708994708994709 0.4600694444444444 0.7093253968253969 0.47023809523809523 0.7060185185185185 0.47767857142857145 0.6987433862433863 0.4851190476190476 0.6911375661375662 0.48834325396825395 0.6805555555555556 0.4895833333333333 0.6646825396825397 0.48834325396825395 0.6531084656084656 0.48214285714285715 0.646494708994709 0.4742063492063492 0.6461640211640212 0.4662698412698413 0.6504629629629629 0.4565972222222222 0.658068783068783 0.45014880952380953 0.6736111111111112 0.44494047619047616 0.6838624338624338 0.44494047619047616
0 0.5284391534391535 0.6584821428571429 0.542989417989418 0.6614583333333334 0.5492724867724867 0.6651785714285714 0.5539021164021164 0.6711309523809523 0.5572089947089947 0.6817956349206349 0.5558862433862434 0.6922123015873016 0.5505952380952381 0.6994047619047619 0.5396825396825397 0.7063492063492064 0.5300925925925926 0.7095734126984127 0.5085978835978836 0.7041170634920635 0.5006613756613757 0.6964285714285714 0.49702380952380953 0.6865079365079365 0.5 0.6721230158730159 0.5042989417989417 0.6666666666666666 0.5185185185185185 0.6589781746031746 0.5281084656084656 0.6584821428571429
0 0.5952380952380952 0.4915674603174603 0.6190476190476191 0.4982638888888889 0.6299603174603174 0.5062003968253969 0.6335978835978836 0.5128968253968254 0.6342592592592593 0.5223214285714286 0.6266534391534392 0.5337301587301587 0.6117724867724867 0.5399305555555556 0.6021825396825397 0.5411706349206349 0.5843253968253969 0.5374503968253969 0.576058201058201 0.5310019841269841 0.5724206349206349 0.5200892857142857 0.576058201058201 0.5052083333333334 0.5863095238095238 0.49429563492063494 0.5949074074074074 0.49181547619047616
0 0.498015873015873 0.5587797619047619 0.5128968253968254 0.5674603174603174 0.5162037037037037 0.5731646825396826 0.5168650793650794 0.5815972222222222 0.5089285714285714 0.5949900793650794 0.5016534391534392 0.5997023809523809 0.4914021164021164 0.6024305555555556 0.4775132275132275 0.6021825396825397 0.47023809523809523 0.5997023809523809 0.4566798941798942 0.5882936507936508 0.45436507936507936 0.5788690476190477 0.4576719576719577 0.5704365079365079 0.4666005291005291 0.5620039682539683 0.4834656084656085 0.5582837301587301 0.4976851851851852 0.5587797619047619
0 0.484457671957672 0.498015873015873 0.49834656084656087 0.5064484126984127 0.5062830687830688 0.5141369047619048 0.5085978835978836 0.5295138888888888 0.5052910052910053 0.5354662698412699 0.498015873015873 0.5396825396825397 0.4771825396825397 0.544890873015873 0.4689153439153439 0.5434027777777778 0.45171957671957674 0.533234126984127 0.4487433862433862 0.5166170634920635 0.45205026455026454 0.5086805555555556 0.4619708994708995 0.5012400793650794 0.4748677248677249 0.4975198412698413 0.48412698412698413 0.498015873015873
0 0.3978174603174603 0.6051587301587301 0.4117063492063492 0.6148313492063492 0.4166666666666667 0.6245039682539683 0.4169973544973545 0.6334325396825397 0.4070767195767196 0.6470734126984127 0.396494708994709 0.654265873015873 0.390542328042328 0.6557539682539683 0.3726851851851852 0.6525297619047619 0.3611111111111111 0.6443452380952381 0.3558201058201058 0.6351686507936508 0.3558201058201058 0.6259920634920635 0.35912698412698413 0.6185515873015873 0.36673280423280424 0.6118551587301587 0.38293650793650796 0.6051587301587301 0.3974867724867725 0.6051587301587301
0 0.4193121693121693 0.4913194444444444 0.4332010582010582 0.49429563492063494 0.44312169312169314 0.501984126984127 0.44742063492063494 0.5094246031746031 0.44775132275132273 0.519593253968254 0.44312169312169314 0.5282738095238095 0.43287037037037035 0.5372023809523809 0.4269179894179894 0.5401785714285714 0.41369047619047616 0.5424107142857143 0.39880952380952384 0.5404265873015873 0.3855820105820106 0.5329861111111112 0.37996031746031744 0.5230654761904762 0.37962962962962965 0.5138888888888888 0.390542328042328 0.4972718253968254 0.4011243386243386 0.49255952380952384 0.41898148148148145 0.4913194444444444
0 0.328042328042328 0.6904761904761905 0.33895502645502645 0.6956845238095238 0.3468915343915344 0.7048611111111112 0.34953703703703703 0.7118055555555556 0.34854497354497355 0.720734126984127 0.3429232804232804 0.7316468253968254 0.3349867724867725 0.7390873015873016 0.3220899470899471 0.7457837301587301 0.31283068783068785 0.7472718253968254 0.3039021164021164 0.7467757936507936 0.2847222222222222 0.7375992063492064 0.2787698412698413 0.730406746031746 0.2777777777777778 0.7197420634920635 0.2853835978835979 0.7028769841269841 0.2933201058201058 0.6969246031746031 0.31117724867724866 0.6904761904761905 0.32771164021164023 0.6904761904761905
0 0.3382936507936508 0.5069444444444444 0.34523809523809523 0.5084325396825397 0.35284391534391535 0.5138888888888888 0.35813492063492064 0.5248015873015873 0.3578042328042328 0.5354662698412699 0.35383597883597884 0.5434027777777778 0.34854497354497355 0.5471230158730159 0.3296957671957672 0.5513392857142857 0.3210978835978836 0.5505952380952381 0.30654761904761907 0.5446428571428571 0.29828042328042326 0.5362103174603174 0.29662698412698413 0.5280257936507936 0.30257936507936506 0.5171130952380952 0.31382275132275134 0.5089285714285714 0.3263888888888889 0.5064484126984127 0.33796296296296297 0.5069444444444444
0 0.24503968253968253 0.621031746031746 0.2552910052910053 0.6232638888888888 0.2681878306878307 0.6302083333333334 0.27744708994708994 0.6396329365079365 0.2781084656084656 0.6460813492063492 0.26851851851851855 0.6656746031746031 0.2566137566137566 0.671875 0.24305555555555555 0.6746031746031746 0.22718253968253968 0.6733630952380952 0.2156084656084656 0.6684027777777778 0.20634920634920634 0.6579861111111112 0.20502645502645503 0.6473214285714286 0.20932539682539683 0.6371527777777778 0.22023809523809523 0.6277281746031746 0.22784391534391535 0.6242559523809523 0.2447089947089947 0.621031746031746
0 0.2794312169312169 0.47619047619047616 0.30092592592592593 0.48387896825396826 0.30853174603174605 0.49975198412698413 0.30654761904761907 0.5086805555555556 0.30092592592592593 0.5163690476190477 0.2830687830687831 0.5238095238095238 0.2681878306878307 0.5225694444444444 0.2509920634920635 0.5166170634920635 0.24272486772486773 0.5089285714285714 0.2400793650793651 0.5 0.24107142857142858 0.4915674603174603 0.2509920634920635 0.48040674603174605 0.26355820105820105 0.4771825396825397 0.2791005291005291 0.47619047619047616
0 0.09722222222222222 0.2197420634920635 0.10582010582010581 0.22172619047619047 0.11408730158730158 0.2269345238095238 0.12136243386243387 0.2371031746031746 0.12268518518518519 0.24479166666666666 0.11375661375661375 0.2586805555555556 0.10648148148148148 0.2638888888888889 0.09656084656084656 0.2663690476190476 0.07804232804232804 0.2638888888888889 0.061507936507936505 0.25595238095238093 0.054563492063492064 0.2482638888888889 0.05357142857142857 0.23685515873015872 0.05654761904761905 0.23015873015873015 0.0667989417989418 0.22296626984126985 0.07837301587301587 0.21899801587301587 0.09689153439153439 0.2197420634920635
0 0.021494708994708994 0.16145833333333334 0.032407407407407406 0.1626984126984127 0.04332010582010582 0.16765873015873015 0.051587301587301584 0.17435515873015872 0.05588624338624339 0.18328373015873015 0.05654761904761905 0.19270833333333334 0.051587301587301584 0.2013888888888889 0.03306878306878307 0.20808531746031747 0.01521164021164021 0.2065972222222222 0 0.1996527777777778 0 0.16418650793650794 0.008928571428571428 0.16145833333333334 0.021164021164021163 0.16145833333333334