0 0.3888888888888889 0.49950396825396826 0.40145502645502645 0.5074404761904762 0.40476190476190477 0.5188492063492064 0.3955026455026455 0.5280257936507936 0.38062169312169314 0.5302579365079365 0.36574074074074076 0.5223214285714286 0.3644179894179894 0.5124007936507936 0.3683862433862434 0.5047123015873016 0.37334656084656087 0.5014880952380952 0.38855820105820105 0.49950396825396826
0 0.5770502645502645 0.4895833333333333 0.5853174603174603 0.4935515873015873 0.5879629629629629 0.5037202380952381 0.5849867724867724 0.5111607142857143 0.5744047619047619 0.5173611111111112 0.5641534391534392 0.5168650793650794 0.5572089947089947 0.5138888888888888 0.5525793650793651 0.5084325396825397 0.5512566137566137 0.5009920634920635 0.5611772486772487 0.4915674603174603 0.5707671957671958 0.4888392857142857 0.5767195767195767 0.4895833333333333
0 0.5949074074074074 0.4503968253968254 0.6038359788359788 0.45535714285714285 0.6051587301587301 0.4635416666666667 0.5998677248677249 0.47197420634920634 0.5902777777777778 0.47619047619047616 0.5783730158730159 0.47470238095238093 0.5730820105820106 0.4714781746031746 0.5701058201058201 0.45982142857142855 0.578042328042328 0.451140873015873 0.5945767195767195 0.4503968253968254
0 0.3429232804232804 0.7631448412698413 0.35548941798941797 0.7683531746031746 0.3584656084656085 0.7800099206349206 0.3531746031746032 0.7894345238095238 0.3386243386243386 0.7953869047619048 0.32837301587301587 0.7946428571428571 0.3210978835978836 0.7899305555555556 0.3167989417989418 0.7782738095238095 0.3237433862433862 0.7668650793650794 0.3425925925925926 0.7631448412698413
0 0.5085978835978836 0.3549107142857143 0.5191798941798942 0.359375 0.5238095238095238 0.37003968253968256 0.5142195767195767 0.38070436507936506 0.5076058201058201 0.38318452380952384 0.49834656084656087 0.38268849206349204 0.4914021164021164 0.37996031746031744 0.48412698412698413 0.3687996031746032 0.4914021164021164 0.35788690476190477 0.4966931216931217 0.3556547619047619 0.5082671957671958 0.3549107142857143
0 0.4246031746031746 0.5637400793650794 0.4348544973544973 0.5677083333333334 0.4408068783068783 0.5778769841269841 0.4351851851851852 0.5873015873015873 0.421957671957672 0.5915178571428571 0.4146825396825397 0.5902777777777778 0.4060846560846561 0.5848214285714286 0.4031084656084656 0.5768849206349206 0.4113756613756614 0.5657242063492064 0.42427248677248675 0.5637400793650794
0 0.3826058201058201 0.6567460317460317 0.4001322751322751 0.660218253968254 0.4044312169312169 0.6636904761904762 0.4080687830687831 0.6716269841269841 0.40674603174603174 0.6788194444444444 0.40046296296296297 0.6860119047619048 0.3948412698412698 0.689484126984127 0.3855820105820106 0.6904761904761905 0.37996031746031744 0.6904761904761905 0.3726851851851852 0.6860119047619048 0.36507936507936506 0.6731150793650794 0.3683862433862434 0.6612103174603174 0.373015873015873 0.6577380952380952 0.38227513227513227 0.6567460317460317
0 0.44113756613756616 0.5 0.45006613756613756 0.5049603174603174 0.45271164021164023 0.5131448412698413 0.4503968253968254 0.519593253968254 0.439484126984127 0.5260416666666666 0.4308862433862434 0.5257936507936508 0.42427248677248675 0.5230654761904762 0.4183201058201058 0.5143849206349206 0.42394179894179895 0.5037202380952381 0.43022486772486773 0.5009920634920635 0.4408068783068783 0.5
0 0.5545634920634921 0.5773809523809523 0.5595238095238095 0.578125 0.5674603174603174 0.5835813492063492 0.5707671957671958 0.5925099206349206 0.5651455026455027 0.6014384920634921 0.5539021164021164 0.605406746031746 0.5363756613756614 0.6009424603174603 0.5320767195767195 0.5964781746031746 0.5307539682539683 0.5882936507936508 0.5363756613756614 0.580109126984127 0.5423280423280423 0.5778769841269841 0.5542328042328042 0.5773809523809523
0 0.6365740740740741 0.5786210317460317 0.6458333333333334 0.5850694444444444 0.6481481481481481 0.5952380952380952 0.6408730158730159 0.6029265873015873 0.6309523809523809 0.605406746031746 0.6200396825396826 0.6039186507936508 0.6134259259259259 0.5999503968253969 0.6104497354497355 0.5885416666666666 0.6180555555555556 0.5806051587301587 0.6362433862433863 0.5786210317460317
0 0.8458994708994709 0.45089285714285715 0.8591269841269841 0.45461309523809523 0.8640873015873016 0.4632936507936508 0.8634259259259259 0.46924603174603174 0.8597883597883598 0.47346230158730157 0.8462301587301587 0.4791666666666667 0.8313492063492064 0.4759424603174603 0.8240740740740741 0.4670138888888889 0.8287037037037037 0.45634920634920634 0.8382936507936508 0.45163690476190477 0.845568783068783 0.45089285714285715
0 0.4031084656084656 0.43353174603174605 0.41798941798941797 0.4382440476190476 0.4209656084656085 0.44568452380952384 0.41865079365079366 0.45436507936507936 0.4103835978835979 0.45982142857142855 0.4031084656084656 0.46106150793650796 0.39186507936507936 0.45982142857142855 0.38326719576719576 0.45014880952380953 0.3835978835978836 0.44494047619047616 0.38921957671957674 0.4375 0.39384920634920634 0.4347718253968254 0.4027777777777778 0.43353174603174605
0 0.5502645502645502 0.44494047619047616 0.5578703703703703 0.4503968253968254 0.5618386243386243 0.46056547619047616 0.5575396825396826 0.46999007936507936 0.5476190476190477 0.4742063492063492 0.5396825396825397 0.47371031746031744 0.5287698412698413 0.4694940476190476 0.5234788359788359 0.4635416666666667 0.5224867724867724 0.45461309523809523 0.5304232804232805 0.4459325396825397 0.5396825396825397 0.4439484126984127 0.5499338624338624 0.44494047619047616
0 0.3316798941798942 0.7956349206349206 0.3382936507936508 0.7981150793650794 0.3435846560846561 0.8030753968253969 0.3462301587301587 0.8167162698412699 0.3396164021164021 0.826140873015873 0.3244047619047619 0.8308531746031746 0.314484126984127 0.8296130952380952 0.30654761904761907 0.8246527777777778 0.30357142857142855 0.8097718253968254 0.30654761904761907 0.8035714285714286 0.31415343915343913 0.7978670634920635 0.3237433862433862 0.7951388888888888 0.33134920634920634 0.7956349206349206
0 0.34325396825396826 0.4645337301587302 0.35284391534391535 0.46924603174603174 0.35548941798941797 0.4774305555555556 0.3505291005291005 0.4878472222222222 0.3419312169312169 0.4898313492063492 0.33134920634920634 0.4895833333333333 0.32275132275132273 0.48487103174603174 0.3191137566137566 0.4742063492063492 0.3244047619047619 0.46552579365079366 0.3429232804232804 0.4645337301587302
0 0.398478835978836 0.6309523809523809 0.4080687830687831 0.6344246031746031 0.414021164021164 0.6428571428571429 0.4117063492063492 0.6527777777777778 0.40145502645502645 0.6592261904761905 0.3802910052910053 0.6557539682539683 0.37334656084656087 0.6443452380952381 0.37433862433862436 0.6401289682539683 0.3802910052910053 0.6349206349206349 0.39814814814814814 0.6309523809523809
0 0.49933862433862436 0.48933531746031744 0.5099206349206349 0.4945436507936508 0.5128968253968254 0.5027281746031746 0.5052910052910053 0.5143849206349206 0.4933862433862434 0.5166170634920635 0.48842592592592593 0.5158730158730159 0.47883597883597884 0.5096726190476191 0.47685185185185186 0.5022321428571429 0.484457671957672 0.4928075396825397 0.4990079365079365 0.48933531746031744
0 0.3978174603174603 0.5510912698412699 0.4080687830687831 0.558531746031746 0.41005291005291006 0.5649801587301587 0.4031084656084656 0.5758928571428571 0.39451058201058203 0.5788690476190477 0.38392857142857145 0.5786210317460317 0.37665343915343913 0.5753968253968254 0.37136243386243384 0.5637400793650794 0.373015873015873 0.5587797619047619 0.3802910052910053 0.5523313492063492 0.3974867724867725 0.5510912698412699
0 0.33465608465608465 0.44047619047619047 0.3419312169312169 0.44146825396825395 0.35119047619047616 0.4496527777777778 0.3488756613756614 0.4593253968253968 0.3416005291005291 0.4645337301587302 0.3244047619047619 0.4642857142857143 0.31646825396825395 0.4565972222222222 0.31547619047619047 0.4496527777777778 0.32043650793650796 0.4417162698412698 0.3343253968253968 0.44047619047619047
0 0.3343253968253968 0.4131944444444444 0.3419312169312169 0.41443452380952384 0.35185185185185186 0.4253472222222222 0.34854497354497355 0.4350198412698413 0.3386243386243386 0.44072420634920634 0.3237433862433862 0.4399801587301587 0.31283068783068785 0.4330357142857143 0.310515873015873 0.42857142857142855 0.31117724867724866 0.421875 0.31646825396825395 0.4164186507936508 0.32506613756613756 0.41294642857142855 0.333994708994709 0.4131944444444444
0 0.3664021164021164 0.6956845238095238 0.3773148148148148 0.6989087301587301 0.3845899470899471 0.7083333333333334 0.38062169312169314 0.7209821428571429 0.3673941798941799 0.7271825396825397 0.3531746031746032 0.7239583333333334 0.3458994708994709 0.7162698412698413 0.3445767195767196 0.7105654761904762 0.353505291005291 0.699156746031746 0.36607142857142855 0.6956845238095238
0 0.40476190476190477 0.47966269841269843 0.4176587301587302 0.4833829365079365 0.4236111111111111 0.4928075396825397 0.4183201058201058 0.5037202380952381 0.4044312169312169 0.5064484126984127 0.38921957671957674 0.4982638888888889 0.3862433862433862 0.49231150793650796 0.3862433862433862 0.4871031746031746 0.39021164021164023 0.4826388888888889 0.4044312169312169 0.47966269841269843
0 0.31845238095238093 0.3888888888888889 0.3287037037037037 0.39211309523809523 0.3343253968253968 0.40128968253968256 0.328042328042328 0.4114583333333333 0.31812169312169314 0.41443452380952384 0.30687830687830686 0.4117063492063492 0.29927248677248675 0.4025297619047619 0.29927248677248675 0.39732142857142855 0.30357142857142855 0.39211309523809523 0.31812169312169314 0.3888888888888889
0 0.27116402116402116 0.6646825396825397 0.2843915343915344 0.671875 0.28869047619047616 0.6825396825396826 0.28273809523809523 0.6897321428571429 0.2691798941798942 0.6961805555555556 0.2526455026455027 0.6927083333333334 0.24603174603174602 0.6857638888888888 0.24503968253968253 0.6783234126984127 0.24801587301587302 0.6711309523809523 0.251984126984127 0.6681547619047619 0.2619047619047619 0.6646825396825397 0.2708333333333333 0.6646825396825397
0 0.7486772486772487 0.5322420634920635 0.7619047619047619 0.5369543650793651 0.765542328042328 0.5453869047619048 0.7592592592592593 0.5567956349206349 0.7490079365079365 0.5607638888888888 0.7341269841269841 0.5575396825396826 0.7248677248677249 0.5466269841269841 0.7311507936507936 0.5362103174603174 0.7400793650793651 0.5327380952380952 0.7483465608465608 0.5322420634920635
0 0.3435846560846561 0.3040674603174603 0.3505291005291005 0.3060515873015873 0.3568121693121693 0.31374007936507936 0.35383597883597884 0.32217261904761907 0.3445767195767196 0.328125 0.32771164021164023 0.32514880952380953 0.32175925925925924 0.3169642857142857 0.32605820105820105 0.30679563492063494 0.34325396825396826 0.3040674603174603
0 0.39384920634920634 0.5297619047619048 0.4021164021164021 0.535218253968254 0.4037698412698413 0.5426587301587301 0.39715608465608465 0.550843253968254 0.38525132275132273 0.5523313492063492 0.37996031746031744 0.5518353174603174 0.37665343915343913 0.5486111111111112 0.37433862433862436 0.5367063492063492 0.3802910052910053 0.5307539682539683 0.39351851851851855 0.5297619047619048
0 0.4775132275132275 0.5094246031746031 0.4880952380952381 0.5166170634920635 0.4887566137566138 0.5255456349206349 0.482473544973545 0.5329861111111112 0.4718915343915344 0.5359623015873016 0.458994708994709 0.533234126984127 0.45271164021164023 0.5260416666666666 0.4523809523809524 0.5213293650793651 0.4546957671957672 0.5143849206349206 0.4599867724867725 0.5101686507936508 0.4771825396825397 0.5094246031746031
0 0.45634920634920634 0.45882936507936506 0.4632936507936508 0.46304563492063494 0.46494708994708994 0.4732142857142857 0.4599867724867725 0.4799107142857143 0.45072751322751325 0.48288690476190477 0.43915343915343913 0.4809027777777778 0.4322089947089947 0.4759424603174603 0.42956349206349204 0.47023809523809523 0.4348544973544973 0.4623015873015873 0.4460978835978836 0.4585813492063492 0.45601851851851855 0.45882936507936506