0 0.4123677248677249 0.5322420634920635 0.4209656084656085 0.5364583333333334 0.4236111111111111 0.5436507936507936 0.4166666666666667 0.5543154761904762 0.4083994708994709 0.5565476190476191 0.3948412698412698 0.550843253968254 0.3915343915343915 0.542906746031746 0.3974867724867725 0.5339781746031746 0.41203703703703703 0.5322420634920635
0 0.398478835978836 0.6470734126984127 0.40674603174603174 0.6507936507936508 0.4097222222222222 0.6574900793650794 0.4074074074074074 0.6649305555555556 0.398478835978836 0.6688988095238095 0.3872354497354497 0.6661706349206349 0.3812830687830688 0.6579861111111112 0.3862433862433862 0.6495535714285714 0.39814814814814814 0.6470734126984127
0 0.5191798941798942 0.5515873015873016 0.529431216931217 0.5545634920634921 0.5340608465608465 0.5607638888888888 0.5307539682539683 0.5691964285714286 0.5205026455026455 0.5749007936507936 0.5089285714285714 0.5721726190476191 0.5036375661375662 0.5649801587301587 0.5059523809523809 0.5565476190476191 0.5095899470899471 0.5535714285714286 0.5188492063492064 0.5515873015873016
0 0.5085978835978836 0.611359126984127 0.517526455026455 0.6153273809523809 0.5198412698412699 0.6232638888888888 0.515542328042328 0.6297123015873016 0.5052910052910053 0.6341765873015873 0.49437830687830686 0.6302083333333334 0.4914021164021164 0.6197916666666666 0.49834656084656087 0.613343253968254 0.5082671957671958 0.611359126984127
0 0.37896825396825395 0.6634424603174603 0.3845899470899471 0.6671626984126984 0.38756613756613756 0.6753472222222222 0.3826058201058201 0.6822916666666666 0.37334656084656087 0.685515873015873 0.3611111111111111 0.6825396825396826 0.35813492063492064 0.6778273809523809 0.3584656084656085 0.6716269841269841 0.3611111111111111 0.6664186507936508 0.36507936507936506 0.6644345238095238 0.37863756613756616 0.6634424603174603
0 0.4666005291005291 0.5446428571428571 0.4748677248677249 0.5503472222222222 0.47619047619047616 0.5570436507936508 0.4718915343915344 0.5642361111111112 0.4646164021164021 0.5674603174603174 0.45105820105820105 0.5649801587301587 0.44675925925925924 0.5602678571428571 0.44543650793650796 0.5538194444444444 0.45006613756613756 0.5463789682539683 0.458994708994709 0.5438988095238095 0.4662698412698413 0.5446428571428571
0 0.5188492063492064 0.6594742063492064 0.531415343915344 0.6646825396825397 0.5340608465608465 0.6716269841269841 0.5307539682539683 0.6788194444444444 0.5201719576719577 0.6830357142857143 0.5085978835978836 0.6805555555555556 0.5023148148148148 0.6716269841269841 0.5042989417989417 0.6646825396825397 0.5125661375661376 0.6599702380952381 0.5185185185185185 0.6594742063492064
0 0.4781746031746032 0.6294642857142857 0.48677248677248675 0.6371527777777778 0.48578042328042326 0.6438492063492064 0.48115079365079366 0.6490575396825397 0.47156084656084657 0.6517857142857143 0.46164021164021163 0.6493055555555556 0.4576719576719577 0.6374007936507936 0.4705687830687831 0.6292162698412699 0.47784391534391535 0.6294642857142857
0 0.29034391534391535 0.4930555555555556 0.2996031746031746 0.49776785714285715 0.30224867724867727 0.5052083333333334 0.296957671957672 0.5121527777777778 0.2900132275132275 0.5141369047619048 0.2794312169312169 0.5121527777777778 0.27380952380952384 0.5064484126984127 0.2767857142857143 0.4972718253968254 0.28273809523809523 0.4935515873015873 0.2900132275132275 0.4930555555555556
0 0.4494047619047619 0.6986607142857143 0.45701058201058203 0.7065972222222222 0.45634920634920634 0.7123015873015873 0.45271164021164023 0.7175099206349206 0.44113756613756616 0.7212301587301587 0.43617724867724866 0.7209821428571429 0.43187830687830686 0.7170138888888888 0.42923280423280424 0.7063492063492064 0.43584656084656087 0.6996527777777778 0.44907407407407407 0.6986607142857143
0 0.3386243386243386 0.6309523809523809 0.3498677248677249 0.6369047619047619 0.3505291005291005 0.6440972222222222 0.34523809523809523 0.6490575396825397 0.33630952380952384 0.652281746031746 0.3244047619047619 0.6493055555555556 0.3201058201058201 0.640625 0.32341269841269843 0.6346726190476191 0.3382936507936508 0.6309523809523809
0 0.48148148148148145 0.6939484126984127 0.49107142857142855 0.6979166666666666 0.4923941798941799 0.7065972222222222 0.4861111111111111 0.7142857142857143 0.4771825396825397 0.7175099206349206 0.47023809523809523 0.716765873015873 0.4656084656084656 0.7137896825396826 0.4619708994708995 0.7028769841269841 0.47023809523809523 0.6937003968253969 0.48115079365079366 0.6939484126984127
0 0.4738756613756614 0.6711309523809523 0.4808201058201058 0.6750992063492064 0.4828042328042328 0.6820436507936508 0.4751984126984127 0.6904761904761905 0.46726190476190477 0.6929563492063492 0.4632936507936508 0.6929563492063492 0.45634920634920634 0.6889880952380952 0.45535714285714285 0.6775793650793651 0.46395502645502645 0.6713789682539683 0.47354497354497355 0.6711309523809523
0 0.6937830687830688 0.5942460317460317 0.703042328042328 0.5982142857142857 0.7066798941798942 0.6044146825396826 0.7043650793650794 0.6128472222222222 0.6954365079365079 0.6165674603174603 0.6851851851851852 0.6153273809523809 0.6769179894179894 0.6091269841269841 0.6772486772486772 0.6021825396825397 0.6802248677248677 0.5979662698412699 0.6858465608465608 0.5947420634920635 0.6934523809523809 0.5942460317460317
0 0.45965608465608465 0.6517857142857143 0.46726190476190477 0.6555059523809523 0.4699074074074074 0.6617063492063492 0.4669312169312169 0.6688988095238095 0.45701058201058203 0.6741071428571429 0.4470899470899471 0.671875 0.44047619047619047 0.6646825396825397 0.44047619047619047 0.6604662698412699 0.44642857142857145 0.6537698412698413 0.4593253968253968 0.6517857142857143
0 0.38062169312169314 0.7175099206349206 0.38921957671957674 0.7219742063492064 0.3912037037037037 0.7296626984126984 0.38756613756613756 0.7371031746031746 0.37896825396825395 0.7403273809523809 0.3673941798941799 0.738343253968254 0.3630952380952381 0.7341269841269841 0.3621031746031746 0.7276785714285714 0.3697089947089947 0.7189980158730159 0.3802910052910053 0.7175099206349206
0 0.3002645502645503 0.5992063492063492 0.30753968253968256 0.6016865079365079 0.3134920634920635 0.6091269841269841 0.31084656084656087 0.6170634920634921 0.3005952380952381 0.6217757936507936 0.28935185185185186 0.6195436507936508 0.2824074074074074 0.6116071428571429 0.2830687830687831 0.6061507936507936 0.28703703703703703 0.6021825396825397 0.29298941798941797 0.5994543650793651 0.29993386243386244 0.5992063492063492
0 0.40773809523809523 0.7103174603174603 0.4156746031746032 0.7152777777777778 0.41865079365079366 0.7202380952380952 0.41534391534391535 0.7306547619047619 0.4080687830687831 0.734375 0.4001322751322751 0.734375 0.3948412698412698 0.7318948412698413 0.3888888888888889 0.7212301587301587 0.3941798941798942 0.7127976190476191 0.4074074074074074 0.7103174603174603
0 0.5059523809523809 0.6418650793650794 0.513558201058201 0.6475694444444444 0.5142195767195767 0.6569940476190477 0.5095899470899471 0.6617063492063492 0.5016534391534392 0.6649305555555556 0.4947089947089947 0.6646825396825397 0.4871031746031746 0.6612103174603174 0.4834656084656085 0.6507936507936508 0.49107142857142855 0.6423611111111112 0.5056216931216931 0.6418650793650794
0 0.3644179894179894 0.6433531746031746 0.37334656084656087 0.6498015873015873 0.37466931216931215 0.6577380952380952 0.3707010582010582 0.6634424603174603 0.36144179894179895 0.6664186507936508 0.3521825396825397 0.6646825396825397 0.3449074074074074 0.6545138888888888 0.3521825396825397 0.644593253968254 0.36408730158730157 0.6433531746031746
0 0.5304232804232805 0.6014384920634921 0.5416666666666666 0.6056547619047619 0.5456349206349206 0.6121031746031746 0.5436507936507936 0.6195436507936508 0.5396825396825397 0.623015873015873 0.533068783068783 0.6245039682539683 0.5211640211640212 0.6217757936507936 0.5162037037037037 0.6128472222222222 0.5218253968253969 0.6044146825396826 0.5300925925925926 0.6014384920634921
0 0.5036375661375662 0.7552083333333334 0.5119047619047619 0.7619047619047619 0.5138888888888888 0.7690972222222222 0.5082671957671958 0.7760416666666666 0.5003306878306878 0.7787698412698413 0.48644179894179895 0.7752976190476191 0.48313492063492064 0.7651289682539683 0.49074074074074076 0.7564484126984127 0.5033068783068783 0.7552083333333334
0 0.353505291005291 0.6071428571428571 0.36078042328042326 0.6096230158730159 0.36607142857142855 0.6192956349206349 0.36342592592592593 0.6277281746031746 0.353505291005291 0.6312003968253969 0.3458994708994709 0.6307043650793651 0.33994708994708994 0.6277281746031746 0.3373015873015873 0.6178075396825397 0.33796296296296297 0.6125992063492064 0.34226190476190477 0.6091269841269841 0.3531746031746032 0.6071428571428571
0 0.33366402116402116 0.5711805555555556 0.3386243386243386 0.5744047619047619 0.3412698412698413 0.5875496031746031 0.3349867724867725 0.595734126984127 0.32705026455026454 0.5974702380952381 0.3167989417989418 0.5954861111111112 0.31084656084656087 0.5885416666666666 0.3101851851851852 0.5843253968253969 0.3134920634920635 0.5773809523809523 0.3194444444444444 0.5731646825396826 0.3333333333333333 0.5711805555555556
0 0.42824074074074076 0.6418650793650794 0.43683862433862436 0.6465773809523809 0.43816137566137564 0.6545138888888888 0.43353174603174605 0.6629464285714286 0.42394179894179895 0.6646825396825397 0.4130291005291005 0.6614583333333334 0.4093915343915344 0.6505456349206349 0.4176587301587302 0.642609126984127 0.4279100529100529 0.6418650793650794
0 0.34953703703703703 0.5324900793650794 0.35813492063492064 0.5367063492063492 0.36144179894179895 0.5431547619047619 0.359457671957672 0.5505952380952381 0.3558201058201058 0.5538194444444444 0.34953703703703703 0.5553075396825397 0.3386243386243386 0.5540674603174603 0.33201058201058203 0.5463789682539683 0.335978835978836 0.5364583333333334 0.3425925925925926 0.5329861111111112 0.3492063492063492 0.5324900793650794
0 0.37334656084656087 0.6954365079365079 0.38095238095238093 0.6966765873015873 0.3878968253968254 0.703125 0.3872354497354497 0.7100694444444444 0.3835978835978836 0.7145337301587301 0.3783068783068783 0.7172619047619048 0.36904761904761907 0.7182539682539683 0.3627645502645503 0.7160218253968254 0.3568121693121693 0.7098214285714286 0.35978835978835977 0.6999007936507936 0.373015873015873 0.6956845238095238
0 0.453042328042328 0.7185019841269841 0.46164021164021163 0.7237103174603174 0.46296296296296297 0.7301587301587301 0.45965608465608465 0.7373511904761905 0.4494047619047619 0.7420634920634921 0.439484126984127 0.7405753968253969 0.4351851851851852 0.7373511904761905 0.43253968253968256 0.7306547619047619 0.43716931216931215 0.7222222222222222 0.45271164021164023 0.7185019841269841
0 0.5757275132275133 0.5436507936507936 0.5813492063492064 0.546875 0.583994708994709 0.5555555555555556 0.5813492063492064 0.5612599206349206 0.5727513227513228 0.5654761904761905 0.5601851851851852 0.5627480158730159 0.5552248677248677 0.5567956349206349 0.5545634920634921 0.5500992063492064 0.5608465608465608 0.5443948412698413 0.5753968253968254 0.5436507936507936
0 0.3994708994708995 0.6815476190476191 0.4087301587301587 0.685515873015873 0.4113756613756614 0.6934523809523809 0.4087301587301587 0.7003968253968254 0.398478835978836 0.7048611111111112 0.3898809523809524 0.7036210317460317 0.3835978835978836 0.6961805555555556 0.3835978835978836 0.6917162698412699 0.38855820105820105 0.6840277777777778 0.39914021164021163 0.6815476190476191
0 0.7142857142857143 0.6681547619047619 0.7245370370370371 0.6721230158730159 0.7278439153439153 0.6805555555555556 0.7222222222222222 0.6887400793650794 0.7139550264550265 0.6909722222222222 0.703042328042328 0.6879960317460317 0.6974206349206349 0.6788194444444444 0.7017195767195767 0.6706349206349206 0.7139550264550265 0.6681547619047619
0 0.3082010582010582 0.5562996031746031 0.3177910052910053 0.5597718253968254 0.3210978835978836 0.5679563492063492 0.31547619047619047 0.5753968253968254 0.30753968253968256 0.5786210317460317 0.29662698412698413 0.5753968253968254 0.2923280423280423 0.5662202380952381 0.296957671957672 0.5592757936507936 0.30787037037037035 0.5562996031746031
0 0.37665343915343913 0.5734126984126984 0.38525132275132273 0.5778769841269841 0.3869047619047619 0.5853174603174603 0.3835978835978836 0.5932539682539683 0.37433862433862436 0.5972222222222222 0.3687169312169312 0.5972222222222222 0.3627645502645503 0.5944940476190477 0.3568121693121693 0.5887896825396826 0.35648148148148145 0.5843253968253969 0.36408730158730157 0.5744047619047619 0.37632275132275134 0.5734126984126984
0 0.4060846560846561 0.5739087301587301 0.4126984126984127 0.580109126984127 0.4126984126984127 0.5890376984126984 0.4083994708994709 0.59375 0.3974867724867725 0.595734126984127 0.3888888888888889 0.5920138888888888 0.3869047619047619 0.5813492063492064 0.39351851851851855 0.5744047619047619 0.40575396825396826 0.5739087301587301
0 0.328042328042328 0.4851190476190476 0.3353174603174603 0.4880952380952381 0.3392857142857143 0.49503968253968256 0.335978835978836 0.5014880952380952 0.32506613756613756 0.5064484126984127 0.314484126984127 0.5049603174603174 0.30952380952380953 0.5002480158730159 0.3082010582010582 0.49404761904761907 0.314484126984127 0.4868551587301587 0.32771164021164023 0.4851190476190476
0 0.32605820105820105 0.6116071428571429 0.33564814814814814 0.6153273809523809 0.3376322751322751 0.6262400793650794 0.3343253968253968 0.6304563492063492 0.3230820105820106 0.6339285714285714 0.3125 0.6302083333333334 0.3082010582010582 0.6227678571428571 0.314484126984127 0.6145833333333334 0.32572751322751325 0.6116071428571429
0 0.3802910052910053 0.5967261904761905 0.39021164021164023 0.6021825396825397 0.3921957671957672 0.6081349206349206 0.38921957671957674 0.6168154761904762 0.38095238095238093 0.6207837301587301 0.36772486772486773 0.6180555555555556 0.36177248677248675 0.6098710317460317 0.36474867724867727 0.6011904761904762 0.3697089947089947 0.5979662698412699 0.37996031746031744 0.5967261904761905
0 0.39186507936507936 0.6215277777777778 0.4017857142857143 0.6264880952380952 0.4037698412698413 0.6339285714285714 0.3998015873015873 0.6403769841269841 0.3912037037037037 0.6448412698412699 0.3869047619047619 0.6448412698412699 0.37665343915343913 0.6398809523809523 0.3740079365079365 0.6299603174603174 0.38293650793650796 0.6222718253968254 0.3915343915343915 0.6215277777777778
0 0.5522486772486772 0.5553075396825397 0.5621693121693122 0.5642361111111112 0.5555555555555556 0.5746527777777778 0.5476190476190477 0.5786210317460317 0.5406746031746031 0.5778769841269841 0.5353835978835979 0.5746527777777778 0.533068783068783 0.5639880952380952 0.5340608465608465 0.560515873015873 0.5396825396825397 0.5565476190476191 0.5519179894179894 0.5553075396825397
0 0.45634920634920634 0.6125992063492064 0.4632936507936508 0.6140873015873016 0.46924603174603174 0.6190476190476191 0.4712301587301587 0.6240079365079365 0.4685846560846561 0.6299603174603174 0.45436507936507936 0.6354166666666666 0.44477513227513227 0.6307043650793651 0.44345238095238093 0.623015873015873 0.44576719576719576 0.6168154761904762 0.4494047619047619 0.6138392857142857 0.45601851851851855 0.6128472222222222
0 0.47156084656084657 0.5205853174603174 0.48115079365079366 0.5245535714285714 0.48412698412698413 0.533234126984127 0.4798280423280423 0.5401785714285714 0.4675925925925926 0.542906746031746 0.4583333333333333 0.5406746031746031 0.45436507936507936 0.5357142857142857 0.45337301587301587 0.5290178571428571 0.4599867724867725 0.5225694444444444 0.4712301587301587 0.5205853174603174
0 0.42658730158730157 0.5565476190476191 0.4348544973544973 0.5607638888888888 0.4375 0.5709325396825397 0.4332010582010582 0.5778769841269841 0.42394179894179895 0.5825892857142857 0.41335978835978837 0.5796130952380952 0.4080687830687831 0.5674603174603174 0.4150132275132275 0.5592757936507936 0.4262566137566138 0.5565476190476191
0 0.4887566137566138 0.5939980158730159 0.49834656084656087 0.5972222222222222 0.501984126984127 0.6056547619047619 0.49966931216931215 0.611359126984127 0.4914021164021164 0.6168154761904762 0.47784391534391535 0.6143353174603174 0.4732142857142857 0.607390873015873 0.4748677248677249 0.5989583333333334 0.48313492063492064 0.5942460317460317 0.48842592592592593 0.5939980158730159
0 0.43783068783068785 0.6649305555555556 0.44312169312169314 0.6684027777777778 0.44742063492063494 0.6755952380952381 0.44345238095238093 0.6825396825396826 0.439484126984127 0.685515873015873 0.4332010582010582 0.6865079365079365 0.4255952380952381 0.6857638888888888 0.42063492063492064 0.6830357142857143 0.4183201058201058 0.6750992063492064 0.42427248677248675 0.6666666666666666 0.4375 0.6649305555555556