0 0.9328125 0.275 0.953125 0.2875 0.9578125 0.2953125 0.95625 0.3 0.946875 0.30625 0.9375 0.30625 0.9125 0.290625 0.9109375 0.284375 0.9171875 0.2765625 0.925 0.2734375 0.93125 0.275
0 0.709375 0.278125 0.73125 0.2890625 0.7328125 0.29375 0.73125 0.2984375 0.7234375 0.3046875 0.7140625 0.3046875 0.7015625 0.3 0.6875 0.290625 0.6875 0.2828125 0.6921875 0.2765625 0.7078125 0.278125
0 0.54375 0 0.565625 0 0.5625 0.00625 0.5578125 0.0078125 0.5484375 0.00625 0.54375 0.0015625
0 0.3859375 0 0.425 0 0.4265625 0.003125 0.4265625 0.0140625 0.4203125 0.0171875 0.4140625 0.0171875 0.3921875 0.0125 0.3875 0.0078125 0.3859375 0.0015625
0 0.6796875 0.378125 0.690625 0.38125 0.7015625 0.3890625 0.7015625 0.3984375 0.6953125 0.403125 0.6828125 0.403125 0.6578125 0.390625 0.65625 0.38125 0.6609375 0.3765625 0.671875 0.375 0.678125 0.378125
0 0.8640625 0.2484375 0.8671875 0.253125 0.865625 0.2625 0.8578125 0.2671875 0.840625 0.271875 0.825 0.2703125 0.8203125 0.265625 0.821875 0.25625 0.8265625 0.2515625 0.8515625 0.2453125 0.8625 0.2484375
0 0.8 0.30625 0.80625 0.2828125 0.8140625 0.278125 0.8265625 0.2796875 0.83125 0.2859375 0.83125 0.2953125 0.8265625 0.309375 0.821875 0.3140625 0.8109375 0.315625 0.80625 0.3140625 0.8015625 0.3078125
0 0.9265625 0.2296875 0.9296875 0.2328125 0.9296875 0.2453125 0.9234375 0.2578125 0.915625 0.2625 0.90625 0.2625 0.9 0.259375 0.8984375 0.25 0.90625 0.2296875 0.909375 0.228125 0.925 0.2296875
0 0.6 0.0375 0.6140625 0.0515625 0.6140625 0.059375 0.6078125 0.065625 0.5953125 0.0640625 0.58125 0.05 0.58125 0.040625 0.5859375 0.0359375 0.5984375 0.0375
0 0.953125 0.265625 0.9671875 0.271875 0.9828125 0.2859375 0.98125 0.2953125 0.9734375 0.3 0.9625 0.3 0.9578125 0.2953125 0.9578125 0.2921875 0.9390625 0.2765625 0.9390625 0.2734375 0.94375 0.26875 0.9515625 0.2671875
0 0.7140625 0.4078125 0.721875 0.4109375 0.7265625 0.41875 0.7234375 0.4265625 0.71875 0.4296875 0.6859375 0.428125 0.6796875 0.425 0.675 0.41875 0.6765625 0.4109375 0.68125 0.40625 0.7125 0.4078125
0 0.6625 0.39375 0.6703125 0.396875 0.675 0.4046875 0.6671875 0.4203125 0.6609375 0.428125 0.65625 0.4296875 0.6421875 0.4265625 0.6390625 0.421875 0.6390625 0.415625 0.6484375 0.4 0.65625 0.39375 0.6609375 0.39375
0 0.7984375 0 0.8328125 0 0.828125 0.0046875 0.803125 0.0046875 0.7984375 0.0015625
0 0.746875 0.4578125 0.7515625 0.4640625 0.7515625 0.471875 0.74375 0.478125 0.728125 0.4796875 0.70625 0.478125 0.7015625 0.471875 0.703125 0.4625 0.7125 0.4578125 0.7234375 0.45625 0.74375 0.45625 0.7453125 0.4578125
0 0.7515625 0.3828125 0.78125 0.3859375 0.7875 0.3890625 0.790625 0.39375 0.790625 0.4 0.7875 0.4046875 0.7828125 0.4078125 0.7671875 0.4078125 0.7453125 0.403125 0.740625 0.3984375 0.740625 0.3890625 0.74375 0.384375 0.75 0.384375
0 0.73671875 0.03046875 0.03203125 0.03359375
0 0.784375 0.1046875 0.8 0.10625 0.8078125 0.109375 0.8109375 0.115625 0.809375 0.1203125 0.8 0.128125 0.7765625 0.1265625 0.765625 0.121875 0.7640625 0.11875 0.765625 0.1078125 0.771875 0.1046875 0.7828125 0.1046875
0 0.4140625 0.053125 0.0265625 0.034375