0 0.515625 0.521875 0.53125 0.528125 0.540625 0.5375 0.5625 0.5984375 0.5625 0.6078125 0.5578125 0.6171875 0.5421875 0.6265625 0.521875 0.6265625 0.5125 0.621875 0.503125 0.6125 0.4765625 0.5515625 0.4765625 0.540625 0.4875 0.5265625 0.496875 0.521875 0.5140625 0.521875
0 0.8265625 0.5421875 0.84375 0.5453125 0.85 0.54375 0.859375 0.546875 0.8640625 0.55 0.8671875 0.55625 0.8671875 0.565625 0.865625 0.5703125 0.85625 0.578125 0.821875 0.584375 0.7875 0.5828125 0.775 0.5765625 0.76875 0.5703125 0.7671875 0.5578125 0.771875 0.55 0.7828125 0.54375 0.825 0.5421875
0 0.625 0.4453125 0.64375 0.4546875 0.646875 0.4625 0.646875 0.4703125 0.6375 0.5109375 0.63125 0.51875 0.6203125 0.525 0.6046875 0.525 0.5890625 0.5203125 0.58125 0.515625 0.5765625 0.5046875 0.584375 0.465625 0.590625 0.453125 0.60625 0.4453125 0.6234375 0.4453125
0 0.265625 0.7375 0.275 0.7421875 0.28125 0.75 0.290625 0.775 0.29375 0.7921875 0.303125 0.8203125 0.303125 0.83125 0.2984375 0.840625 0.2859375 0.8515625 0.275 0.8546875 0.2515625 0.8546875 0.24375 0.8515625 0.2375 0.8453125 0.2140625 0.771875 0.215625 0.7578125 0.2203125 0.75 0.2265625 0.7453125 0.2421875 0.7375 0.2515625 0.7359375 0.2640625 0.7375
0 0.8125 0.3921875 0.81875 0.3984375 0.8234375 0.409375 0.8234375 0.415625 0.81875 0.4234375 0.7703125 0.4671875 0.7625 0.471875 0.7546875 0.4734375 0.7375 0.471875 0.728125 0.46875 0.715625 0.459375 0.7140625 0.45 0.7203125 0.4375 0.734375 0.428125 0.7390625 0.421875 0.7609375 0.409375 0.7703125 0.3953125 0.7875 0.3890625 0.8015625 0.3890625 0.8109375 0.3921875
0 0.4296875 0.346875 0.44375 0.3515625 0.4546875 0.3640625 0.475 0.428125 0.475 0.4390625 0.471875 0.4453125 0.4546875 0.4578125 0.4296875 0.45625 0.4140625 0.446875 0.4078125 0.4359375 0.4015625 0.4125 0.3890625 0.3828125 0.3875 0.3703125 0.390625 0.3609375 0.396875 0.3546875 0.4140625 0.346875 0.428125 0.346875
0 0.878125 0.48125 0.8890625 0.4828125 0.8984375 0.4875 0.903125 0.4953125 0.9015625 0.5078125 0.8703125 0.53125 0.85625 0.540625 0.85 0.5421875 0.8328125 0.540625 0.8171875 0.534375 0.8109375 0.528125 0.809375 0.5234375 0.8109375 0.5171875 0.821875 0.5046875 0.853125 0.4828125 0.8765625 0.48125
0 0.7 0.5703125 0.7078125 0.578125 0.709375 0.584375 0.70625 0.5984375 0.696875 0.6109375 0.6890625 0.6296875 0.6828125 0.6375 0.665625 0.6453125 0.653125 0.6421875 0.6421875 0.634375 0.6359375 0.6328125 0.6296875 0.6265625 0.628125 0.621875 0.6296875 0.6140625 0.6484375 0.5796875 0.6609375 0.565625 0.6671875 0.5625 0.678125 0.5625 0.6984375 0.5703125
0 0.653125 0.6453125 0.6640625 0.65 0.6875 0.6515625 0.7390625 0.671875 0.7453125 0.6796875 0.7453125 0.690625 0.734375 0.7046875 0.7234375 0.709375 0.7015625 0.7078125 0.6875 0.7015625 0.653125 0.6921875 0.6296875 0.6796875 0.6234375 0.6703125 0.6265625 0.6578125 0.6375 0.646875 0.6515625 0.6453125
0 0.690625 0.453125 0.70625 0.45625 0.7109375 0.459375 0.71875 0.46875 0.71875 0.48125 0.684375 0.5171875 0.6671875 0.525 0.653125 0.5234375 0.646875 0.5203125 0.6421875 0.5140625 0.640625 0.503125 0.64375 0.496875 0.6453125 0.484375 0.6546875 0.4640625 0.6734375 0.4546875 0.6890625 0.453125
0 0.7421875 0.3609375 0.7515625 0.365625 0.75625 0.371875 0.7578125 0.3765625 0.75625 0.3921875 0.75 0.3984375 0.7109375 0.415625 0.6953125 0.4265625 0.675 0.4328125 0.6734375 0.43125 0.6515625 0.43125 0.6421875 0.4265625 0.634375 0.4171875 0.634375 0.4078125 0.6390625 0.4 0.653125 0.390625 0.665625 0.3890625 0.678125 0.384375 0.6890625 0.3765625 0.7171875 0.3625 0.728125 0.359375 0.740625 0.3609375