0 0.4798280423280423 0.6284722222222222 0.49107142857142855 0.6309523809523809 0.5 0.6364087301587301 0.5069444444444444 0.6505456349206349 0.501984126984127 0.6626984126984127 0.4837962962962963 0.671875 0.47023809523809523 0.671875 0.4632936507936508 0.6696428571428571 0.45072751322751325 0.6617063492063492 0.4470899470899471 0.6547619047619048 0.4487433862433862 0.6450892857142857 0.4573412698412698 0.6344246031746031 0.4685846560846561 0.6292162698412699 0.4794973544973545 0.6284722222222222
0 0.4880952380952381 0.830109126984127 0.5059523809523809 0.8377976190476191 0.513558201058201 0.8487103174603174 0.5158730158730159 0.8581349206349206 0.5119047619047619 0.8683035714285714 0.5052910052910053 0.8764880952380952 0.4937169312169312 0.8834325396825397 0.484457671957672 0.8856646825396826 0.4695767195767196 0.8841765873015873 0.460978835978836 0.8802083333333334 0.45105820105820105 0.8697916666666666 0.44907407407407407 0.8586309523809523 0.45271164021164023 0.8452380952380952 0.46064814814814814 0.8368055555555556 0.48412698412698413 0.8296130952380952 0.4877645502645503 0.830109126984127
0 0.4791666666666667 0.6932043650793651 0.4880952380952381 0.6956845238095238 0.498015873015873 0.7061011904761905 0.501984126984127 0.7256944444444444 0.49933862433862436 0.7316468253968254 0.4894179894179894 0.7385912698412699 0.47354497354497355 0.7435515873015873 0.4566798941798942 0.7428075396825397 0.4494047619047619 0.7395833333333334 0.44246031746031744 0.7274305555555556 0.44146825396825395 0.7160218253968254 0.44576719576719576 0.705109126984127 0.4583333333333333 0.6959325396825397 0.47023809523809523 0.6929563492063492 0.47883597883597884 0.6932043650793651
0 0.4322089947089947 0.6063988095238095 0.4444444444444444 0.6091269841269841 0.4497354497354497 0.6123511904761905 0.45701058201058203 0.6225198412698413 0.45701058201058203 0.6331845238095238 0.4480820105820106 0.644593253968254 0.435515873015873 0.6498015873015873 0.4252645502645503 0.6502976190476191 0.4097222222222222 0.6473214285714286 0.4031084656084656 0.6408730158730159 0.4001322751322751 0.6262400793650794 0.40343915343915343 0.6183035714285714 0.41335978835978837 0.6116071428571429 0.43187830687830686 0.6066468253968254
0 0.22718253968253968 0.6688988095238095 0.2447089947089947 0.6741071428571429 0.2576058201058201 0.6857638888888888 0.25892857142857145 0.6961805555555556 0.24702380952380953 0.7115575396825397 0.23313492063492064 0.7170138888888888 0.21726190476190477 0.7182539682539683 0.20403439153439154 0.7132936507936508 0.19411375661375663 0.7036210317460317 0.1927910052910053 0.6927083333333334 0.19940476190476192 0.6785714285714286 0.21164021164021163 0.6711309523809523 0.22685185185185186 0.6691468253968254
0 0.28604497354497355 0.6927083333333334 0.30092592592592593 0.6996527777777778 0.3072089947089947 0.7083333333333334 0.30787037037037035 0.7137896825396826 0.30092592592592593 0.7281746031746031 0.29034391534391535 0.7361111111111112 0.2810846560846561 0.7380952380952381 0.27215608465608465 0.7380952380952381 0.2552910052910053 0.7328869047619048 0.24768518518518517 0.7204861111111112 0.24768518518518517 0.7152777777777778 0.2542989417989418 0.7028769841269841 0.2605820105820106 0.6969246031746031 0.2757936507936508 0.6929563492063492 0.2857142857142857 0.6927083333333334
0 0.6263227513227513 0.6825396825396826 0.6332671957671958 0.685515873015873 0.640542328042328 0.6927083333333334 0.6438492063492064 0.7068452380952381 0.6418650793650794 0.7120535714285714 0.6312830687830688 0.7217261904761905 0.6164021164021164 0.7271825396825397 0.6025132275132276 0.7259424603174603 0.5912698412698413 0.720734126984127 0.583994708994709 0.7098214285714286 0.5833333333333334 0.6974206349206349 0.5882936507936508 0.6904761904761905 0.5988756613756614 0.6847718253968254 0.6259920634920635 0.6825396825396826
0 0.32506613756613756 0.7224702380952381 0.3353174603174603 0.7254464285714286 0.34325396825396826 0.7309027777777778 0.3488756613756614 0.7408234126984127 0.3498677248677249 0.748015873015873 0.3458994708994709 0.7576884920634921 0.335978835978836 0.7666170634920635 0.33134920634920634 0.7703373015873016 0.3187830687830688 0.7733134920634921 0.3062169312169312 0.7728174603174603 0.29794973544973546 0.7690972222222222 0.28835978835978837 0.7586805555555556 0.2867063492063492 0.7514880952380952 0.2896825396825397 0.7403273809523809 0.29894179894179895 0.7296626984126984 0.31216931216931215 0.7234623015873016 0.3247354497354497 0.7224702380952381
0 0.4675925925925926 0.7839781746031746 0.4771825396825397 0.7864583333333334 0.48842592592592593 0.7956349206349206 0.4933862433862434 0.8075396825396826 0.4933862433862434 0.8139880952380952 0.484457671957672 0.8288690476190477 0.4599867724867725 0.8358134920634921 0.4460978835978836 0.8330853174603174 0.43816137566137564 0.8286210317460317 0.4305555555555556 0.8179563492063492 0.4298941798941799 0.8070436507936508 0.4351851851851852 0.7961309523809523 0.44246031746031744 0.7879464285714286 0.4573412698412698 0.7837301587301587 0.46726190476190477 0.7839781746031746
0 0.3697089947089947 0.7544642857142857 0.37896825396825395 0.7581845238095238 0.3869047619047619 0.7651289682539683 0.38855820105820105 0.7787698412698413 0.3812830687830688 0.7946428571428571 0.3707010582010582 0.8005952380952381 0.3568121693121693 0.8025793650793651 0.3419312169312169 0.8018353174603174 0.3333333333333333 0.7976190476190477 0.3273809523809524 0.7896825396825397 0.3273809523809524 0.7800099206349206 0.33101851851851855 0.7710813492063492 0.3478835978835979 0.7576884920634921 0.36937830687830686 0.7544642857142857
0 0.6550925925925926 0.7108134920634921 0.666005291005291 0.7132936507936508 0.6789021164021164 0.7194940476190477 0.6858465608465608 0.7271825396825397 0.6878306878306878 0.7331349206349206 0.6875 0.7415674603174603 0.6802248677248677 0.7527281746031746 0.6749338624338624 0.7562003968253969 0.6617063492063492 0.7591765873015873 0.6504629629629629 0.7584325396825397 0.6375661375661376 0.7544642857142857 0.6263227513227513 0.7450396825396826 0.623015873015873 0.736359126984127 0.6253306878306878 0.7256944444444444 0.6428571428571429 0.7123015873015873 0.6547619047619048 0.7108134920634921