0 0.534375 0.034375 0.60625 0.046875 0.6140625 0.05 0.628125 0.0609375 0.63125 0.0671875 0.63125 0.075 0.6265625 0.0953125 0.621875 0.103125 0.5875 0.1203125 0.56875 0.1203125 0.5421875 0.1140625 0.503125 0.109375 0.484375 0.1015625 0.4765625 0.0921875 0.471875 0.075 0.471875 0.0609375 0.4765625 0.0515625 0.4859375 0.0421875 0.4984375 0.0359375 0.5328125 0.034375
0 0.0859375 0.021875 0.1 0.028125 0.1203125 0.046875 0.1578125 0.096875 0.1640625 0.109375 0.1625 0.1203125 0.1546875 0.1296875 0.1234375 0.14375 0.1 0.1421875 0.071875 0.1265625 0.0625 0.1171875 0.053125 0.1015625 0.0390625 0.084375 0.0234375 0.05625 0.025 0.04375 0.0390625 0.028125 0.0515625 0.021875 0.084375 0.021875
0 0.725 0.2140625 0.7390625 0.2265625 0.771875 0.271875 0.775 0.28125 0.775 0.290625 0.7640625 0.3046875 0.7375 0.3171875 0.7203125 0.321875 0.7046875 0.321875 0.690625 0.3109375 0.678125 0.2890625 0.6515625 0.259375 0.6484375 0.2515625 0.6484375 0.240625 0.6546875 0.228125 0.6734375 0.2140625 0.6921875 0.209375 0.7125 0.209375 0.7234375 0.2140625
0 0.09375 0 0.2 0 0.1921875 0.0265625 0.178125 0.0390625 0.1546875 0.0484375 0.1359375 0.0484375 0.125 0.04375 0.096875 0.01875 0.09375 0.0109375 0.09375 0.0015625
0 0.2921875 0 0.3890625 0 0.3875 0.0125 0.3765625 0.0375 0.353125 0.0515625 0.3375 0.05625 0.31875 0.0546875 0.30625 0.0484375 0.296875 0.0390625 0.2875 0.0171875 0.2875 0.0109375 0.2921875 0.0015625
0 0.21875 0.234375 0.2359375 0.2453125 0.2453125 0.259375 0.2515625 0.2875 0.2546875 0.321875 0.2484375 0.3328125 0.240625 0.3390625 0.2125 0.35 0.184375 0.3484375 0.1640625 0.3390625 0.1546875 0.3203125 0.1515625 0.2921875 0.146875 0.275 0.146875 0.25625 0.1546875 0.24375 0.175 0.2328125 0.203125 0.2296875 0.2171875 0.234375
0 0.6796875 0.00625 0.69375 0.015625 0.7140625 0.0484375 0.7234375 0.059375 0.7328125 0.08125 0.7296875 0.09375 0.7171875 0.109375 0.7015625 0.11875 0.6796875 0.1265625 0.6671875 0.1265625 0.6578125 0.1234375 0.64375 0.1125 0.6328125 0.0953125 0.6328125 0.0765625 0.634375 0.075 0.6328125 0.0625 0.621875 0.0515625 0.6125 0.046875 0.609375 0.0421875 0.609375 0.0328125 0.6125 0.025 0.625 0.0109375 0.6453125 0.003125 0.671875 0.003125 0.678125 0.00625
0 0.9 0.1359375 0.909375 0.140625 0.9171875 0.1484375 0.921875 0.1625 0.91875 0.1734375 0.9015625 0.2015625 0.8921875 0.221875 0.8796875 0.2359375 0.84375 0.2515625 0.83125 0.2546875 0.8140625 0.253125 0.8 0.24375 0.7953125 0.234375 0.7953125 0.225 0.8 0.2125 0.8203125 0.18125 0.83125 0.159375 0.8453125 0.1453125 0.859375 0.1375 0.8703125 0.134375 0.8984375 0.1359375
0 0.5578125 0.15 0.578125 0.15625 0.6375 0.184375 0.6484375 0.1921875 0.653125 0.2 0.6515625 0.21875 0.64375 0.228125 0.6328125 0.2359375 0.603125 0.2484375 0.5890625 0.2484375 0.5296875 0.21875 0.521875 0.2171875 0.5109375 0.2078125 0.5046875 0.196875 0.503125 0.178125 0.515625 0.1609375 0.5328125 0.1515625 0.55625 0.15
0 0.38125 0.075 0.4 0.078125 0.4125 0.084375 0.4203125 0.09375 0.4265625 0.11875 0.421875 0.1296875 0.390625 0.1734375 0.3796875 0.184375 0.3515625 0.196875 0.334375 0.196875 0.3171875 0.1890625 0.303125 0.175 0.2984375 0.1640625 0.2984375 0.15625 0.303125 0.1453125 0.3375 0.0953125 0.3484375 0.084375 0.3609375 0.078125 0.3796875 0.075
0 0.4375 0 0.59375 0 0.5921875 0.009375 0.584375 0.0171875 0.5625 0.0296875 0.5546875 0.03125 0.5515625 0.0296875 0.4671875 0.0296875 0.4609375 0.028125 0.453125 0.025 0.440625 0.015625 0.4375 0.009375 0.4375 0.0015625