0 0.3664021164021164 0.5285218253968254 0.375 0.5359623015873016 0.3759920634920635 0.5434027777777778 0.37003968253968256 0.5515873015873016 0.36144179894179895 0.5528273809523809 0.3501984126984127 0.5500992063492064 0.3445767195767196 0.5431547619047619 0.34424603174603174 0.5379464285714286 0.3501984126984127 0.5310019841269841 0.35548941798941797 0.5287698412698413 0.36607142857142855 0.5285218253968254
0 0.5727513227513228 0.6103670634920635 0.5836640211640212 0.6160714285714286 0.5856481481481481 0.6242559523809523 0.5826719576719577 0.6299603174603174 0.5720899470899471 0.6349206349206349 0.5648148148148148 0.6339285714285714 0.5578703703703703 0.6302083333333334 0.5542328042328042 0.6217757936507936 0.560515873015873 0.613343253968254 0.5724206349206349 0.6103670634920635
0 0.5995370370370371 0.5498511904761905 0.6078042328042328 0.5572916666666666 0.6091269841269841 0.5649801587301587 0.6038359788359788 0.5714285714285714 0.595568783068783 0.5739087301587301 0.5796957671957672 0.5679563492063492 0.578042328042328 0.560515873015873 0.5843253968253969 0.5525793650793651 0.5992063492063492 0.5498511904761905
0 0.35978835978835977 0.7269345238095238 0.3664021164021164 0.7309027777777778 0.36937830687830686 0.7403273809523809 0.3637566137566138 0.7485119047619048 0.3558201058201058 0.7522321428571429 0.3458994708994709 0.7517361111111112 0.3416005291005291 0.7495039682539683 0.3382936507936508 0.7465277777777778 0.3369708994708995 0.7403273809523809 0.34226190476190477 0.7301587301587301 0.34854497354497355 0.7269345238095238 0.359457671957672 0.7269345238095238
0 0.3664021164021164 0.47619047619047616 0.37665343915343913 0.4799107142857143 0.3812830687830688 0.4868551587301587 0.37962962962962965 0.4947916666666667 0.37003968253968256 0.5007440476190477 0.35615079365079366 0.4982638888888889 0.34854497354497355 0.4880952380952381 0.3558201058201058 0.47693452380952384 0.36607142857142855 0.47619047619047616
0 0.3353174603174603 0.5128968253968254 0.3468915343915344 0.5181051587301587 0.3498677248677249 0.5240575396825397 0.3488756613756614 0.5302579365079365 0.3386243386243386 0.5367063492063492 0.32175925925925924 0.5327380952380952 0.3177910052910053 0.5262896825396826 0.3210978835978836 0.5190972222222222 0.3349867724867725 0.5128968253968254
0 0.5171957671957672 0.7264384920634921 0.52744708994709 0.7311507936507936 0.5304232804232805 0.7400793650793651 0.5257936507936508 0.748015873015873 0.5188492063492064 0.7512400793650794 0.5072751322751323 0.7490079365079365 0.5 0.7400793650793651 0.5046296296296297 0.7299107142857143 0.5168650793650794 0.7264384920634921
0 0.5595238095238095 0.5066964285714286 0.5677910052910053 0.5096726190476191 0.5720899470899471 0.517609126984127 0.5691137566137566 0.5265376984126984 0.5582010582010583 0.5300099206349206 0.5505952380952381 0.5297619047619048 0.5472883597883598 0.5277777777777778 0.542989417989418 0.5235615079365079 0.5416666666666666 0.5181051587301587 0.5486111111111112 0.5084325396825397 0.5591931216931217 0.5066964285714286
0 0.6078042328042328 0.455109126984127 0.6180555555555556 0.4600694444444444 0.6200396825396826 0.4704861111111111 0.6164021164021164 0.47470238095238093 0.6028439153439153 0.47867063492063494 0.591931216931217 0.4742063492063492 0.5902777777777778 0.46304563492063494 0.5968915343915344 0.45610119047619047 0.607473544973545 0.455109126984127
0 0.3353174603174603 0.7063492063492064 0.34755291005291006 0.7132936507936508 0.3492063492063492 0.7239583333333334 0.3416005291005291 0.7309027777777778 0.3323412698412698 0.7326388888888888 0.32407407407407407 0.7309027777777778 0.3194444444444444 0.7274305555555556 0.31746031746031744 0.7189980158730159 0.32341269841269843 0.7095734126984127 0.3349867724867725 0.7063492063492064
0 0.49966931216931215 0.43898809523809523 0.5092592592592593 0.4444444444444444 0.5109126984126984 0.45287698412698413 0.5049603174603174 0.46081349206349204 0.49503968253968256 0.46279761904761907 0.48412698412698413 0.46106150793650796 0.4794973544973545 0.44915674603174605 0.48743386243386244 0.4409722222222222 0.49933862433862436 0.43898809523809523
0 0.5790343915343915 0.45188492063492064 0.5873015873015873 0.4565972222222222 0.5896164021164021 0.4642857142857143 0.5866402116402116 0.4704861111111111 0.5783730158730159 0.47445436507936506 0.5638227513227513 0.4724702380952381 0.560515873015873 0.4694940476190476 0.5595238095238095 0.46304563492063494 0.5608465608465608 0.45709325396825395 0.5648148148148148 0.453125 0.5707671957671958 0.451140873015873 0.5787037037037037 0.45188492063492064
0 0.2933201058201058 0.21180555555555555 0.30224867724867727 0.21329365079365079 0.31183862433862436 0.2197420634920635 0.3134920634920635 0.2279265873015873 0.31084656084656087 0.23412698412698413 0.2996031746031746 0.23834325396825398 0.28273809523809523 0.2316468253968254 0.2794312169312169 0.22470238095238096 0.2804232804232804 0.21949404761904762 0.2857142857142857 0.21329365079365079 0.29298941798941797 0.21205357142857142
0 0.33465608465608465 0.20114087301587302 0.34424603174603174 0.2065972222222222 0.34854497354497355 0.21329365079365079 0.3419312169312169 0.22420634920634921 0.3349867724867725 0.22668650793650794 0.32142857142857145 0.2244543650793651 0.31316137566137564 0.21453373015873015 0.3134920634920635 0.20709325396825398 0.31812169312169314 0.20238095238095238 0.32407407407407407 0.20014880952380953 0.3343253968253968 0.20114087301587302
0 0.4642857142857143 0.47346230158730157 0.4751984126984127 0.4781746031746032 0.47883597883597884 0.48834325396825395 0.47453703703703703 0.4955357142857143 0.46395502645502645 0.4990079365079365 0.4523809523809524 0.4965277777777778 0.4460978835978836 0.48759920634920634 0.45006613756613756 0.4771825396825397 0.45701058201058203 0.47371031746031744 0.46395502645502645 0.47346230158730157
0 0.5763888888888888 0.7269345238095238 0.5856481481481481 0.730406746031746 0.5886243386243386 0.7410714285714286 0.5846560846560847 0.7472718253968254 0.5744047619047619 0.7507440476190477 0.5628306878306878 0.748015873015873 0.558531746031746 0.7373511904761905 0.5641534391534392 0.7279265873015873 0.576058201058201 0.7269345238095238
0 0.5363756613756614 0.6681547619047619 0.5443121693121693 0.6713789682539683 0.5502645502645502 0.6780753968253969 0.546957671957672 0.6892361111111112 0.5367063492063492 0.6937003968253969 0.5291005291005291 0.6929563492063492 0.521494708994709 0.6892361111111112 0.5178571428571429 0.6825396825396826 0.521494708994709 0.671875 0.529431216931217 0.6681547619047619 0.5360449735449735 0.6681547619047619
0 0.7423941798941799 0.4020337301587302 0.751984126984127 0.40649801587301587 0.753968253968254 0.4149305555555556 0.748015873015873 0.42237103174603174 0.7384259259259259 0.4255952380952381 0.7261904761904762 0.4211309523809524 0.7235449735449735 0.4176587301587302 0.7235449735449735 0.41121031746031744 0.7288359788359788 0.404265873015873 0.7420634920634921 0.4020337301587302
0 0.3558201058201058 0.2795138888888889 0.36673280423280424 0.2847222222222222 0.373015873015873 0.2931547619047619 0.37003968253968256 0.30357142857142855 0.3627645502645503 0.3072916666666667 0.3482142857142857 0.3040674603174603 0.34093915343915343 0.29712301587301587 0.3416005291005291 0.2864583333333333 0.35548941798941797 0.2795138888888889
0 0.47023809523809523 0.5069444444444444 0.47883597883597884 0.5119047619047619 0.4801587301587302 0.5193452380952381 0.4775132275132275 0.5250496031746031 0.4669312169312169 0.5300099206349206 0.45965608465608465 0.5295138888888888 0.4540343915343915 0.5265376984126984 0.4494047619047619 0.5193452380952381 0.4494047619047619 0.5146329365079365 0.4537037037037037 0.5084325396825397 0.4699074074074074 0.5069444444444444
0 0.5545634920634921 0.5828373015873016 0.5667989417989417 0.5875496031746031 0.5681216931216931 0.5964781746031746 0.564484126984127 0.6031746031746031 0.5539021164021164 0.6076388888888888 0.5433201058201058 0.6059027777777778 0.5386904761904762 0.6016865079365079 0.5367063492063492 0.5947420634920635 0.5423280423280423 0.5855654761904762 0.546957671957672 0.5830853174603174 0.5542328042328042 0.5828373015873016
0 0.2943121693121693 0.6984126984126984 0.30224867724867727 0.7028769841269841 0.30456349206349204 0.7108134920634921 0.3002645502645503 0.7194940476190477 0.29133597883597884 0.7242063492063492 0.28505291005291006 0.7239583333333334 0.2757936507936508 0.7199900793650794 0.27215608465608465 0.7152777777777778 0.271494708994709 0.7085813492063492 0.27380952380952384 0.703125 0.2794312169312169 0.6989087301587301 0.28604497354497355 0.6971726190476191 0.29398148148148145 0.6984126984126984
0 0.6349206349206349 0.47619047619047616 0.6451719576719577 0.47966269841269843 0.6488095238095238 0.48412698412698413 0.6474867724867724 0.49206349206349204 0.6369047619047619 0.49875992063492064 0.6292989417989417 0.49851190476190477 0.6233465608465608 0.4957837301587302 0.6183862433862434 0.4885912698412698 0.6183862433862434 0.48387896825396826 0.6226851851851852 0.47867063492063494 0.6345899470899471 0.47619047619047616
0 0.5386904761904762 0.560515873015873 0.5472883597883598 0.5642361111111112 0.5515873015873016 0.5714285714285714 0.5456349206349206 0.5823412698412699 0.5383597883597884 0.5840773809523809 0.529431216931217 0.5823412698412699 0.5224867724867724 0.5751488095238095 0.5248015873015873 0.5639880952380952 0.5383597883597884 0.560515873015873
0 0.6964285714285714 0.34226190476190477 0.7063492063492064 0.3474702380952381 0.7096560846560847 0.35615079365079366 0.7046957671957672 0.36259920634920634 0.6960978835978836 0.3665674603174603 0.6818783068783069 0.3635912698412698 0.6765873015873016 0.3566468253968254 0.6772486772486772 0.35044642857142855 0.6818783068783069 0.3444940476190476 0.6960978835978836 0.34226190476190477
0 0.2863756613756614 0.23487103174603174 0.29794973544973546 0.2408234126984127 0.30224867724867727 0.24925595238095238 0.29662698412698413 0.2569444444444444 0.2853835978835979 0.2594246031746032 0.2800925925925926 0.2591765873015873 0.27414021164021163 0.25570436507936506 0.2708333333333333 0.24454365079365079 0.2761243386243386 0.2371031746031746 0.28604497354497355 0.23487103174603174
0 0.32605820105820105 0.7770337301587301 0.3349867724867725 0.7819940476190477 0.3369708994708995 0.7931547619047619 0.333994708994709 0.7973710317460317 0.3210978835978836 0.8043154761904762 0.30952380952380953 0.8003472222222222 0.30456349206349204 0.7931547619047619 0.30423280423280424 0.7881944444444444 0.31117724867724866 0.7795138888888888 0.32572751322751325 0.7770337301587301
0 0.2906746031746032 0.4774305555555556 0.30092592592592593 0.4806547619047619 0.3072089947089947 0.4888392857142857 0.3005952380952381 0.5012400793650794 0.29563492063492064 0.5034722222222222 0.2794312169312169 0.5004960317460317 0.273478835978836 0.4937996031746032 0.27546296296296297 0.482390873015873 0.28273809523809523 0.4781746031746032 0.29034391534391535 0.4774305555555556
0 0.3039021164021164 0.41294642857142855 0.31845238095238093 0.4181547619047619 0.32142857142857145 0.42410714285714285 0.31746031746031744 0.43353174603174605 0.30456349206349204 0.43898809523809523 0.2919973544973545 0.43625992063492064 0.2863756613756614 0.4263392857142857 0.28935185185185186 0.41790674603174605 0.2943121693121693 0.41443452380952384 0.30357142857142855 0.41294642857142855
0 0.4054232804232804 0.5632440476190477 0.4173280423280423 0.5677083333333334 0.421957671957672 0.5783730158730159 0.4146825396825397 0.5870535714285714 0.40476190476190477 0.589781746031746 0.38955026455026454 0.5845734126984127 0.3872354497354497 0.574156746031746 0.3921957671957672 0.5677083333333334 0.4050925925925926 0.5632440476190477
0 0.4312169312169312 0.4201388888888889 0.43882275132275134 0.42162698412698413 0.44543650793650796 0.4305555555555556 0.44246031746031744 0.43898809523809523 0.43253968253968256 0.4444444444444444 0.4212962962962963 0.4429563492063492 0.4166666666666667 0.4392361111111111 0.41435185185185186 0.43253968253968256 0.4169973544973545 0.4243551587301587 0.42228835978835977 0.4211309523809524 0.4308862433862434 0.4201388888888889
0 0.58994708994709 0.18700396825396826 0.5988756613756614 0.19246031746031747 0.6008597883597884 0.1996527777777778 0.595568783068783 0.20907738095238096 0.5882936507936508 0.2130456349206349 0.5770502645502645 0.21031746031746032 0.5734126984126984 0.2065972222222222 0.5714285714285714 0.19890873015873015 0.5770502645502645 0.18874007936507936 0.5896164021164021 0.18700396825396826
0 0.36408730158730157 0.7720734126984127 0.3759920634920635 0.7757936507936508 0.37962962962962965 0.7839781746031746 0.37334656084656087 0.7951388888888888 0.3627645502645503 0.8000992063492064 0.3492063492063492 0.796875 0.34424603174603174 0.7894345238095238 0.3458994708994709 0.7827380952380952 0.35119047619047616 0.7760416666666666 0.3637566137566138 0.7720734126984127
0 0.3845899470899471 0.3819444444444444 0.3978174603174603 0.38467261904761907 0.4041005291005291 0.39384920634920634 0.4011243386243386 0.4035218253968254 0.39087301587301587 0.408234126984127 0.3759920634920635 0.4045138888888889 0.37103174603174605 0.3978174603174603 0.37202380952380953 0.3896329365079365 0.3759920634920635 0.3854166666666667 0.38425925925925924 0.3819444444444444
0 0.5641534391534392 0.5302579365079365 0.5750661375661376 0.5362103174603174 0.5783730158730159 0.5441468253968254 0.5737433862433863 0.5500992063492064 0.5625 0.5543154761904762 0.5539021164021164 0.5538194444444444 0.5479497354497355 0.5503472222222222 0.5439814814814815 0.5396825396825397 0.5499338624338624 0.5314980158730159 0.5638227513227513 0.5302579365079365
0 0.37466931216931215 0.5674603174603174 0.3845899470899471 0.5716765873015873 0.3872354497354497 0.5796130952380952 0.38227513227513227 0.5887896825396826 0.37334656084656087 0.5925099206349206 0.359457671957672 0.5882936507936508 0.35714285714285715 0.5788690476190477 0.36078042328042326 0.5706845238095238 0.3683862433862434 0.5674603174603174 0.37433862433862436 0.5674603174603174
0 0.38921957671957674 0.511656746031746 0.39616402116402116 0.5181051587301587 0.396494708994709 0.5262896825396826 0.39021164021164023 0.5334821428571429 0.38062169312169314 0.5354662698412699 0.37367724867724866 0.5337301587301587 0.3680555555555556 0.5290178571428571 0.3654100529100529 0.5178571428571429 0.3723544973544973 0.5114087301587301 0.3888888888888889 0.511656746031746
0 0.33895502645502645 0.42162698412698413 0.3462301587301587 0.4253472222222222 0.3492063492063492 0.4357638888888889 0.34226190476190477 0.44345238095238093 0.3353174603174603 0.4459325396825397 0.3230820105820106 0.4439484126984127 0.3194444444444444 0.4399801587301587 0.3187830687830688 0.4347718253968254 0.32341269841269843 0.4246031746031746 0.33134920634920634 0.42162698412698413 0.3386243386243386 0.42162698412698413
0 0.2569444444444444 0.5322420634920635 0.26686507936507936 0.5362103174603174 0.2705026455026455 0.5466269841269841 0.267526455026455 0.5533234126984127 0.25892857142857145 0.5567956349206349 0.24206349206349206 0.5543154761904762 0.2371031746031746 0.546875 0.2414021164021164 0.5362103174603174 0.24834656084656084 0.5327380952380952 0.2566137566137566 0.5322420634920635
0 0.5836640211640212 0.5133928571428571 0.5916005291005291 0.5148809523809523 0.5952380952380952 0.5203373015873016 0.5925925925925926 0.529265873015873 0.5843253968253969 0.5327380952380952 0.5744047619047619 0.53125 0.5697751322751323 0.5265376984126984 0.5734126984126984 0.5153769841269841 0.5833333333333334 0.5133928571428571
0 0.5942460317460317 0.47693452380952384 0.6005291005291006 0.47966269841269843 0.6048280423280423 0.48834325396825395 0.5992063492063492 0.4982638888888889 0.591931216931217 0.5007440476190477 0.5806878306878307 0.498015873015873 0.5744047619047619 0.49107142857142855 0.5744047619047619 0.4871031746031746 0.5813492063492064 0.47842261904761907 0.593915343915344 0.47693452380952384
0 0.5582010582010583 0.7497519841269841 0.5641534391534392 0.7504960317460317 0.5684523809523809 0.7537202380952381 0.5724206349206349 0.7621527777777778 0.5681216931216931 0.7700892857142857 0.5578703703703703 0.7748015873015873 0.5482804232804233 0.7725694444444444 0.5419973544973545 0.7658730158730159 0.5453042328042328 0.7542162698412699 0.5499338624338624 0.7509920634920635 0.5578703703703703 0.7497519841269841
0 0.6306216931216931 0.4392361111111111 0.640542328042328 0.44518849206349204 0.6421957671957672 0.45262896825396826 0.6365740740740741 0.46081349206349204 0.6256613756613757 0.4632936507936508 0.6200396825396826 0.4623015873015873 0.6140873015873016 0.4575892857142857 0.6121031746031746 0.44915674603174605 0.6193783068783069 0.44146825396825395 0.6302910052910053 0.4392361111111111
0 0.3082010582010582 0.2926587301587302 0.3187830687830688 0.29538690476190477 0.32407407407407407 0.3033234126984127 0.32142857142857145 0.31225198412698413 0.31084656084656087 0.31746031746031744 0.2976190476190476 0.3142361111111111 0.2923280423280423 0.3072916666666667 0.2953042328042328 0.29662698412698413 0.30158730158730157 0.2931547619047619 0.30787037037037035 0.2926587301587302
0 0.4973544973544973 0.46304563492063494 0.503968253968254 0.466765873015873 0.5059523809523809 0.4751984126984127 0.5026455026455027 0.48115079365079366 0.4937169312169312 0.4851190476190476 0.48478835978835977 0.484375 0.4801587301587302 0.48139880952380953 0.47685185185185186 0.4714781746031746 0.4798280423280423 0.46651785714285715 0.48677248677248675 0.46279761904761907 0.49702380952380953 0.46304563492063494
0 0.4007936507936508 0.36061507936507936 0.4093915343915344 0.36532738095238093 0.4113756613756614 0.3725198412698413 0.4074074074074074 0.37971230158730157 0.39914021164021163 0.3836805555555556 0.3845899470899471 0.38070436507936506 0.3792989417989418 0.37475198412698413 0.37863756613756616 0.36929563492063494 0.3862433862433862 0.36086309523809523 0.40046296296296297 0.36061507936507936
0 0.36078042328042326 0.3375496031746032 0.37103174603174605 0.34424603174603174 0.3716931216931217 0.3521825396825397 0.3637566137566138 0.3603670634920635 0.3521825396825397 0.3618551587301587 0.34523809523809523 0.36061507936507936 0.3392857142857143 0.3556547619047619 0.3382936507936508 0.34523809523809523 0.34523809523809523 0.3385416666666667 0.36044973544973546 0.3375496031746032
0 0.2933201058201058 0.5426587301587301 0.3039021164021164 0.5471230158730159 0.3082010582010582 0.5553075396825397 0.30257936507936506 0.5639880952380952 0.291005291005291 0.5674603174603174 0.2781084656084656 0.5639880952380952 0.27414021164021163 0.5592757936507936 0.273478835978836 0.5533234126984127 0.2794312169312169 0.5446428571428571 0.29298941798941797 0.5426587301587301
0 0.44312169312169314 0.7581845238095238 0.45171957671957674 0.7621527777777778 0.455026455026455 0.7725694444444444 0.4494047619047619 0.7817460317460317 0.43716931216931215 0.7864583333333334 0.43187830687830686 0.7864583333333334 0.42427248677248675 0.783234126984127 0.42063492063492064 0.777281746031746 0.4209656084656085 0.7693452380952381 0.4279100529100529 0.7606646825396826 0.4332010582010582 0.7584325396825397 0.4427910052910053 0.7581845238095238
0 0.5254629629629629 0.46205357142857145 0.5333994708994709 0.4670138888888889 0.5363756613756614 0.4774305555555556 0.5337301587301587 0.48139880952380953 0.5224867724867724 0.48561507936507936 0.5158730158730159 0.48487103174603174 0.5079365079365079 0.4806547619047619 0.5069444444444444 0.46999007936507936 0.5152116402116402 0.4625496031746032 0.5251322751322751 0.46205357142857145
0 0.6772486772486772 0.5845734126984127 0.6865079365079365 0.5895337301587301 0.6884920634920635 0.5979662698412699 0.6822089947089947 0.6056547619047619 0.6752645502645502 0.6076388888888888 0.6676587301587301 0.6066468253968254 0.6610449735449735 0.6031746031746031 0.6577380952380952 0.597718253968254 0.6577380952380952 0.591765873015873 0.6646825396825397 0.5853174603174603 0.6769179894179894 0.5845734126984127
0 0.29133597883597884 0.3318452380952381 0.30257936507936506 0.3373015873015873 0.30654761904761907 0.3444940476190476 0.3029100529100529 0.3521825396825397 0.2933201058201058 0.35714285714285715 0.2787698412698413 0.35367063492063494 0.2718253968253968 0.34226190476190477 0.2794312169312169 0.3325892857142857 0.291005291005291 0.3318452380952381
0 0.4375 0.45982142857142855 0.44477513227513227 0.46304563492063494 0.4497354497354497 0.47023809523809523 0.4497354497354497 0.4742063492063492 0.44312169312169314 0.4816468253968254 0.4365079365079365 0.4833829365079365 0.4269179894179894 0.48214285714285715 0.42063492063492064 0.47693452380952384 0.4183201058201058 0.46999007936507936 0.42427248677248675 0.46279761904761907 0.43716931216931215 0.45982142857142855
0 0.32341269841269843 0.3244047619047619 0.33134920634920634 0.3291170634920635 0.33465608465608465 0.3382936507936508 0.3316798941798942 0.3444940476190476 0.3210978835978836 0.34945436507936506 0.30952380952380953 0.3472222222222222 0.3012566137566138 0.33482142857142855 0.30357142857142855 0.32961309523809523 0.3101851851851852 0.3244047619047619 0.3230820105820106 0.3244047619047619
0 0.46130952380952384 0.5362103174603174 0.4669312169312169 0.5404265873015873 0.4689153439153439 0.5471230158730159 0.4666005291005291 0.5533234126984127 0.4566798941798942 0.558531746031746 0.44212962962962965 0.5555555555555556 0.4384920634920635 0.5461309523809523 0.44146825396825395 0.5396825396825397 0.4460978835978836 0.5364583333333334 0.460978835978836 0.5362103174603174
0 0.36607142857142855 0.36235119047619047 0.37334656084656087 0.36607142857142855 0.37665343915343913 0.3767361111111111 0.37037037037037035 0.3844246031746032 0.36342592592592593 0.3861607142857143 0.3558201058201058 0.3854166666666667 0.34854497354497355 0.3814484126984127 0.3445767195767196 0.37648809523809523 0.3439153439153439 0.3697916666666667 0.34523809523809523 0.36607142857142855 0.3525132275132275 0.3621031746031746 0.36574074074074076 0.36235119047619047
0 0.29662698412698413 0.25744047619047616 0.30423280423280424 0.2619047619047619 0.30952380952380953 0.2690972222222222 0.30853174603174605 0.2767857142857143 0.30357142857142855 0.283234126984127 0.2953042328042328 0.2854662698412698 0.2863756613756614 0.28422619047619047 0.2757936507936508 0.27455357142857145 0.27546296296296297 0.26711309523809523 0.2791005291005291 0.2614087301587302 0.2962962962962963 0.25768849206349204
0 0.6392195767195767 0.19990079365079366 0.6451719576719577 0.203125 0.6468253968253969 0.21378968253968253 0.6438492063492064 0.21999007936507936 0.6352513227513228 0.2251984126984127 0.6226851851851852 0.22296626984126985 0.6190476190476191 0.2197420634920635 0.6180555555555556 0.21254960317460317 0.6200396825396826 0.2058531746031746 0.6263227513227513 0.20064484126984128 0.6388888888888888 0.19990079365079366
0 0.396494708994709 0.23387896825396826 0.40773809523809523 0.23933531746031747 0.4103835978835979 0.2482638888888889 0.4080687830687831 0.25471230158730157 0.39616402116402116 0.2614087301587302 0.3835978835978836 0.2584325396825397 0.3773148148148148 0.24851190476190477 0.38095238095238093 0.23809523809523808 0.3872354497354497 0.23487103174603174 0.39616402116402116 0.23387896825396826
0 0.5231481481481481 0.5104166666666666 0.5333994708994709 0.515625 0.5363756613756614 0.5230654761904762 0.533068783068783 0.5305059523809523 0.5228174603174603 0.5357142857142857 0.5079365079365079 0.5329861111111112 0.5013227513227513 0.5233134920634921 0.5026455026455027 0.515625 0.5082671957671958 0.5114087301587301 0.5228174603174603 0.5104166666666666
0 0.6484788359788359 0.607390873015873 0.654431216931217 0.6086309523809523 0.6587301587301587 0.6121031746031746 0.6613756613756614 0.6183035714285714 0.6590608465608465 0.628968253968254 0.6491402116402116 0.6339285714285714 0.6359126984126984 0.6316964285714286 0.6283068783068783 0.6225198412698413 0.6322751322751323 0.6116071428571429 0.6392195767195767 0.6078869047619048 0.6481481481481481 0.607390873015873
0 0.41898148148148145 0.5260416666666666 0.42956349206349204 0.5307539682539683 0.4332010582010582 0.5409226190476191 0.42857142857142855 0.5478670634920635 0.41865079365079366 0.5513392857142857 0.4060846560846561 0.5481150793650794 0.40046296296296297 0.5406746031746031 0.4027777777777778 0.5319940476190477 0.4113756613756614 0.5267857142857143 0.41865079365079366 0.5260416666666666
0 0.3072089947089947 0.361359126984127 0.3177910052910053 0.36607142857142855 0.3191137566137566 0.37624007936507936 0.31283068783068785 0.3836805555555556 0.3002645502645503 0.38566468253968256 0.289021164021164 0.3794642857142857 0.2863756613756614 0.37177579365079366 0.29365079365079366 0.3630952380952381 0.30687830687830686 0.361359126984127
0 0.3912037037037037 0.5414186507936508 0.4027777777777778 0.544890873015873 0.4060846560846561 0.5493551587301587 0.4060846560846561 0.5562996031746031 0.40046296296296297 0.5642361111111112 0.3869047619047619 0.5679563492063492 0.376984126984127 0.564484126984127 0.373015873015873 0.5607638888888888 0.37136243386243384 0.550843253968254 0.37863756613756616 0.5424107142857143 0.39087301587301587 0.5414186507936508
0 0.3210978835978836 0.49007936507936506 0.33201058201058203 0.4947916666666667 0.3353174603174603 0.5052083333333334 0.3326719576719577 0.5119047619047619 0.3177910052910053 0.5200892857142857 0.30357142857142855 0.513640873015873 0.3012566137566138 0.5029761904761905 0.3072089947089947 0.49330357142857145 0.32076719576719576 0.49007936507936506
0 0.40145502645502645 0.4166666666666667 0.41203703703703703 0.4211309523809524 0.414021164021164 0.4288194444444444 0.4117063492063492 0.4365079365079365 0.4011243386243386 0.4409722222222222 0.3931878306878307 0.43973214285714285 0.3872354497354497 0.43625992063492064 0.3835978835978836 0.4288194444444444 0.39021164021164023 0.4193948412698413 0.4011243386243386 0.4166666666666667
0 0.20833333333333334 0.5510912698412699 0.22023809523809523 0.5550595238095238 0.2275132275132275 0.5629960317460317 0.22387566137566137 0.5706845238095238 0.21924603174603174 0.5744047619047619 0.20833333333333334 0.5763888888888888 0.19907407407407407 0.5751488095238095 0.19246031746031747 0.5689484126984127 0.19113756613756613 0.564484126984127 0.1917989417989418 0.5582837301587301 0.19576719576719576 0.5538194444444444 0.2080026455026455 0.5510912698412699
0 0.4289021164021164 0.8883928571428571 0.4375 0.8933531746031746 0.4417989417989418 0.9012896825396826 0.43915343915343913 0.9092261904761905 0.42857142857142855 0.9161706349206349 0.4183201058201058 0.9136904761904762 0.41005291005291006 0.9050099206349206 0.41335978835978837 0.8931051587301587 0.41865079365079366 0.8896329365079365 0.42857142857142855 0.8883928571428571
0 0.4093915343915344 0.7569444444444444 0.4183201058201058 0.7614087301587301 0.4203042328042328 0.7698412698412699 0.41865079365079366 0.7770337301587301 0.4083994708994709 0.7829861111111112 0.3955026455026455 0.7797619047619048 0.390542328042328 0.7686011904761905 0.3978174603174603 0.7584325396825397 0.40906084656084657 0.7569444444444444
0 0.3396164021164021 0.2569444444444444 0.3521825396825397 0.26165674603174605 0.35813492063492064 0.2718253968253968 0.35615079365079366 0.27802579365079366 0.34226190476190477 0.2847222222222222 0.33134920634920634 0.283234126984127 0.3247354497354497 0.2777777777777778 0.3220899470899471 0.27132936507936506 0.32705026455026454 0.25992063492063494 0.3392857142857143 0.2569444444444444
0 0.4130291005291005 0.47371031746031744 0.41964285714285715 0.4756944444444444 0.4262566137566138 0.48288690476190477 0.42427248677248675 0.4913194444444444 0.4150132275132275 0.4962797619047619 0.4031084656084656 0.4947916666666667 0.3978174603174603 0.4913194444444444 0.3958333333333333 0.48660714285714285 0.398478835978836 0.4771825396825397 0.4044312169312169 0.4742063492063492 0.4126984126984127 0.47371031746031744
0 0.7208994708994709 0.7559523809523809 0.728505291005291 0.7589285714285714 0.732473544973545 0.7673611111111112 0.7298280423280423 0.7752976190476191 0.7208994708994709 0.7787698412698413 0.7086640211640212 0.7767857142857143 0.7013888888888888 0.7690972222222222 0.703042328042328 0.7621527777777778 0.7073412698412699 0.7576884920634921 0.7126322751322751 0.7557043650793651 0.720568783068783 0.7559523809523809
0 0.4685846560846561 0.44717261904761907 0.4781746031746032 0.4521329365079365 0.4794973544973545 0.46056547619047616 0.47354497354497355 0.46875 0.46395502645502645 0.47172619047619047 0.45634920634920634 0.4712301587301587 0.4503968253968254 0.46850198412698413 0.44477513227513227 0.4595734126984127 0.45205026455026454 0.44915674603174605 0.46825396825396826 0.44717261904761907
0 0.2833994708994709 0.3774801587301587 0.2896825396825397 0.37971230158730157 0.29828042328042326 0.3871527777777778 0.2943121693121693 0.3978174603174603 0.2837301587301587 0.4017857142857143 0.2724867724867725 0.4000496031746032 0.26256613756613756 0.390625 0.26587301587301587 0.38244047619047616 0.2757936507936508 0.37822420634920634 0.2830687830687831 0.3774801587301587
0 0.3416005291005291 0.46378968253968256 0.3501984126984127 0.4670138888888889 0.3551587301587302 0.4774305555555556 0.3492063492063492 0.48586309523809523 0.33994708994708994 0.4888392857142857 0.328042328042328 0.48759920634920634 0.32242063492063494 0.4806547619047619 0.32142857142857145 0.4729662698412698 0.3263888888888889 0.46651785714285715 0.3412698412698413 0.46378968253968256
0 0.513558201058201 0.5567956349206349 0.5208333333333334 0.5610119047619048 0.5234788359788359 0.5674603174603174 0.5208333333333334 0.576140873015873 0.5119047619047619 0.580109126984127 0.5009920634920635 0.5776289682539683 0.49437830687830686 0.5667162698412699 0.5016534391534392 0.558531746031746 0.5132275132275133 0.5567956349206349