0 0.1578125 0.4953125 0.1609375 0.4984375 0.1609375 0.503125 0.15625 0.509375 0.15 0.5109375 0.115625 0.509375 0.1109375 0.50625 0.109375 0.5 0.1171875 0.4921875 0.15 0.4921875 0.15625 0.4953125
0 0.8109375 0.521875 0.81875 0.5265625 0.8203125 0.5328125 0.8046875 0.54375 0.790625 0.55 0.7828125 0.55 0.7765625 0.54375 0.7765625 0.5390625 0.809375 0.521875
0 0.8828125 0.5328125 0.890625 0.5390625 0.8890625 0.546875 0.8625 0.559375 0.853125 0.559375 0.8453125 0.55625 0.8421875 0.5515625 0.84375 0.5453125 0.865625 0.534375 0.88125 0.5328125
0 0.834375 0.39375 0.8625 0.4078125 0.865625 0.4140625 0.8640625 0.41875 0.8484375 0.4234375 0.821875 0.4109375 0.81875 0.40625 0.81875 0.4015625 0.8234375 0.396875 0.8328125 0.3953125
0 0.2484375 0.48125 0.2546875 0.4875 0.25 0.496875 0.2234375 0.503125 0.2140625 0.503125 0.2078125 0.4984375 0.20625 0.4921875 0.209375 0.4875 0.2328125 0.48125 0.246875 0.48125
0 0.26875 0.5140625 0.2734375 0.515625 0.2796875 0.521875 0.2796875 0.525 0.2671875 0.534375 0.240625 0.5390625 0.2328125 0.5359375 0.23125 0.5265625 0.2421875 0.5203125 0.2671875 0.515625
0 0.36875 0.44375 0.3953125 0.4609375 0.3953125 0.4703125 0.390625 0.4734375 0.375 0.4734375 0.3578125 0.459375 0.35625 0.45 0.3609375 0.4453125 0.3671875 0.44375
0 0.8078125 0.296875 0.8125 0.3015625 0.8125 0.3078125 0.8015625 0.321875 0.7953125 0.3265625 0.7796875 0.3265625 0.775 0.3171875 0.7859375 0.303125 0.7921875 0.2984375 0.80625 0.296875
0 0.1609375 0.5359375 0.1703125 0.5390625 0.1765625 0.5515625 0.178125 0.5671875 0.1734375 0.5703125 0.1578125 0.56875 0.153125 0.5640625 0.1484375 0.553125 0.146875 0.5484375 0.1484375 0.540625 0.159375 0.5359375
0 0.2109375 0.55625 0.2125 0.5578125 0.2359375 0.5578125 0.240625 0.5609375 0.2421875 0.5671875 0.2390625 0.5734375 0.2265625 0.5765625 0.225 0.575 0.221875 0.5765625 0.2 0.575 0.1921875 0.56875 0.196875 0.559375 0.209375 0.55625
0 0.8546875 0.49609375 0.0328125 0.0359375
0 0.3078125 0.49375 0.309375 0.503125 0.3 0.509375 0.26875 0.509375 0.2640625 0.50625 0.2640625 0.496875 0.275 0.4921875 0.3 0.490625 0.30625 0.49375
0 0.221875 0.521875 0.228125 0.525 0.23125 0.540625 0.23125 0.55 0.2265625 0.55625 0.2109375 0.55625 0.20625 0.55 0.20625 0.5265625 0.2125 0.521875 0.2203125 0.521875
0 0.19140625 0.54140625 0.028125 0.0375
0 0.359375 0.29375 0.3671875 0.296875 0.36875 0.3015625 0.3609375 0.315625 0.35 0.3265625 0.3390625 0.325 0.3359375 0.321875 0.3359375 0.315625 0.3484375 0.296875 0.353125 0.29375 0.3578125 0.29375
0 0.3375 0.4953125 0.346875 0.5 0.3484375 0.5046875 0.346875 0.5078125 0.3421875 0.5125 0.321875 0.5203125 0.3078125 0.5203125 0.303125 0.5140625 0.3046875 0.5078125 0.315625 0.5015625 0.3359375 0.4953125
0 0.296875 0.534375 0.3015625 0.5390625 0.3 0.5453125 0.2796875 0.565625 0.2671875 0.565625 0.2609375 0.55625 0.2703125 0.54375 0.2828125 0.5328125 0.2953125 0.534375
0 0.34609375 0.52421875 0.04296875 0.03203125
0 0.8 0.509375 0.8046875 0.5140625 0.8046875 0.521875 0.8015625 0.525 0.784375 0.5296875 0.7796875 0.528125 0.771875 0.5296875 0.7609375 0.5265625 0.75625 0.521875 0.7578125 0.515625 0.765625 0.5109375 0.7984375 0.509375
0 0.3859375 0.4296875 0.4046875 0.4375 0.409375 0.4421875 0.4078125 0.4484375 0.403125 0.453125 0.3890625 0.453125 0.365625 0.440625 0.3640625 0.4359375 0.36875 0.428125 0.384375 0.4296875
0 0.7875 0.3609375 0.79375 0.365625 0.79375 0.375 0.7875 0.384375 0.78125 0.390625 0.7765625 0.3921875 0.7625 0.390625 0.759375 0.3875 0.759375 0.38125 0.771875 0.3640625 0.778125 0.3609375 0.7859375 0.3609375
0 0.240625 0.51015625 0.0484375 0.0234375
0 0.19375 0.571875 0.2078125 0.58125 0.2140625 0.5890625 0.2140625 0.5953125 0.209375 0.6 0.203125 0.6015625 0.1890625 0.596875 0.171875 0.5828125 0.171875 0.578125 0.175 0.5734375 0.1828125 0.5703125 0.1921875 0.571875