0 0.5171875 0.7265625 0.53125 0.734375 0.5640625 0.7671875 0.56875 0.7765625 0.56875 0.7875 0.565625 0.79375 0.553125 0.8046875 0.540625 0.8078125 0.5234375 0.803125 0.4828125 0.7625 0.4796875 0.75625 0.4796875 0.7421875 0.4859375 0.734375 0.5 0.7265625 0.50625 0.725 0.515625 0.7265625
0 0.2421875 0.0125 0.2578125 0.015625 0.2703125 0.021875 0.2734375 0.0296875 0.271875 0.040625 0.26875 0.0453125 0.2609375 0.0484375 0.2109375 0.040625 0.2015625 0.0375 0.19375 0.0296875 0.1953125 0.015625 0.203125 0.0078125 0.2203125 0.0078125 0.240625 0.0125
0 0.4640625 0.5171875 0.4734375 0.521875 0.478125 0.528125 0.478125 0.540625 0.475 0.5453125 0.4578125 0.5546875 0.43125 0.5609375 0.421875 0.565625 0.40625 0.565625 0.39375 0.5609375 0.3875 0.5546875 0.3859375 0.55 0.3859375 0.54375 0.390625 0.5359375 0.396875 0.53125 0.446875 0.515625 0.4625 0.5171875
0 0.4609375 0.4328125 0.4734375 0.4421875 0.475 0.446875 0.4734375 0.4578125 0.446875 0.4828125 0.43125 0.49375 0.4203125 0.49375 0.4046875 0.4875 0.3984375 0.4765625 0.4 0.4671875 0.4390625 0.434375 0.459375 0.4328125
0 0.4203125 0.6765625 0.4328125 0.68125 0.4390625 0.6875 0.440625 0.6921875 0.4390625 0.7234375 0.4375 0.7375 0.4328125 0.7484375 0.4203125 0.759375 0.4125 0.7609375 0.4015625 0.7609375 0.3890625 0.7546875 0.384375 0.7484375 0.3828125 0.7359375 0.3859375 0.721875 0.3875 0.6953125 0.390625 0.6875 0.403125 0.678125 0.41875 0.6765625
0 0.4875 0.7921875 0.496875 0.8 0.5 0.8078125 0.496875 0.825 0.4796875 0.8640625 0.4703125 0.875 0.4546875 0.8828125 0.4390625 0.88125 0.425 0.8703125 0.421875 0.8609375 0.425 0.846875 0.4359375 0.8265625 0.4421875 0.809375 0.45 0.7984375 0.46875 0.7890625 0.4796875 0.7890625 0.4859375 0.7921875
0 0.45625 0.30625 0.471875 0.3140625 0.484375 0.35 0.48125 0.3625 0.46875 0.3703125 0.453125 0.3703125 0.4453125 0.365625 0.43125 0.328125 0.43125 0.3171875 0.4359375 0.3109375 0.446875 0.30625 0.4546875 0.30625
0 0.2109375 0.128125 0.2171875 0.1359375 0.2171875 0.1453125 0.1859375 0.1765625 0.1765625 0.1796875 0.1609375 0.1765625 0.1515625 0.16875 0.15 0.1609375 0.1546875 0.15 0.18125 0.1265625 0.1875 0.1234375 0.1984375 0.1234375 0.209375 0.128125
0 0.4953125 0.365625 0.50625 0.3703125 0.5125 0.378125 0.5296875 0.4140625 0.5265625 0.421875 0.5140625 0.43125 0.5046875 0.43125 0.490625 0.425 0.4828125 0.4171875 0.4671875 0.384375 0.46875 0.3765625 0.4734375 0.3703125 0.4828125 0.365625 0.49375 0.365625
0 0.43125 0.0265625 0.4484375 0.0328125 0.4515625 0.0390625 0.44375 0.0578125 0.4265625 0.0796875 0.4171875 0.0796875 0.4046875 0.075 0.4015625 0.071875 0.4015625 0.0640625 0.403125 0.0578125 0.4203125 0.0328125 0.4296875 0.0265625
0 0.515625 0.271875 0.53125 0.275 0.5359375 0.2796875 0.534375 0.296875 0.5234375 0.3015625 0.475 0.3015625 0.4640625 0.3 0.4515625 0.29375 0.453125 0.2765625 0.459375 0.271875 0.5140625 0.271875