0 0.42063492063492064 0.4181547619047619 0.42857142857142855 0.42162698412698413 0.4341931216931217 0.43278769841269843 0.4289021164021164 0.44221230158730157 0.41898148148148145 0.4466765873015873 0.4041005291005291 0.4444444444444444 0.39914021164021163 0.4392361111111111 0.3968253968253968 0.4312996031746032 0.398478835978836 0.4253472222222222 0.4041005291005291 0.4201388888888889 0.4117063492063492 0.41790674603174605 0.4203042328042328 0.4181547619047619
0 0.44312169312169314 0.7462797619047619 0.4494047619047619 0.7475198412698413 0.4583333333333333 0.753968253968254 0.4623015873015873 0.7624007936507936 0.4566798941798942 0.7730654761904762 0.44246031746031744 0.7787698412698413 0.4289021164021164 0.7762896825396826 0.4209656084656085 0.7653769841269841 0.4279100529100529 0.7514880952380952 0.4427910052910053 0.7462797619047619
0 0.44047619047619047 0.4799107142857143 0.45205026455026454 0.4833829365079365 0.4576719576719577 0.49107142857142855 0.4573412698412698 0.4982638888888889 0.453042328042328 0.5049603174603174 0.44113756613756616 0.5096726190476191 0.4322089947089947 0.5091765873015873 0.42592592592592593 0.5062003968253969 0.41964285714285715 0.4947916666666667 0.42493386243386244 0.4826388888888889 0.43187830687830686 0.4799107142857143 0.4401455026455027 0.4799107142857143
0 0.48544973544973546 0.7085813492063492 0.498015873015873 0.7135416666666666 0.5029761904761905 0.7244543650793651 0.498015873015873 0.7351190476190477 0.4837962962962963 0.7415674603174603 0.47619047619047616 0.7410714285714286 0.4656084656084656 0.7358630952380952 0.4603174603174603 0.7237103174603174 0.46726190476190477 0.7127976190476191 0.47453703703703703 0.7095734126984127 0.4851190476190476 0.7085813492063492
0 0.4583333333333333 0.5868055555555556 0.4705687830687831 0.5910218253968254 0.478505291005291 0.6016865079365079 0.4748677248677249 0.6103670634920635 0.47023809523809523 0.6140873015873016 0.46164021164021163 0.6165674603174603 0.4537037037037037 0.6160714285714286 0.44642857142857145 0.6130952380952381 0.44146825396825395 0.609375 0.43882275132275134 0.6029265873015873 0.4417989417989418 0.591765873015873 0.4487433862433862 0.5877976190476191 0.4580026455026455 0.5868055555555556
0 0.37003968253968256 0.4895833333333333 0.38095238095238093 0.4935515873015873 0.3855820105820106 0.5024801587301587 0.38062169312169314 0.515625 0.3687169312169312 0.519593253968254 0.35912698412698413 0.5193452380952381 0.3525132275132275 0.5163690476190477 0.3462301587301587 0.5047123015873016 0.3488756613756614 0.4982638888888889 0.3558201058201058 0.49231150793650796 0.3697089947089947 0.4895833333333333
0 0.39351851851851855 0.7440476190476191 0.41104497354497355 0.7492559523809523 0.4166666666666667 0.753968253968254 0.41898148148148145 0.7611607142857143 0.41633597883597884 0.769593253968254 0.4113756613756614 0.7755456349206349 0.40244708994708994 0.7805059523809523 0.3941798941798942 0.7822420634920635 0.37996031746031744 0.7777777777777778 0.3716931216931217 0.7661210317460317 0.3726851851851852 0.7591765873015873 0.3819444444444444 0.748015873015873 0.3931878306878307 0.7440476190476191
0 0.3287037037037037 0.7693452380952381 0.3406084656084656 0.7750496031746031 0.3458994708994709 0.7829861111111112 0.3462301587301587 0.7881944444444444 0.34226190476190477 0.7973710317460317 0.328042328042328 0.8058035714285714 0.31183862433862436 0.8013392857142857 0.30687830687830686 0.7966269841269841 0.30456349206349204 0.7886904761904762 0.3115079365079365 0.7755456349206349 0.32076719576719576 0.7700892857142857 0.32837301587301587 0.7693452380952381
0 0.5115740740740741 0.5863095238095238 0.5224867724867724 0.5910218253968254 0.5277777777777778 0.5989583333333334 0.5281084656084656 0.6046626984126984 0.5228174603174603 0.609375 0.5049603174603174 0.6153273809523809 0.4947089947089947 0.6125992063492064 0.48677248677248675 0.6078869047619048 0.48313492063492064 0.6029265873015873 0.4834656084656085 0.5959821428571429 0.4923941798941799 0.5882936507936508 0.5112433862433863 0.5863095238095238
0 0.25992063492063494 0.8439980158730159 0.27314814814814814 0.8482142857142857 0.2791005291005291 0.8635912698412699 0.2724867724867725 0.8747519841269841 0.265542328042328 0.878968253968254 0.25462962962962965 0.8819444444444444 0.24735449735449735 0.8814484126984127 0.24074074074074073 0.8777281746031746 0.2371031746031746 0.8727678571428571 0.23578042328042328 0.8643353174603174 0.23776455026455026 0.857390873015873 0.2443783068783069 0.8492063492063492 0.25165343915343913 0.8449900793650794 0.2595899470899471 0.8439980158730159
0 0.5264550264550265 0.6101190476190477 0.5373677248677249 0.6140873015873016 0.5419973544973545 0.6225198412698413 0.5396825396825397 0.6336805555555556 0.53505291005291 0.6371527777777778 0.5267857142857143 0.6391369047619048 0.5119047619047619 0.6369047619047619 0.5036375661375662 0.6257440476190477 0.503968253968254 0.6190476190476191 0.5076058201058201 0.6148313492063492 0.5181878306878307 0.6103670634920635 0.5261243386243386 0.6101190476190477
0 0.5611772486772487 0.566468253968254 0.5691137566137566 0.5674603174603174 0.578042328042328 0.5719246031746031 0.5796957671957672 0.582093253968254 0.5787037037037037 0.5887896825396826 0.5747354497354498 0.5935019841269841 0.5677910052910053 0.5972222222222222 0.5591931216931217 0.5987103174603174 0.544973544973545 0.5954861111111112 0.541005291005291 0.5920138888888888 0.5396825396825397 0.5848214285714286 0.5453042328042328 0.5709325396825397 0.5522486772486772 0.5674603174603174 0.5608465608465608 0.566468253968254
0 0.36342592592592593 0.6116071428571429 0.37533068783068785 0.6160714285714286 0.3802910052910053 0.6272321428571429 0.37334656084656087 0.6381448412698413 0.35978835978835977 0.6423611111111112 0.35085978835978837 0.6418650793650794 0.3445767195767196 0.6376488095238095 0.3392857142857143 0.6267361111111112 0.3458994708994709 0.6180555555555556 0.3630952380952381 0.6116071428571429
0 0.3726851851851852 0.5414186507936508 0.38392857142857145 0.5458829365079365 0.3862433862433862 0.5540674603174603 0.38227513227513227 0.5647321428571429 0.3773148148148148 0.5682043650793651 0.37003968253968256 0.5696924603174603 0.3558201058201058 0.5672123015873016 0.34953703703703703 0.5607638888888888 0.3488756613756614 0.5538194444444444 0.3521825396825397 0.5481150793650794 0.359457671957672 0.5431547619047619 0.3723544973544973 0.5414186507936508
0 0.4007936507936508 0.6314484126984127 0.4107142857142857 0.636656746031746 0.416005291005291 0.6478174603174603 0.4080687830687831 0.6584821428571429 0.39451058201058203 0.6634424603174603 0.38492063492063494 0.6612103174603174 0.37962962962962965 0.6577380952380952 0.37334656084656087 0.6468253968253969 0.37632275132275134 0.6403769841269841 0.38492063492063494 0.6331845238095238 0.40046296296296297 0.6314484126984127
0 0.4083994708994709 0.5446428571428571 0.4203042328042328 0.5478670634920635 0.42724867724867727 0.5567956349206349 0.42328042328042326 0.5709325396825397 0.41798941798941797 0.5753968253968254 0.40906084656084657 0.5778769841269841 0.4007936507936508 0.5771329365079365 0.38855820105820105 0.5724206349206349 0.3845899470899471 0.564484126984127 0.38955026455026454 0.5510912698412699 0.3974867724867725 0.5466269841269841 0.4080687830687831 0.5446428571428571
0 0.4060846560846561 0.5121527777777778 0.4183201058201058 0.5146329365079365 0.4255952380952381 0.5223214285714286 0.4236111111111111 0.5314980158730159 0.4166666666666667 0.5379464285714286 0.4080687830687831 0.5409226190476191 0.390542328042328 0.5369543650793651 0.38492063492063494 0.5329861111111112 0.3826058201058201 0.5270337301587301 0.3869047619047619 0.5163690476190477 0.39384920634920634 0.5133928571428571 0.40575396825396826 0.5121527777777778
0 0.4044312169312169 0.4749503968253968 0.4183201058201058 0.4809027777777778 0.4203042328042328 0.4915674603174603 0.4130291005291005 0.5017361111111112 0.40046296296296297 0.5057043650793651 0.39351851851851855 0.5057043650793651 0.3862433862433862 0.5029761904761905 0.38095238095238093 0.4937996031746032 0.38657407407407407 0.4809027777777778 0.39384920634920634 0.4759424603174603 0.4041005291005291 0.4749503968253968
0 0.31084656084656087 0.8010912698412699 0.328042328042328 0.8053075396825397 0.33101851851851855 0.8102678571428571 0.33201058201058203 0.8214285714285714 0.3247354497354497 0.8313492063492064 0.3187830687830688 0.8350694444444444 0.30324074074074076 0.8368055555555556 0.2926587301587302 0.8333333333333334 0.28703703703703703 0.828125 0.28703703703703703 0.8214285714285714 0.2926587301587302 0.810515873015873 0.29993386243386244 0.8050595238095238 0.310515873015873 0.8013392857142857
0 0.6236772486772487 0.6475694444444444 0.6332671957671958 0.6535218253968254 0.6372354497354498 0.6619543650793651 0.6352513227513228 0.6723710317460317 0.6296296296296297 0.6773313492063492 0.6236772486772487 0.6788194444444444 0.605489417989418 0.6765873015873016 0.5985449735449735 0.6711309523809523 0.5958994708994709 0.6656746031746031 0.5965608465608465 0.6577380952380952 0.6044973544973545 0.6493055555555556 0.6121031746031746 0.6473214285714286 0.6233465608465608 0.6475694444444444
0 0.5436507936507936 0.5138888888888888 0.5552248677248677 0.5188492063492064 0.5572089947089947 0.5295138888888888 0.5502645502645502 0.5391865079365079 0.5396825396825397 0.5419146825396826 0.5257936507936508 0.5386904761904762 0.5198412698412699 0.5327380952380952 0.5191798941798942 0.5265376984126984 0.5257936507936508 0.5173611111111112 0.5433201058201058 0.5138888888888888
0 0.42724867724867727 0.451140873015873 0.43716931216931215 0.4548611111111111 0.44246031746031744 0.4652777777777778 0.4365079365079365 0.4751984126984127 0.42328042328042326 0.4799107142857143 0.4060846560846561 0.4749503968253968 0.40244708994708994 0.46304563492063494 0.4070767195767196 0.45634920634920634 0.4130291005291005 0.45287698412698413 0.4269179894179894 0.451140873015873
0 0.421957671957672 0.5860615079365079 0.4289021164021164 0.5877976190476191 0.4332010582010582 0.5912698412698413 0.43716931216931215 0.5979662698412699 0.43783068783068785 0.6063988095238095 0.4312169312169312 0.6130952380952381 0.42162698412698413 0.6173115079365079 0.40773809523809523 0.6153273809523809 0.40046296296296297 0.609375 0.3994708994708995 0.6059027777777778 0.40046296296296297 0.5994543650793651 0.40773809523809523 0.5905257936507936 0.42162698412698413 0.5860615079365079
0 0.3455687830687831 0.6421130952380952 0.35615079365079366 0.6488095238095238 0.35912698412698413 0.6589781746031746 0.3521825396825397 0.6688988095238095 0.3445767195767196 0.6731150793650794 0.3373015873015873 0.6743551587301587 0.3287037037037037 0.6736111111111112 0.3201058201058201 0.6684027777777778 0.31547619047619047 0.6614583333333334 0.31547619047619047 0.6540178571428571 0.32705026455026454 0.6438492063492064 0.33564814814814814 0.6416170634920635 0.34523809523809523 0.6421130952380952
0 0.3915343915343915 0.5746527777777778 0.4044312169312169 0.5808531746031746 0.40674603174603174 0.5887896825396826 0.3998015873015873 0.5989583333333334 0.38822751322751325 0.6039186507936508 0.3802910052910053 0.6034226190476191 0.3723544973544973 0.5994543650793651 0.36772486772486773 0.5882936507936508 0.3740079365079365 0.5778769841269841 0.38095238095238093 0.5751488095238095 0.3912037037037037 0.5746527777777778
0 0.5264550264550265 0.5615079365079365 0.5386904761904762 0.5667162698412699 0.5423280423280423 0.5749007936507936 0.5376984126984127 0.5853174603174603 0.5234788359788359 0.5900297619047619 0.5062830687830688 0.5833333333333334 0.5029761904761905 0.5734126984126984 0.5049603174603174 0.5674603174603174 0.5119047619047619 0.5622519841269841 0.5261243386243386 0.5615079365079365
0 0.5863095238095238 0.699156746031746 0.5992063492063492 0.7053571428571429 0.6028439153439153 0.7177579365079365 0.5949074074074074 0.7281746031746031 0.580026455026455 0.7333829365079365 0.5681216931216931 0.7321428571428571 0.5601851851851852 0.7271825396825397 0.5558862433862434 0.7199900793650794 0.5558862433862434 0.7140376984126984 0.5598544973544973 0.7063492063492064 0.5671296296296297 0.701140873015873 0.5859788359788359 0.699156746031746
0 0.44212962962962965 0.5277777777777778 0.4537037037037037 0.5329861111111112 0.4583333333333333 0.5438988095238095 0.4523809523809524 0.5538194444444444 0.43915343915343913 0.5567956349206349 0.4289021164021164 0.5545634920634921 0.42493386243386244 0.5510912698412699 0.41964285714285715 0.5434027777777778 0.41964285714285715 0.5379464285714286 0.42857142857142855 0.529265873015873 0.4417989417989418 0.5277777777777778
0 0.3425925925925926 0.5811011904761905 0.35813492063492064 0.5845734126984127 0.36342592592592593 0.5885416666666666 0.3654100529100529 0.5959821428571429 0.3601190476190476 0.6091269841269841 0.3525132275132275 0.6135912698412699 0.3419312169312169 0.6153273809523809 0.3316798941798942 0.6138392857142857 0.3263888888888889 0.6106150793650794 0.3210978835978836 0.6031746031746031 0.3210978835978836 0.5979662698412699 0.32936507936507936 0.5850694444444444 0.34226190476190477 0.5811011904761905
0 0.501984126984127 0.5203373015873016 0.5122354497354498 0.5245535714285714 0.515542328042328 0.5364583333333334 0.5109126984126984 0.5436507936507936 0.49603174603174605 0.5486111111111112 0.48412698412698413 0.546875 0.4798280423280423 0.5443948412698413 0.47685185185185186 0.5399305555555556 0.4771825396825397 0.5319940476190477 0.48578042328042326 0.5223214285714286 0.5016534391534392 0.5203373015873016
0 0.3740079365079365 0.7777777777777778 0.38525132275132273 0.7847222222222222 0.38822751322751325 0.796875 0.38425925925925924 0.8072916666666666 0.37996031746031744 0.810515873015873 0.37003968253968256 0.8129960317460317 0.3568121693121693 0.8110119047619048 0.35085978835978837 0.8070436507936508 0.3478835978835979 0.8028273809523809 0.34656084656084657 0.7926587301587301 0.35085978835978837 0.785218253968254 0.36044973544973546 0.7790178571428571 0.37367724867724866 0.7777777777777778