0 0.8561507936507936 0.8965773809523809 0.8697089947089947 0.8978174603174603 0.8832671957671958 0.9032738095238095 0.8908730158730159 0.9092261904761905 0.8978174603174603 0.9216269841269841 0.8994708994708994 0.9312996031746031 0.8974867724867724 0.9402281746031746 0.8835978835978836 0.9516369047619048 0.875 0.9548611111111112 0.8548280423280423 0.9476686507936508 0.8376322751322751 0.9288194444444444 0.8359788359788359 0.9149305555555556 0.8382936507936508 0.9055059523809523 0.845568783068783 0.8980654761904762 0.8558201058201058 0.8965773809523809
0 0.8531746031746031 0.8447420634920635 0.8591269841269841 0.8489583333333334 0.8693783068783069 0.8504464285714286 0.8779761904761905 0.8544146825396826 0.8878968253968254 0.8618551587301587 0.890542328042328 0.8665674603174603 0.8938492063492064 0.8792162698412699 0.8921957671957672 0.8903769841269841 0.8875661375661376 0.894593253968254 0.876984126984127 0.8985615079365079 0.841931216931217 0.8955853174603174 0.8313492063492064 0.886656746031746 0.8290343915343915 0.8737599206349206 0.8306878306878307 0.8588789682539683 0.8458994708994709 0.8459821428571429 0.8528439153439153 0.8447420634920635
0 0.9236111111111112 0.7810019841269841 0.9315476190476191 0.783234126984127 0.9474206349206349 0.7934027777777778 0.9540343915343915 0.8072916666666666 0.9497354497354498 0.8179563492063492 0.9404761904761905 0.8263888888888888 0.9229497354497355 0.8286210317460317 0.9176587301587301 0.828125 0.9093915343915344 0.8169642857142857 0.8895502645502645 0.8055555555555556 0.8882275132275133 0.798859126984127 0.8915343915343915 0.7951388888888888 0.9047619047619048 0.7941468253968254 0.9093915343915344 0.7919146825396826 0.9186507936507936 0.7824900793650794 0.9232804232804233 0.7810019841269841
0 0.890542328042328 0.8062996031746031 0.9083994708994709 0.8159722222222222 0.9173280423280423 0.8345734126984127 0.9163359788359788 0.8452380952380952 0.9110449735449735 0.8526785714285714 0.9037698412698413 0.8566468253968254 0.890542328042328 0.8596230158730159 0.8578042328042328 0.8439980158730159 0.8538359788359788 0.8400297619047619 0.8515211640211641 0.830109126984127 0.853505291005291 0.8244047619047619 0.873015873015873 0.8157242063492064 0.8806216931216931 0.8077876984126984 0.8902116402116402 0.8062996031746031
0 0.8908730158730159 0.7490079365079365 0.9050925925925926 0.7547123015873016 0.9143518518518519 0.7621527777777778 0.9209656084656085 0.7797619047619048 0.9163359788359788 0.7886904761904762 0.9077380952380952 0.7941468253968254 0.8872354497354498 0.7971230158730159 0.8802910052910053 0.7953869047619048 0.8746693121693122 0.7842261904761905 0.8611111111111112 0.7740575396825397 0.8587962962962963 0.7688492063492064 0.8624338624338624 0.7601686507936508 0.8700396825396826 0.7522321428571429 0.8759920634920635 0.75 0.890542328042328 0.7490079365079365
0 0.7724867724867724 0.8621031746031746 0.779431216931217 0.863343253968254 0.7972883597883598 0.873015873015873 0.8052248677248677 0.8834325396825397 0.8078703703703703 0.8931051587301587 0.8072089947089947 0.9040178571428571 0.8019179894179894 0.9151785714285714 0.7900132275132276 0.9226190476190477 0.779431216931217 0.9241071428571429 0.7658730158730159 0.9236111111111112 0.7585978835978836 0.9206349206349206 0.7447089947089947 0.9045138888888888 0.7414021164021164 0.8960813492063492 0.7447089947089947 0.878968253968254 0.7585978835978836 0.8645833333333334 0.7721560846560847 0.8621031746031746
0 0.7139550264550265 0.9484126984126984 0.7275132275132276 0.9595734126984127 0.7334656084656085 0.9732142857142857 0.7331349206349206 0.9875992063492064 0.7265211640211641 0.9997519841269841 0.6769179894179894 0.9997519841269841 0.6765873015873016 0.9977678571428571 0.6686507936507936 0.9945436507936508 0.6617063492063492 0.9816468253968254 0.6617063492063492 0.966765873015873 0.6716269841269841 0.9543650793650794 0.683531746031746 0.9501488095238095 0.7136243386243386 0.9484126984126984
0 0.7939814814814815 0.8110119047619048 0.8048941798941799 0.8167162698412699 0.8111772486772487 0.8234126984126984 0.816468253968254 0.8350694444444444 0.8171296296296297 0.8447420634920635 0.8108465608465608 0.8559027777777778 0.7972883597883598 0.8628472222222222 0.7863756613756614 0.8653273809523809 0.7549603174603174 0.8635912698412699 0.7450396825396826 0.855406746031746 0.7427248677248677 0.8487103174603174 0.7483465608465608 0.8395337301587301 0.767526455026455 0.8273809523809523 0.7734788359788359 0.8122519841269841 0.7936507936507936 0.8110119047619048
0 0.7972883597883598 0.7614087301587301 0.8091931216931217 0.7651289682539683 0.8214285714285714 0.7760416666666666 0.8253968253968254 0.7854662698412699 0.8250661375661376 0.7936507936507936 0.8141534391534392 0.8050595238095238 0.7791005291005291 0.8125 0.7761243386243386 0.8125 0.7724867724867724 0.8090277777777778 0.767526455026455 0.7983630952380952 0.7589285714285714 0.7899305555555556 0.7612433862433863 0.7720734126984127 0.7652116402116402 0.7671130952380952 0.796957671957672 0.7614087301587301
0 0.876984126984127 0.6850198412698413 0.8938492063492064 0.6927083333333334 0.8978174603174603 0.6961805555555556 0.9017857142857143 0.7063492063492064 0.9007936507936508 0.7170138888888888 0.8974867724867724 0.7224702380952381 0.8869047619047619 0.7306547619047619 0.8806216931216931 0.7318948412698413 0.8624338624338624 0.7313988095238095 0.8544973544973545 0.7289186507936508 0.83994708994709 0.7103174603174603 0.8412698412698413 0.7008928571428571 0.8452380952380952 0.6966765873015873 0.8766534391534392 0.6850198412698413
0 0.6752645502645502 0.8898809523809523 0.6868386243386243 0.8928571428571429 0.708994708994709 0.9040178571428571 0.7156084656084656 0.9109623015873016 0.7215608465608465 0.9246031746031746 0.7202380952380952 0.9345238095238095 0.7099867724867724 0.9469246031746031 0.6832010582010583 0.9513888888888888 0.6732804232804233 0.9506448412698413 0.6607142857142857 0.9432043650793651 0.6471560846560847 0.9260912698412699 0.6455026455026455 0.9201388888888888 0.6461640211640212 0.9079861111111112 0.6537698412698413 0.8975694444444444 0.6683201058201058 0.8903769841269841 0.6749338624338624 0.8898809523809523
0 0.8174603174603174 0.7041170634920635 0.8277116402116402 0.7053571428571429 0.8363095238095238 0.7095734126984127 0.8505291005291006 0.7232142857142857 0.8488756613756614 0.7400793650793651 0.843584656084656 0.7487599206349206 0.8267195767195767 0.7552083333333334 0.8072089947089947 0.7544642857142857 0.8025793650793651 0.7512400793650794 0.8012566137566137 0.7331349206349206 0.7857142857142857 0.7204861111111112 0.7939814814814815 0.7095734126984127 0.8045634920634921 0.7056051587301587 0.8171296296296297 0.7043650793650794
0 0.7420634920634921 0.7854662698412699 0.7585978835978836 0.7921626984126984 0.7662037037037037 0.7986111111111112 0.7708333333333334 0.8157242063492064 0.7658730158730159 0.828125 0.7523148148148148 0.8360615079365079 0.7417328042328042 0.8390376984126984 0.7268518518518519 0.8385416666666666 0.7156084656084656 0.832093253968254 0.7063492063492064 0.8221726190476191 0.7040343915343915 0.8122519841269841 0.7053571428571429 0.7993551587301587 0.7132936507936508 0.7896825396825397 0.7235449735449735 0.7857142857142857 0.7417328042328042 0.7854662698412699
0 0.6941137566137566 0.8266369047619048 0.7037037037037037 0.8311011904761905 0.7136243386243386 0.841765873015873 0.7175925925925926 0.8519345238095238 0.7175925925925926 0.8663194444444444 0.7139550264550265 0.873015873015873 0.7033730158730159 0.8807043650793651 0.6825396825396826 0.8849206349206349 0.6686507936507936 0.8834325396825397 0.656084656084656 0.8732638888888888 0.6491402116402116 0.8628472222222222 0.6484788359788359 0.845734126984127 0.6507936507936508 0.8420138888888888 0.6617063492063492 0.8405257936507936 0.6709656084656085 0.8365575396825397 0.685515873015873 0.8258928571428571 0.6937830687830688 0.8266369047619048
0 0.8432539682539683 0.6478174603174603 0.8601190476190477 0.6502976190476191 0.8703703703703703 0.6609623015873016 0.8766534391534392 0.6716269841269841 0.8766534391534392 0.6788194444444444 0.8716931216931217 0.685515873015873 0.8621031746031746 0.6904761904761905 0.845568783068783 0.6951884920634921 0.8293650793650794 0.6932043650793651 0.8204365079365079 0.6879960317460317 0.8187830687830688 0.6850198412698413 0.8220899470899471 0.6741071428571429 0.8148148148148148 0.6612103174603174 0.816468253968254 0.6545138888888888 0.8207671957671958 0.6510416666666666 0.8333333333333334 0.6473214285714286 0.8429232804232805 0.6478174603174603
0 0.7731481481481481 0.7152777777777778 0.792989417989418 0.7232142857142857 0.8025793650793651 0.7331349206349206 0.8045634920634921 0.7423115079365079 0.8015873015873016 0.7542162698412699 0.7953042328042328 0.7614087301587301 0.7784391534391535 0.7666170634920635 0.7668650793650794 0.767609126984127 0.7506613756613757 0.7624007936507936 0.7466931216931217 0.7475198412698413 0.7377645502645502 0.7375992063492064 0.7361111111111112 0.730406746031746 0.7443783068783069 0.7202380952380952 0.7582671957671958 0.7192460317460317 0.7728174603174603 0.7152777777777778
0 0.8796296296296297 0.6118551587301587 0.894510582010582 0.6153273809523809 0.9011243386243386 0.6202876984126984 0.908068783068783 0.6302083333333334 0.9097222222222222 0.640625 0.908068783068783 0.6470734126984127 0.9011243386243386 0.6545138888888888 0.8898809523809523 0.6614583333333334 0.8776455026455027 0.6646825396825397 0.873015873015873 0.6631944444444444 0.8601190476190477 0.6495535714285714 0.8452380952380952 0.6463293650793651 0.8432539682539683 0.6403769841269841 0.8458994708994709 0.6304563492063492 0.8538359788359788 0.6183035714285714 0.8716931216931217 0.6118551587301587 0.8792989417989417 0.6118551587301587
0 0.7238756613756614 0.7313988095238095 0.732473544973545 0.7341269841269841 0.7443783068783069 0.7447916666666666 0.7483465608465608 0.7517361111111112 0.7490079365079365 0.7619047619047619 0.7420634920634921 0.7720734126984127 0.7351190476190477 0.7770337301587301 0.7202380952380952 0.7814980158730159 0.6891534391534392 0.7700892857142857 0.6845238095238095 0.761656746031746 0.691468253968254 0.7393353174603174 0.7235449735449735 0.7313988095238095
0 0.6511243386243386 0.7834821428571429 0.6716269841269841 0.7869543650793651 0.6825396825396826 0.7924107142857143 0.6884920634920635 0.8035714285714286 0.6891534391534392 0.8139880952380952 0.6861772486772487 0.824156746031746 0.6782407407407407 0.8315972222222222 0.6646825396825397 0.8385416666666666 0.6507936507936508 0.8415178571428571 0.6388888888888888 0.8387896825396826 0.6233465608465608 0.8315972222222222 0.6173941798941799 0.8246527777777778 0.6140873015873016 0.814484126984127 0.6154100529100529 0.7996031746031746 0.6187169312169312 0.7931547619047619 0.6362433862433863 0.785218253968254 0.6507936507936508 0.7834821428571429
0 0.7503306878306878 0.6664186507936508 0.7585978835978836 0.6676587301587301 0.7708333333333334 0.6746031746031746 0.7797619047619048 0.6847718253968254 0.7817460317460317 0.6971726190476191 0.7764550264550265 0.7080853174603174 0.769510582010582 0.7145337301587301 0.7619047619047619 0.7185019841269841 0.7450396825396826 0.7197420634920635 0.730489417989418 0.7150297619047619 0.7136243386243386 0.6852678571428571 0.7192460317460317 0.6750992063492064 0.7298280423280423 0.6681547619047619 0.75 0.6664186507936508
0 0.6984126984126984 0.6815476190476191 0.7113095238095238 0.6877480158730159 0.7208994708994709 0.6986607142857143 0.7275132275132276 0.7095734126984127 0.7281746031746031 0.7177579365079365 0.7172619047619048 0.7316468253968254 0.6960978835978836 0.7373511904761905 0.6901455026455027 0.736359126984127 0.6825396825396826 0.7237103174603174 0.6703042328042328 0.7145337301587301 0.6689814814814815 0.7095734126984127 0.6828703703703703 0.6961805555555556 0.6901455026455027 0.6820436507936508 0.6980820105820106 0.6815476190476191
0 0.5618386243386243 0.8092757936507936 0.5744047619047619 0.8110119047619048 0.5916005291005291 0.8204365079365079 0.5992063492063492 0.8276289682539683 0.6018518518518519 0.8375496031746031 0.5988756613756614 0.8499503968253969 0.5916005291005291 0.8591269841269841 0.5796957671957672 0.8668154761904762 0.5648148148148148 0.8700396825396826 0.5433201058201058 0.8680555555555556 0.531084656084656 0.8625992063492064 0.531084656084656 0.8430059523809523 0.5271164021164021 0.8315972222222222 0.5317460317460317 0.8236607142857143 0.5439814814814815 0.8137400793650794 0.5512566137566137 0.8102678571428571 0.5615079365079365 0.8092757936507936
0 0.7724867724867724 0.5496031746031746 0.7913359788359788 0.5560515873015873 0.8002645502645502 0.5652281746031746 0.8025793650793651 0.5711805555555556 0.8022486772486772 0.5806051587301587 0.7979497354497355 0.5887896825396826 0.7873677248677249 0.5947420634920635 0.7744708994708994 0.5974702380952381 0.7645502645502645 0.5974702380952381 0.7516534391534392 0.59375 0.7466931216931217 0.5885416666666666 0.7443783068783069 0.5788690476190477 0.7457010582010583 0.5637400793650794 0.7552910052910053 0.5587797619047619 0.765542328042328 0.5498511904761905 0.7721560846560847 0.5496031746031746
0 0.6537698412698413 0.6564980158730159 0.6646825396825397 0.6574900793650794 0.6779100529100529 0.6639384920634921 0.689484126984127 0.6812996031746031 0.6861772486772487 0.6919642857142857 0.6789021164021164 0.701140873015873 0.6703042328042328 0.707093253968254 0.6593915343915344 0.7093253968253969 0.6438492063492064 0.7083333333333334 0.6292989417989417 0.7033730158730159 0.6193783068783069 0.6932043650793651 0.6157407407407407 0.6840277777777778 0.6177248677248677 0.6733630952380952 0.6296296296296297 0.6624503968253969 0.640542328042328 0.6569940476190477 0.6534391534391535 0.6564980158730159
0 0.591931216931217 0.7271825396825397 0.6117724867724867 0.7341269841269841 0.6233465608465608 0.7445436507936508 0.6246693121693122 0.7485119047619048 0.6233465608465608 0.7628968253968254 0.6167328042328042 0.7755456349206349 0.6028439153439153 0.7867063492063492 0.591931216931217 0.7884424603174603 0.5714285714285714 0.7879464285714286 0.5631613756613757 0.7839781746031746 0.5453042328042328 0.7529761904761905 0.5496031746031746 0.7408234126984127 0.5601851851851852 0.7328869047619048 0.5704365079365079 0.7289186507936508 0.5916005291005291 0.7271825396825397
0 0.49867724867724866 0.816468253968254 0.5122354497354498 0.8196924603174603 0.5228174603174603 0.8278769841269841 0.5297619047619048 0.8390376984126984 0.5307539682539683 0.8494543650793651 0.5271164021164021 0.8625992063492064 0.5231481481481481 0.8668154761904762 0.5125661375661376 0.8742559523809523 0.49702380952380953 0.8774801587301587 0.48048941798941797 0.8754960317460317 0.4669312169312169 0.8695436507936508 0.4593253968253968 0.8563988095238095 0.4580026455026455 0.8472222222222222 0.4623015873015873 0.8338293650793651 0.47023809523809523 0.824156746031746 0.48478835978835977 0.8177083333333334 0.49834656084656087 0.816468253968254
0 0.42923280423280424 0.888640873015873 0.44312169312169314 0.8933531746031746 0.453042328042328 0.9012896825396826 0.46130952380952384 0.9144345238095238 0.4619708994708995 0.9226190476190477 0.4566798941798942 0.9389880952380952 0.45006613756613756 0.9474206349206349 0.4298941798941799 0.9565972222222222 0.41898148148148145 0.9583333333333334 0.4087301587301587 0.9565972222222222 0.39384920634920634 0.9466765873015873 0.38293650793650796 0.9352678571428571 0.3792989417989418 0.9241071428571429 0.3869047619047619 0.9047619047619048 0.398478835978836 0.8936011904761905 0.40575396825396826 0.8896329365079365 0.4289021164021164 0.888640873015873
0 0.7652116402116402 0.6009424603174603 0.7791005291005291 0.6046626984126984 0.7870370370370371 0.611359126984127 0.7906746031746031 0.6197916666666666 0.7863756613756614 0.6371527777777778 0.7764550264550265 0.6455853174603174 0.7665343915343915 0.6483134920634921 0.751984126984127 0.6475694444444444 0.7334656084656085 0.6421130952380952 0.7265211640211641 0.6346726190476191 0.7245370370370371 0.6272321428571429 0.7271825396825397 0.6128472222222222 0.7361111111111112 0.6049107142857143 0.7483465608465608 0.6009424603174603 0.7648809523809523 0.6009424603174603
0 0.5988756613756614 0.6217757936507936 0.6071428571428571 0.623015873015873 0.6197089947089947 0.628968253968254 0.6283068783068783 0.6369047619047619 0.6332671957671958 0.6475694444444444 0.6316137566137566 0.6592261904761905 0.621031746031746 0.6696428571428571 0.6130952380952381 0.673859126984127 0.6005291005291006 0.6750992063492064 0.5889550264550265 0.6726190476190477 0.5813492063492064 0.6686507936507936 0.5704365079365079 0.6594742063492064 0.5677910052910053 0.6510416666666666 0.5793650793650794 0.6359126984126984 0.5826719576719577 0.6259920634920635 0.5985449735449735 0.6217757936507936
0 0.4123677248677249 0.7708333333333334 0.42956349206349204 0.7752976190476191 0.439484126984127 0.7824900793650794 0.44742063492063494 0.7963789682539683 0.4480820105820106 0.8053075396825397 0.44543650793650796 0.8174603174603174 0.4375 0.828125 0.42824074074074076 0.8350694444444444 0.41005291005291006 0.8395337301587301 0.3974867724867725 0.8387896825396826 0.3792989417989418 0.8286210317460317 0.373015873015873 0.8179563492063492 0.37202380952380953 0.8058035714285714 0.37533068783068785 0.7926587301587301 0.3819444444444444 0.7849702380952381 0.41203703703703703 0.7708333333333334
0 0.3402777777777778 0.9097222222222222 0.35383597883597884 0.9174107142857143 0.3630952380952381 0.9322916666666666 0.3644179894179894 0.9561011904761905 0.35978835978835977 0.9650297619047619 0.3492063492063492 0.9744543650793651 0.33564814814814814 0.9809027777777778 0.31812169312169314 0.984375 0.3062169312169312 0.9821428571428571 0.289021164021164 0.9637896825396826 0.28505291005291006 0.9556051587301587 0.28604497354497355 0.9466765873015873 0.29662698412698413 0.9308035714285714 0.31084656084656087 0.9171626984126984 0.3220899470899471 0.9112103174603174 0.33994708994708994 0.9097222222222222
0 0.26322751322751325 0.951140873015873 0.2771164021164021 0.955109126984127 0.296957671957672 0.972718253968254 0.3002645502645503 0.9836309523809523 0.29728835978835977 0.9997519841269841 0.20767195767195767 0.9997519841269841 0.20667989417989419 0.9945436507936508 0.2123015873015873 0.980406746031746 0.2371031746031746 0.9558531746031746 0.2542989417989418 0.9508928571428571 0.2628968253968254 0.951140873015873
0 0.7876984126984127 0.6495535714285714 0.7999338624338624 0.6515376984126984 0.8108465608465608 0.6577380952380952 0.8220899470899471 0.6748511904761905 0.8115079365079365 0.6932043650793651 0.7972883597883598 0.6979166666666666 0.7827380952380952 0.6964285714285714 0.7771164021164021 0.6812996031746031 0.7592592592592593 0.6651785714285714 0.7688492063492064 0.6530257936507936 0.7757936507936508 0.6498015873015873 0.7873677248677249 0.6495535714285714
0 0.8505291005291006 0.5701884920634921 0.8624338624338624 0.5724206349206349 0.8740079365079365 0.578125 0.8799603174603174 0.5877976190476191 0.8809523809523809 0.5944940476190477 0.8802910052910053 0.5999503968253969 0.8733465608465608 0.6106150793650794 0.8531746031746031 0.6173115079365079 0.8369708994708994 0.6135912698412699 0.830026455026455 0.5999503968253969 0.8177910052910053 0.5882936507936508 0.8207671957671958 0.5813492063492064 0.830026455026455 0.574156746031746 0.8501984126984127 0.5701884920634921
0 0.8015873015873016 0.5895337301587301 0.8171296296296297 0.5910218253968254 0.8244047619047619 0.5954861111111112 0.8313492063492064 0.6026785714285714 0.8353174603174603 0.6165674603174603 0.8323412698412699 0.6237599206349206 0.8240740740740741 0.6309523809523809 0.8141534391534392 0.6344246031746031 0.7982804232804233 0.6354166666666666 0.7890211640211641 0.6339285714285714 0.7906746031746031 0.6168154761904762 0.7840608465608465 0.6078869047619048 0.7764550264550265 0.6024305555555556 0.7764550264550265 0.5987103174603174 0.8012566137566137 0.5895337301587301
0 0.6570767195767195 0.7113095238095238 0.6716269841269841 0.7152777777777778 0.6798941798941799 0.720734126984127 0.6868386243386243 0.7296626984126984 0.6891534391534392 0.7371031746031746 0.6888227513227513 0.7492559523809523 0.6828703703703703 0.761656746031746 0.6785714285714286 0.765625 0.6646825396825397 0.7708333333333334 0.6468253968253969 0.769593253968254 0.6296296296296297 0.7606646825396826 0.6256613756613757 0.7467757936507936 0.6160714285714286 0.734375 0.6193783068783069 0.7271825396825397 0.6326058201058201 0.7157738095238095 0.6435185185185185 0.7120535714285714 0.6567460317460317 0.7113095238095238
0 0.6974206349206349 0.6279761904761905 0.7063492063492064 0.6299603174603174 0.718915343915344 0.6364087301587301 0.7261904761904762 0.6436011904761905 0.7291666666666666 0.6507936507936508 0.7281746031746031 0.6624503968253969 0.7235449735449735 0.6693948412698413 0.7146164021164021 0.6760912698412699 0.7000661375661376 0.6795634920634921 0.6891534391534392 0.6770833333333334 0.6818783068783069 0.6661706349206349 0.6703042328042328 0.6552579365079365 0.6709656084656085 0.6505456349206349 0.6802248677248677 0.6423611111111112 0.6891534391534392 0.6294642857142857 0.6970899470899471 0.6279761904761905
0 0.8148148148148148 0.5228174603174603 0.828042328042328 0.5290178571428571 0.8349867724867724 0.5364583333333334 0.8386243386243386 0.5436507936507936 0.8386243386243386 0.5533234126984127 0.8323412698412699 0.560515873015873 0.8247354497354498 0.5647321428571429 0.8048941798941799 0.5687003968253969 0.7893518518518519 0.5553075396825397 0.77744708994709 0.5505952380952381 0.7751322751322751 0.5471230158730159 0.7757936507936508 0.5399305555555556 0.781084656084656 0.53125 0.814484126984127 0.5228174603174603
0 0.6646825396825397 0.5999503968253969 0.6749338624338624 0.6044146825396826 0.6825396825396826 0.6108630952380952 0.6888227513227513 0.626984126984127 0.6871693121693122 0.6331845238095238 0.6779100529100529 0.6448412698412699 0.6683201058201058 0.6515376984126984 0.6590608465608465 0.6527777777777778 0.6491402116402116 0.652281746031746 0.6362433862433863 0.6470734126984127 0.6200396825396826 0.6267361111111112 0.6193783068783069 0.6225198412698413 0.6263227513227513 0.6086309523809523 0.6339285714285714 0.6021825396825397 0.6491402116402116 0.5982142857142857 0.6643518518518519 0.5999503968253969
0 0.7390873015873016 0.5146329365079365 0.7513227513227513 0.5181051587301587 0.7605820105820106 0.5250496031746031 0.7658730158730159 0.5314980158730159 0.7671957671957672 0.5401785714285714 0.765542328042328 0.5486111111111112 0.7599206349206349 0.5555555555555556 0.7486772486772487 0.5625 0.7387566137566137 0.5632440476190477 0.7195767195767195 0.5607638888888888 0.7053571428571429 0.5543154761904762 0.6997354497354498 0.5339781746031746 0.703042328042328 0.5265376984126984 0.7126322751322751 0.5168650793650794 0.7387566137566137 0.5146329365079365
0 0.7857142857142857 0.47346230158730157 0.7939814814814815 0.47693452380952384 0.8138227513227513 0.49107142857142855 0.8174603174603174 0.49875992063492064 0.8177910052910053 0.5084325396825397 0.8101851851851852 0.5215773809523809 0.7840608465608465 0.5290178571428571 0.769510582010582 0.527281746031746 0.7622354497354498 0.5240575396825397 0.7529761904761905 0.5161210317460317 0.7490079365079365 0.5052083333333334 0.7572751322751323 0.48115079365079366 0.7721560846560847 0.47371031746031744 0.7853835978835979 0.47346230158730157
0 0.5608465608465608 0.6674107142857143 0.5681216931216931 0.6703869047619048 0.578042328042328 0.6790674603174603 0.5846560846560847 0.6892361111111112 0.5866402116402116 0.6976686507936508 0.5737433862433863 0.716765873015873 0.5671296296296297 0.7209821428571429 0.5542328042328042 0.7232142857142857 0.5396825396825397 0.7209821428571429 0.5257936507936508 0.7130456349206349 0.5188492063492064 0.7008928571428571 0.5178571428571429 0.6924603174603174 0.5218253968253969 0.6820436507936508 0.5291005291005291 0.673859126984127 0.544973544973545 0.6676587301587301 0.560515873015873 0.6674107142857143
0 0.6765873015873016 0.5220734126984127 0.6901455026455027 0.5252976190476191 0.6960978835978836 0.5295138888888888 0.7023809523809523 0.5434027777777778 0.6997354497354498 0.5565476190476191 0.6927910052910053 0.5612599206349206 0.6822089947089947 0.5642361111111112 0.6646825396825397 0.5615079365079365 0.6583994708994709 0.5562996031746031 0.6603835978835979 0.5391865079365079 0.6577380952380952 0.529265873015873 0.6646825396825397 0.5238095238095238 0.6762566137566137 0.5220734126984127
0 0.7212301587301587 0.46875 0.7407407407407407 0.4729662698412698 0.7470238095238095 0.47668650793650796 0.7523148148148148 0.482390873015873 0.7529761904761905 0.49206349206349204 0.7443783068783069 0.5091765873015873 0.7351190476190477 0.5138888888888888 0.7146164021164021 0.515625 0.7063492063492064 0.5146329365079365 0.6951058201058201 0.5086805555555556 0.6884920634920635 0.5027281746031746 0.6871693121693122 0.4945436507936508 0.6891534391534392 0.48561507936507936 0.6957671957671958 0.47668650793650796 0.7109788359788359 0.4694940476190476 0.7208994708994709 0.46875
0 0.5443121693121693 0.5982142857142857 0.5588624338624338 0.6011904761904762 0.5730820105820106 0.6081349206349206 0.5783730158730159 0.6135912698412699 0.5816798941798942 0.625 0.5790343915343915 0.6364087301587301 0.5681216931216931 0.6483134920634921 0.5499338624338624 0.6550099206349206 0.5396825396825397 0.654265873015873 0.5254629629629629 0.6490575396825397 0.5109126984126984 0.6307043650793651 0.5132275132275133 0.6163194444444444 0.5218253968253969 0.605406746031746 0.5291005291005291 0.6011904761904762 0.5439814814814815 0.5982142857142857
0 0.6352513227513228 0.5148809523809523 0.644510582010582 0.5183531746031746 0.6550925925925926 0.5257936507936508 0.66005291005291 0.5362103174603174 0.6607142857142857 0.5481150793650794 0.6587301587301587 0.5543154761904762 0.6507936507936508 0.5610119047619048 0.6438492063492064 0.564484126984127 0.6273148148148148 0.5672123015873016 0.6127645502645502 0.564484126984127 0.6038359788359788 0.5550595238095238 0.591931216931217 0.5505952380952381 0.5886243386243386 0.5431547619047619 0.591931216931217 0.5327380952380952 0.5965608465608465 0.5285218253968254 0.6193783068783069 0.5151289682539683 0.6349206349206349 0.5148809523809523
0 0.5816798941798942 0.5518353174603174 0.59755291005291 0.5535714285714286 0.605489417989418 0.5565476190476191 0.6137566137566137 0.5662202380952381 0.6170634920634921 0.5756448412698413 0.6164021164021164 0.5845734126984127 0.6025132275132276 0.5987103174603174 0.593915343915344 0.6021825396825397 0.5853174603174603 0.6026785714285714 0.5744047619047619 0.6026785714285714 0.5601851851851852 0.5997023809523809 0.5522486772486772 0.5954861111111112 0.5466269841269841 0.5865575396825397 0.5496031746031746 0.560515873015873 0.5611772486772487 0.5528273809523809 0.5813492063492064 0.5518353174603174
0 0.7361111111111112 0.4181547619047619 0.7516534391534392 0.42137896825396826 0.7652116402116402 0.42782738095238093 0.7698412698412699 0.43278769841269843 0.7708333333333334 0.4409722222222222 0.765542328042328 0.45262896825396826 0.7579365079365079 0.4600694444444444 0.7516534391534392 0.46378968253968256 0.734457671957672 0.46750992063492064 0.7242063492063492 0.46750992063492064 0.7126322751322751 0.4635416666666667 0.7106481481481481 0.44568452380952384 0.7040343915343915 0.43179563492063494 0.7060185185185185 0.42757936507936506 0.7142857142857143 0.421875 0.7265211640211641 0.4184027777777778 0.7357804232804233 0.4181547619047619
0 0.4990079365079365 0.6299603174603174 0.5092592592592593 0.6329365079365079 0.5205026455026455 0.642609126984127 0.5241402116402116 0.6483134920634921 0.5251322751322751 0.6584821428571429 0.5228174603174603 0.6651785714285714 0.5119047619047619 0.6753472222222222 0.49437830687830686 0.6810515873015873 0.47585978835978837 0.6790674603174603 0.4632936507936508 0.6726190476190477 0.45634920634920634 0.6646825396825397 0.4540343915343915 0.6517857142857143 0.45634920634920634 0.6440972222222222 0.4666005291005291 0.6359126984126984 0.48214285714285715 0.6302083333333334 0.49867724867724866 0.6299603174603174
0 0.6848544973544973 0.4253472222222222 0.7033730158730159 0.4347718253968254 0.7083333333333334 0.4427083333333333 0.7103174603174603 0.453125 0.7073412698412699 0.4635416666666667 0.7003968253968254 0.470734126984127 0.6845238095238095 0.4756944444444444 0.6613756613756614 0.4742063492063492 0.6488095238095238 0.4670138888888889 0.6438492063492064 0.45982142857142855 0.6461640211640212 0.4357638888888889 0.6607142857142857 0.4283234126984127 0.6746031746031746 0.42509920634920634 0.6845238095238095 0.4253472222222222
0 0.5886243386243386 0.46999007936507936 0.6071428571428571 0.47668650793650796 0.6203703703703703 0.49032738095238093 0.623015873015873 0.4972718253968254 0.6160714285714286 0.5163690476190477 0.6078042328042328 0.5225694444444444 0.5925925925925926 0.5285218253968254 0.5681216931216931 0.5262896825396826 0.5634920634920635 0.5106646825396826 0.5476190476190477 0.49503968253968256 0.5532407407407407 0.48412698412698413 0.5641534391534392 0.47470238095238093 0.5747354497354498 0.470734126984127 0.5882936507936508 0.46999007936507936
0 0.6180555555555556 0.42336309523809523 0.6332671957671958 0.4283234126984127 0.6412037037037037 0.43601190476190477 0.6451719576719577 0.44419642857142855 0.6458333333333334 0.4548611111111111 0.6415343915343915 0.4635416666666667 0.6335978835978836 0.470734126984127 0.6127645502645502 0.4771825396825397 0.6025132275132276 0.4759424603174603 0.5833333333333334 0.4680059523809524 0.5763888888888888 0.4595734126984127 0.5744047619047619 0.4446924603174603 0.578042328042328 0.43452380952380953 0.58994708994709 0.42509920634920634 0.6051587301587301 0.4228670634920635 0.6177248677248677 0.42336309523809523
0 0.5327380952380952 0.49429563492063494 0.5446428571428571 0.4975198412698413 0.5578703703703703 0.5052083333333334 0.5641534391534392 0.5128968253968254 0.566468253968254 0.5208333333333334 0.5641534391534392 0.5314980158730159 0.5578703703703703 0.5396825396825397 0.5466269841269841 0.5473710317460317 0.5363756613756614 0.5496031746031746 0.5016534391534392 0.5446428571428571 0.49404761904761907 0.5372023809523809 0.49007936507936506 0.5280257936507936 0.49107142857142855 0.5158730158730159 0.5006613756613757 0.5034722222222222 0.515542328042328 0.4947916666666667 0.5324074074074074 0.49429563492063494
0 0.5066137566137566 0.5473710317460317 0.5376984126984127 0.5528273809523809 0.5433201058201058 0.5570436507936508 0.546957671957672 0.5642361111111112 0.5479497354497355 0.5749007936507936 0.5446428571428571 0.5892857142857143 0.5383597883597884 0.5962301587301587 0.5211640211640212 0.6014384920634921 0.49867724867724866 0.5992063492063492 0.49107142857142855 0.5949900793650794 0.4861111111111111 0.5890376984126984 0.48743386243386244 0.5776289682539683 0.482473544973545 0.560515873015873 0.48974867724867727 0.5530753968253969 0.5062830687830688 0.5473710317460317
0 0.3783068783068783 0.7185019841269841 0.39880952380952384 0.7202380952380952 0.40906084656084657 0.7271825396825397 0.4150132275132275 0.7371031746031746 0.4166666666666667 0.7537202380952381 0.4146825396825397 0.7619047619047619 0.4083994708994709 0.7698412698412699 0.3835978835978836 0.7842261904761905 0.3726851851851852 0.7879464285714286 0.35615079365079366 0.7872023809523809 0.34424603174603174 0.7797619047619048 0.3382936507936508 0.7688492063492064 0.33664021164021163 0.7576884920634921 0.3439153439153439 0.7341269841269841 0.3472222222222222 0.730406746031746 0.36342592592592593 0.7202380952380952 0.37797619047619047 0.7185019841269841
0 0.45006613756613756 0.5473710317460317 0.4632936507936508 0.5500992063492064 0.47453703703703703 0.5555555555555556 0.4851190476190476 0.5709325396825397 0.48644179894179895 0.5815972222222222 0.484457671957672 0.5885416666666666 0.4738756613756614 0.5994543650793651 0.4494047619047619 0.6046626984126984 0.43187830687830686 0.6031746031746031 0.4150132275132275 0.5947420634920635 0.4080687830687831 0.5858134920634921 0.4074074074074074 0.578125 0.414021164021164 0.5639880952380952 0.42294973544973546 0.5535714285714286 0.4308862433862434 0.5500992063492064 0.4497354497354497 0.5473710317460317
0 0.36408730158730157 0.6051587301587301 0.375 0.6088789682539683 0.39186507936507936 0.6192956349206349 0.3948412698412698 0.6264880952380952 0.39186507936507936 0.642609126984127 0.3872354497354497 0.6500496031746031 0.37896825396825395 0.654265873015873 0.36673280423280424 0.658234126984127 0.3525132275132275 0.6589781746031746 0.3392857142857143 0.6557539682539683 0.32275132275132273 0.6448412698412699 0.3187830687830688 0.6374007936507936 0.3177910052910053 0.623015873015873 0.3220899470899471 0.6158234126984127 0.34325396825396826 0.605406746031746 0.3637566137566138 0.6051587301587301
0 0.2662037037037037 0.8757440476190477 0.28604497354497355 0.8777281746031746 0.2962962962962963 0.8829365079365079 0.30423280423280424 0.8950892857142857 0.30522486772486773 0.908234126984127 0.3012566137566138 0.9216269841269841 0.2880291005291005 0.9362599206349206 0.273478835978836 0.9434523809523809 0.2526455026455027 0.9464285714285714 0.24074074074074073 0.9439484126984127 0.22585978835978837 0.9181547619047619 0.2371031746031746 0.8936011904761905 0.25132275132275134 0.8797123015873016 0.26587301587301587 0.8757440476190477
0 0.32175925925925924 0.7098214285714286 0.33134920634920634 0.7170138888888888 0.33895502645502645 0.7266865079365079 0.3425925925925926 0.734375 0.3416005291005291 0.7437996031746031 0.33630952380952384 0.7569444444444444 0.33134920634920634 0.7621527777777778 0.31646825396825395 0.7725694444444444 0.3072089947089947 0.7755456349206349 0.2863756613756614 0.7725694444444444 0.2724867724867725 0.7624007936507936 0.26521164021164023 0.7514880952380952 0.2648809523809524 0.7336309523809523 0.2705026455026455 0.7237103174603174 0.2830687830687831 0.7127976190476191 0.32142857142857145 0.7098214285714286
0 0.3220899470899471 0.7098214285714286 0.33101851851851855 0.7165178571428571 0.3392857142857143 0.7271825396825397 0.3419312169312169 0.7338789682539683 0.34093915343915343 0.7450396825396826 0.3316798941798942 0.761656746031746 0.3167989417989418 0.7725694444444444 0.3072089947089947 0.7757936507936508 0.2853835978835979 0.7723214285714286 0.27215608465608465 0.7624007936507936 0.2648809523809524 0.7517361111111112 0.26455026455026454 0.7336309523809523 0.2701719576719577 0.7237103174603174 0.28273809523809523 0.7125496031746031 0.32175925925925924 0.7098214285714286
0 0.626984126984127 0.37003968253968256 0.6402116402116402 0.3712797619047619 0.6481481481481481 0.37549603174603174 0.658068783068783 0.38244047619047616 0.6633597883597884 0.39087301587301587 0.6650132275132276 0.40500992063492064 0.6630291005291006 0.40848214285714285 0.6501322751322751 0.4184027777777778 0.6395502645502645 0.4226190476190476 0.6302910052910053 0.4226190476190476 0.6130952380952381 0.4181547619047619 0.6087962962962963 0.4154265873015873 0.6008597883597884 0.4010416666666667 0.6061507936507936 0.3767361111111111 0.6130952380952381 0.37202380952380953 0.6266534391534392 0.37003968253968256
0 0.5340608465608465 0.4409722222222222 0.542989417989418 0.4429563492063492 0.5502645502645502 0.44816468253968256 0.5611772486772487 0.4704861111111111 0.5591931216931217 0.4771825396825397 0.5522486772486772 0.48561507936507936 0.5436507936507936 0.49206349206349204 0.53505291005291 0.4937996031746032 0.5165343915343915 0.4928075396825397 0.5076058201058201 0.48908730158730157 0.49933862433862436 0.47346230158730157 0.4894179894179894 0.4635416666666667 0.49173280423280424 0.45535714285714285 0.5016534391534392 0.4446924603174603 0.5165343915343915 0.44072420634920634 0.5337301587301587 0.4409722222222222
0 0.4751984126984127 0.46081349206349204 0.48412698412698413 0.46279761904761907 0.49867724867724866 0.4729662698412698 0.5052910052910053 0.4898313492063492 0.501984126984127 0.49851190476190477 0.4947089947089947 0.5064484126984127 0.4818121693121693 0.5119047619047619 0.4722222222222222 0.5133928571428571 0.46064814814814814 0.5128968253968254 0.44312169312169314 0.5081845238095238 0.4351851851851852 0.49975198412698413 0.43187830687830686 0.4868551587301587 0.43386243386243384 0.4739583333333333 0.43915343915343913 0.46825396825396826 0.45072751322751325 0.4625496031746032 0.4748677248677249 0.46081349206349204
0 0.5750661375661376 0.3601190476190476 0.5882936507936508 0.36259920634920634 0.5942460317460317 0.3658234126984127 0.603505291005291 0.37524801587301587 0.6048280423280423 0.3802083333333333 0.5998677248677249 0.40029761904761907 0.593584656084656 0.4045138888888889 0.5744047619047619 0.4104662698412698 0.5565476190476191 0.4087301587301587 0.542989417989418 0.4007936507936508 0.5363756613756614 0.39037698412698413 0.5347222222222222 0.3792162698412698 0.5386904761904762 0.37202380952380953 0.5472883597883598 0.36532738095238093 0.5634920634920635 0.36061507936507936 0.5747354497354498 0.3601190476190476
0 0.4623015873015873 0.408234126984127 0.48544973544973546 0.41096230158730157 0.4947089947089947 0.41393849206349204 0.501984126984127 0.4211309523809524 0.5033068783068783 0.43278769841269843 0.49933862433862436 0.4461805555555556 0.48743386243386244 0.4573412698412698 0.4808201058201058 0.4593253968253968 0.4599867724867725 0.4603174603174603 0.44907407407407407 0.4573412698412698 0.43882275132275134 0.44990079365079366 0.4348544973544973 0.44320436507936506 0.43353174603174605 0.42956349206349204 0.435515873015873 0.4211309523809524 0.4417989417989418 0.41443452380952384 0.4487433862433862 0.41021825396825395 0.4619708994708995 0.408234126984127
0 0.3826058201058201 0.4548611111111111 0.39285714285714285 0.4565972222222222 0.4080687830687831 0.4625496031746032 0.41798941798941797 0.4739583333333333 0.419973544973545 0.482390873015873 0.4183201058201058 0.4915674603174603 0.4113756613756614 0.5042162698412699 0.39715608465608465 0.5121527777777778 0.3845899470899471 0.513640873015873 0.36937830687830686 0.5131448412698413 0.35548941798941797 0.5086805555555556 0.3449074074074074 0.498015873015873 0.3425925925925926 0.4878472222222222 0.3478835978835979 0.4704861111111111 0.3584656084656085 0.4600694444444444 0.36904761904761907 0.4556051587301587 0.38227513227513227 0.4548611111111111
0 0.6683201058201058 0.33878968253968256 0.6934523809523809 0.3447420634920635 0.6990740740740741 0.3501984126984127 0.7033730158730159 0.359375 0.703042328042328 0.3705357142857143 0.6970899470899471 0.38169642857142855 0.6888227513227513 0.3869047619047619 0.6752645502645502 0.39037698412698413 0.6646825396825397 0.38938492063492064 0.6550925925925926 0.3792162698412698 0.6388888888888888 0.3697916666666667 0.6375661375661376 0.3665674603174603 0.6398809523809523 0.3559027777777778 0.6458333333333334 0.3489583333333333 0.6557539682539683 0.3420138888888889 0.667989417989418 0.33878968253968256
0 0.3091931216931217 0.6440972222222222 0.3230820105820106 0.6468253968253969 0.3396164021164021 0.6564980158730159 0.3488756613756614 0.669890873015873 0.34953703703703703 0.6790674603174603 0.3425925925925926 0.6956845238095238 0.33134920634920634 0.7063492063492064 0.31415343915343913 0.7105654761904762 0.2953042328042328 0.7115575396825397 0.2824074074074074 0.7108134920634921 0.26521164021164023 0.7008928571428571 0.2566137566137566 0.6857638888888888 0.2569444444444444 0.6750992063492064 0.2648809523809524 0.6577380952380952 0.27314814814814814 0.6510416666666666 0.29298941798941797 0.6440972222222222 0.30886243386243384 0.6440972222222222
0 0.34226190476190477 0.517609126984127 0.3551587301587302 0.5193452380952381 0.3707010582010582 0.529265873015873 0.37433862433862436 0.5359623015873016 0.375 0.5476190476190477 0.3637566137566138 0.564484126984127 0.3478835978835979 0.5719246031746031 0.3349867724867725 0.5749007936507936 0.31415343915343913 0.5714285714285714 0.30753968253968256 0.5679563492063492 0.29662698412698413 0.5582837301587301 0.29464285714285715 0.5498511904761905 0.2996031746031746 0.5344742063492064 0.3091931216931217 0.5255456349206349 0.32572751322751325 0.5186011904761905 0.3419312169312169 0.517609126984127
0 0.47784391534391535 0.31845238095238093 0.49437830687830686 0.3209325396825397 0.5079365079365079 0.32688492063492064 0.5158730158730159 0.34052579365079366 0.513558201058201 0.3551587301587302 0.5095899470899471 0.36061507936507936 0.4957010582010582 0.3697916666666667 0.48115079365079366 0.3732638888888889 0.4732142857142857 0.3732638888888889 0.46494708994708994 0.3705357142857143 0.45205026455026454 0.36086309523809523 0.4487433862433862 0.33705357142857145 0.45436507936507936 0.32688492063492064 0.4675925925925926 0.31994047619047616 0.4775132275132275 0.31845238095238093
0 0.6286375661375662 0.23065476190476192 0.6461640211640212 0.23288690476190477 0.6531084656084656 0.23635912698412698 0.658068783068783 0.24503968253968253 0.6587301587301587 0.25744047619047616 0.6547619047619048 0.2666170634920635 0.6474867724867724 0.27380952380952384 0.6395502645502645 0.27728174603174605 0.6233465608465608 0.279265873015873 0.6127645502645502 0.27827380952380953 0.6015211640211641 0.27132936507936506 0.5962301587301587 0.2621527777777778 0.5949074074074074 0.24776785714285715 0.5982142857142857 0.24032738095238096 0.6058201058201058 0.23412698412698413 0.6134259259259259 0.23139880952380953 0.6283068783068783 0.23065476190476192
0 0.5257936507936508 0.2554563492063492 0.5479497354497355 0.26165674603174605 0.5545634920634921 0.26537698412698413 0.5608465608465608 0.27380952380952384 0.5608465608465608 0.28893849206349204 0.5539021164021164 0.30158730158730157 0.5433201058201058 0.30927579365079366 0.5224867724867724 0.314484126984127 0.5026455026455027 0.30753968253968256 0.49404761904761907 0.29811507936507936 0.49107142857142855 0.28521825396825395 0.49437830687830686 0.27033730158730157 0.5046296296296297 0.25992063492063494 0.515542328042328 0.2562003968253968 0.5254629629629629 0.25570436507936506
0 0.4166666666666667 0.32242063492063494 0.439484126984127 0.330109126984127 0.44675925925925924 0.3365575396825397 0.45006613756613756 0.34523809523809523 0.45006613756613756 0.359375 0.4427910052910053 0.3705357142857143 0.43187830687830686 0.37723214285714285 0.4166666666666667 0.37971230158730157 0.40145502645502645 0.37648809523809523 0.3802910052910053 0.3566468253968254 0.38326719576719576 0.3402777777777778 0.3888888888888889 0.3315972222222222 0.4054232804232804 0.3239087301587302 0.41633597883597884 0.32242063492063494
0 0.3326719576719577 0.4099702380952381 0.34953703703703703 0.4174107142857143 0.359457671957672 0.4322916666666667 0.359457671957672 0.4444444444444444 0.35548941798941797 0.45287698412698413 0.34656084656084657 0.4603174603174603 0.33201058201058203 0.46726190476190477 0.3194444444444444 0.46924603174603174 0.30522486772486773 0.46726190476190477 0.28869047619047616 0.45783730158730157 0.28406084656084657 0.43898809523809523 0.28935185185185186 0.4263392857142857 0.3072089947089947 0.41369047619047616 0.3220899470899471 0.40947420634920634 0.3323412698412698 0.4099702380952381
0 0.6160714285714286 0.2854662698412698 0.6335978835978836 0.2916666666666667 0.6441798941798942 0.3062996031746032 0.6431878306878307 0.314484126984127 0.6372354497354498 0.32663690476190477 0.6306216931216931 0.33308531746031744 0.6203703703703703 0.33581349206349204 0.6058201058201058 0.3350694444444444 0.58994708994709 0.32862103174603174 0.5843253968253969 0.32316468253968256 0.582010582010582 0.3125 0.5823412698412699 0.30357142857142855 0.5863095238095238 0.2961309523809524 0.6041666666666666 0.2857142857142857 0.6157407407407407 0.2854662698412698
0 0.5492724867724867 0.30952380952380953 0.5631613756613757 0.3134920634920635 0.5793650793650794 0.3244047619047619 0.5816798941798942 0.341765873015873 0.5783730158730159 0.3489583333333333 0.5710978835978836 0.35615079365079366 0.5634920634920635 0.36061507936507936 0.5436507936507936 0.36607142857142855 0.5257936507936508 0.36408730158730157 0.5171957671957672 0.35912698412698413 0.5148809523809523 0.3559027777777778 0.515542328042328 0.341765873015873 0.5125661375661376 0.32762896825396826 0.5234788359788359 0.31547619047619047 0.5337301587301587 0.31125992063492064 0.548941798941799 0.30952380952380953
0 0.3644179894179894 0.35813492063492064 0.38062169312169314 0.36086309523809523 0.3888888888888889 0.36607142857142855 0.4021164021164021 0.37822420634920634 0.40575396825396826 0.39087301587301587 0.4017857142857143 0.39880952380952384 0.38591269841269843 0.4114583333333333 0.376984126984127 0.4154265873015873 0.35615079365079366 0.41865079365079366 0.33101851851851855 0.408234126984127 0.32771164021164023 0.40153769841269843 0.32671957671957674 0.37648809523809523 0.33895502645502645 0.3645833333333333 0.3525132275132275 0.3586309523809524 0.36408730158730157 0.35813492063492064
0 0.33895502645502645 0.3070436507936508 0.351521164021164 0.31026785714285715 0.3627645502645503 0.31746031746031744 0.36673280423280424 0.3244047619047619 0.3680555555555556 0.33903769841269843 0.3664021164021164 0.3444940476190476 0.35648148148148145 0.3568948412698413 0.333994708994709 0.36433531746031744 0.32076719576719576 0.36334325396825395 0.3072089947089947 0.3559027777777778 0.3002645502645503 0.3472222222222222 0.29794973544973546 0.3350694444444444 0.3029100529100529 0.3216765873015873 0.31117724867724866 0.3132440476190476 0.3386243386243386 0.3070436507936508
0 0.29662698412698413 0.35912698412698413 0.3098544973544973 0.3621031746031746 0.32275132275132273 0.37276785714285715 0.3273809523809524 0.39533730158730157 0.3253968253968254 0.4025297619047619 0.3177910052910053 0.40947420634920634 0.294973544973545 0.41691468253968256 0.2757936507936508 0.4149305555555556 0.26355820105820105 0.4079861111111111 0.2542989417989418 0.3948412698412698 0.2523148148148148 0.3836805555555556 0.26025132275132273 0.3722718253968254 0.27414021164021163 0.36259920634920634 0.2837301587301587 0.359375 0.2962962962962963 0.35912698412698413
0 0.4384920634920635 0.2748015873015873 0.45271164021164023 0.27628968253968256 0.46494708994708994 0.2819940476190476 0.4771825396825397 0.30009920634920634 0.4771825396825397 0.3040674603174603 0.4679232804232804 0.3187003968253968 0.45337301587301587 0.3271329365079365 0.44246031746031744 0.330109126984127 0.4113756613756614 0.3196924603174603 0.4041005291005291 0.3125 0.40046296296296297 0.3005952380952381 0.4064153439153439 0.2854662698412698 0.41335978835978837 0.2787698412698413 0.4183201058201058 0.27653769841269843 0.43816137566137564 0.2748015873015873
0 0.5767195767195767 0.1884920634920635 0.5882936507936508 0.19270833333333334 0.5952380952380952 0.19990079365079366 0.5995370370370371 0.20808531746031747 0.5988756613756614 0.2197420634920635 0.595568783068783 0.2279265873015873 0.5882936507936508 0.23487103174603174 0.564484126984127 0.24231150793650794 0.5482804232804233 0.23834325396825398 0.5396825396825397 0.23462301587301587 0.5360449735449735 0.23065476190476192 0.5327380952380952 0.2222222222222222 0.5340608465608465 0.20287698412698413 0.5380291005291006 0.19593253968253968 0.5499338624338624 0.18998015873015872 0.5763888888888888 0.1884920634920635
0 0.4308862433862434 0.22123015873015872 0.44841269841269843 0.22371031746031747 0.4576719576719577 0.22743055555555555 0.46726190476190477 0.24454365079365079 0.4708994708994709 0.2569444444444444 0.46726190476190477 0.26587301587301587 0.4566798941798942 0.2740575396825397 0.42328042328042326 0.2757936507936508 0.4113756613756614 0.27331349206349204 0.39715608465608465 0.2621527777777778 0.39384920634920634 0.25297619047619047 0.39351851851851855 0.23958333333333334 0.39715608465608465 0.23189484126984128 0.4074074074074074 0.22371031746031747 0.4193121693121693 0.22098214285714285 0.4305555555555556 0.22123015873015872
0 0.36342592592592593 0.2542162698412698 0.39384920634920634 0.26165674603174605 0.4021164021164021 0.26884920634920634 0.4050925925925926 0.2760416666666667 0.4050925925925926 0.2864583333333333 0.39914021164021163 0.3003472222222222 0.3872354497354497 0.30853174603174605 0.37797619047619047 0.310515873015873 0.35119047619047616 0.3082837301587302 0.34093915343915343 0.3013392857142857 0.3343253968253968 0.28943452380952384 0.3333333333333333 0.26537698412698413 0.34755291005291006 0.25744047619047616 0.3630952380952381 0.2542162698412698
0 0.2027116402116402 0.9136904761904762 0.21693121693121692 0.9166666666666666 0.2275132275132275 0.9248511904761905 0.2361111111111111 0.9379960317460317 0.23644179894179895 0.9506448412698413 0.22817460317460317 0.9642857142857143 0.21197089947089948 0.9784226190476191 0.18584656084656084 0.9888392857142857 0.1789021164021164 0.9895833333333334 0.15773809523809523 0.988343253968254 0.13921957671957672 0.9809027777777778 0.1335978835978836 0.9642857142857143 0.13392857142857142 0.953125 0.14417989417989419 0.9389880952380952 0.17526455026455026 0.9181547619047619 0.18551587301587302 0.9144345238095238 0.20238095238095238 0.9136904761904762
0 0.19345238095238096 0.5530753968253969 0.20965608465608465 0.5560515873015873 0.22354497354497355 0.5711805555555556 0.2275132275132275 0.59375 0.21792328042328044 0.6125992063492064 0.21031746031746032 0.6197916666666666 0.20171957671957672 0.6237599206349206 0.18253968253968253 0.6264880952380952 0.1722883597883598 0.6257440476190477 0.15674603174603174 0.6202876984126984 0.14616402116402116 0.6128472222222222 0.1402116402116402 0.5984623015873016 0.13921957671957672 0.5813492063492064 0.14285714285714285 0.5711805555555556 0.1531084656084656 0.5602678571428571 0.17195767195767195 0.5540674603174603 0.1931216931216931 0.5530753968253969
0 0.24537037037037038 0.41592261904761907 0.26884920634920634 0.423859126984127 0.2767857142857143 0.43080357142857145 0.2830687830687831 0.4419642857142857 0.2843915343915344 0.4565972222222222 0.2804232804232804 0.4635416666666667 0.26851851851851855 0.47445436507936506 0.2390873015873016 0.48139880952380953 0.226521164021164 0.4809027777777778 0.21263227513227514 0.4774305555555556 0.19444444444444445 0.4565972222222222 0.1917989417989418 0.4444444444444444 0.20171957671957672 0.4280753968253968 0.21858465608465608 0.41790674603174605 0.22321428571428573 0.41617063492063494 0.24503968253968253 0.41592261904761907
0 0.08564814814814815 0.46205357142857145 0.10185185185185185 0.4660218253968254 0.11342592592592593 0.47346230158730157 0.12103174603174603 0.48462301587301587 0.12367724867724868 0.4972718253968254 0.12037037037037036 0.5057043650793651 0.11210317460317461 0.515625 0.10085978835978836 0.5228174603174603 0.08961640211640212 0.5257936507936508 0.06415343915343916 0.5250496031746031 0.0539021164021164 0.5225694444444444 0.03935185185185185 0.5101686507936508 0.03273809523809524 0.49528769841269843 0.035383597883597885 0.4809027777777778 0.04497354497354497 0.47023809523809523 0.06547619047619048 0.4632936507936508 0.08531746031746032 0.46205357142857145
0 0.1736111111111111 0.4538690476190476 0.18584656084656084 0.4556051587301587 0.19907407407407407 0.4632936507936508 0.21461640211640212 0.4836309523809524 0.2152777777777778 0.49032738095238093 0.21031746031746032 0.5029761904761905 0.19940476190476192 0.5128968253968254 0.1931216931216931 0.5161210317460317 0.16964285714285715 0.5210813492063492 0.144510582010582 0.5161210317460317 0.13293650793650794 0.5086805555555556 0.125 0.49851190476190477 0.12268518518518519 0.48412698412698413 0.13227513227513227 0.4660218253968254 0.15476190476190477 0.455109126984127 0.17328042328042328 0.4538690476190476
0 0.30257936507936506 0.2465277777777778 0.31812169312169314 0.2537202380952381 0.3273809523809524 0.2619047619047619 0.3333333333333333 0.27827380952380953 0.33101851851851855 0.29365079365079366 0.31746031746031744 0.3013392857142857 0.30423280423280424 0.30505952380952384 0.2794312169312169 0.30158730158730157 0.26884920634920634 0.2961309523809524 0.25727513227513227 0.28348214285714285 0.25396825396825395 0.27356150793650796 0.25496031746031744 0.265625 0.26686507936507936 0.2509920634920635 0.2824074074074074 0.24603174603174602 0.296957671957672 0.24503968253968253 0.30224867724867727 0.2465277777777778
0 0.17857142857142858 0.3658234126984127 0.2003968253968254 0.36904761904761907 0.20932539682539683 0.3725198412698413 0.21726190476190477 0.37896825396825395 0.2261904761904762 0.3970734126984127 0.2218915343915344 0.41517857142857145 0.2037037037037037 0.4260912698412698 0.17857142857142858 0.42683531746031744 0.16038359788359788 0.42336309523809523 0.1402116402116402 0.4079861111111111 0.14054232804232805 0.39087301587301587 0.14517195767195767 0.37648809523809523 0.15773809523809523 0.3687996031746032 0.17824074074074073 0.36607142857142855
0 0.2404100529100529 0.2884424603174603 0.25562169312169314 0.2896825396825397 0.2724867724867725 0.29836309523809523 0.28075396825396826 0.30580357142857145 0.28604497354497355 0.31746031746031744 0.2830687830687831 0.328125 0.2724867724867725 0.3392857142857143 0.26025132275132273 0.34598214285714285 0.24537037037037038 0.3479662698412698 0.22718253968253968 0.345734126984127 0.21428571428571427 0.33903769841269843 0.20634920634920634 0.3308531746031746 0.20403439153439154 0.32142857142857145 0.20601851851851852 0.30753968253968256 0.2166005291005291 0.2926587301587302 0.22420634920634921 0.28893849206349204 0.2400793650793651 0.2884424603174603
0 0.3353174603174603 0.20238095238095238 0.3501984126984127 0.20634920634920634 0.35912698412698413 0.21354166666666666 0.36607142857142855 0.22395833333333334 0.36772486772486773 0.23809523809523808 0.36607142857142855 0.24404761904761904 0.3587962962962963 0.2527281746031746 0.3326719576719577 0.26264880952380953 0.31812169312169314 0.25297619047619047 0.29662698412698413 0.24454365079365079 0.2933201058201058 0.24131944444444445 0.2919973544973545 0.23313492063492064 0.2953042328042328 0.21552579365079366 0.3055555555555556 0.2058531746031746 0.3201058201058201 0.2013888888888889 0.3349867724867725 0.20238095238095238
0 0 0.2864583333333333 0.00496031746031746 0.28869047619047616 0.002976190476190476 0.310515873015873 0 0.3132440476190476 0 0.2867063492063492
0 0.060515873015873016 0.2698412698412698 0.07572751322751323 0.2748015873015873 0.08862433862433862 0.283234126984127 0.09556878306878307 0.2906746031746032 0.09986772486772487 0.29985119047619047 0.09953703703703703 0.3142361111111111 0.0958994708994709 0.32217261904761907 0.08928571428571429 0.32862103174603174 0.07175925925925926 0.3350694444444444 0.04365079365079365 0.3318452380952381 0.030753968253968252 0.328125 0.013558201058201057 0.3177083333333333 0.002976190476190476 0.3038194444444444 0.0036375661375661374 0.28943452380952384 0.015542328042328041 0.2748015873015873 0.025793650793650792 0.27132936507936506 0.06018518518518518 0.2698412698412698
0 0.15145502645502645 0.2604166666666667 0.16137566137566137 0.2611607142857143 0.1832010582010582 0.2710813492063492 0.19345238095238096 0.2864583333333333 0.19543650793650794 0.3005952380952381 0.1927910052910053 0.3097718253968254 0.18353174603174602 0.31820436507936506 0.1669973544973545 0.3246527777777778 0.14814814814814814 0.3273809523809524 0.13293650793650794 0.3253968253968254 0.11937830687830688 0.3189484126984127 0.10515873015873016 0.30282738095238093 0.10119047619047619 0.2924107142857143 0.10251322751322751 0.279265873015873 0.11044973544973545 0.26884920634920634 0.12301587301587301 0.26413690476190477 0.15112433862433863 0.2604166666666667
0 0.642526455026455 0.18601190476190477 0.6547619047619048 0.18898809523809523 0.6613756613756614 0.19295634920634921 0.6683201058201058 0.20634920634920634 0.6646825396825397 0.22271825396825398 0.6537698412698413 0.234375 0.623015873015873 0.23015873015873015 0.6127645502645502 0.23065476190476192 0.605489417989418 0.22296626984126985 0.6021825396825397 0.21329365079365079 0.6051587301587301 0.1996527777777778 0.6127645502645502 0.19146825396825398 0.6197089947089947 0.18874007936507936 0.6421957671957672 0.18601190476190477
0 0.26455026455026454 0.1857638888888889 0.2794312169312169 0.19171626984126985 0.2863756613756614 0.1984126984126984 0.2923280423280423 0.21329365079365079 0.2926587301587302 0.2244543650793651 0.29034391534391535 0.2353670634920635 0.2830687830687831 0.2425595238095238 0.2569444444444444 0.2472718253968254 0.24107142857142858 0.2452876984126984 0.23015873015873015 0.23883928571428573 0.2166005291005291 0.22073412698412698 0.21593915343915343 0.21006944444444445 0.21858465608465608 0.203125 0.22817460317460317 0.19593253968253968 0.25165343915343913 0.18625992063492064 0.26421957671957674 0.1857638888888889
0 0.32142857142857145 0.12748015873015872 0.3376322751322751 0.13368055555555555 0.3455687830687831 0.140625 0.3531746031746032 0.1579861111111111 0.35284391534391535 0.16815476190476192 0.3488756613756614 0.17683531746031747 0.3406084656084656 0.18303571428571427 0.32142857142857145 0.1892361111111111 0.30687830687830686 0.1884920634920635 0.29365079365079366 0.18253968253968253 0.28273809523809523 0.17237103174603174 0.27744708994708994 0.1589781746031746 0.2791005291005291 0.1463293650793651 0.28703703703703703 0.13566468253968253 0.3072089947089947 0.1277281746031746 0.3210978835978836 0.12748015873015872
0 0 0.20089285714285715 0.018849206349206348 0.20163690476190477 0.036375661375661374 0.2088293650793651 0.0582010582010582 0.22643849206349206 0.06481481481481481 0.2400793650793651 0.06183862433862434 0.25148809523809523 0.04894179894179894 0.26711309523809523 0.01521164021164021 0.27331349206349204 0 0.27306547619047616 0 0.20114087301587302
0 0.1550925925925926 0.20089285714285715 0.16765873015873015 0.20634920634920634 0.1789021164021164 0.21626984126984128 0.18253968253968253 0.22296626984126985 0.1841931216931217 0.23511904761904762 0.17956349206349206 0.24578373015873015 0.1722883597883598 0.25223214285714285 0.16468253968253968 0.25595238095238093 0.14814814814814814 0.2586805555555556 0.12367724867724868 0.2554563492063492 0.11276455026455026 0.24875992063492064 0.103505291005291 0.23809523809523808 0.1001984126984127 0.22395833333333334 0.10449735449735449 0.21279761904761904 0.11276455026455026 0.2048611111111111 0.1359126984126984 0.1996527777777778 0.15476190476190477 0.20089285714285715
0 0.48908730158730157 0 0.5248015873015873 0 0.5357142857142857 0.015625 0.5376984126984127 0.027777777777777776 0.5343915343915344 0.03968253968253968 0.5224867724867724 0.05109126984126984 0.5128968253968254 0.054563492063492064 0.5013227513227513 0.05555555555555555 0.484457671957672 0.050595238095238096 0.47685185185185186 0.04365079365079365 0.4722222222222222 0.02554563492063492 0.47585978835978837 0.013640873015873016 0.48908730158730157 0.000248015873015873
0 0.04332010582010582 0.15029761904761904 0.06316137566137567 0.1545138888888889 0.07804232804232804 0.16121031746031747 0.08862433862433862 0.1701388888888889 0.09523809523809523 0.18204365079365079 0.09490740740740741 0.203125 0.08134920634920635 0.21428571428571427 0.07407407407407407 0.21726190476190477 0.0625 0.21850198412698413 0.0496031746031746 0.21726190476190477 0.02943121693121693 0.20510912698412698 0.010582010582010581 0.19791666666666666 0.004629629629629629 0.18551587301587302 0.00496031746031746 0.1728670634920635 0.010582010582010581 0.1636904761904762 0.02447089947089947 0.1545138888888889 0.04298941798941799 0.15029761904761904
0 0.49702380952380953 0.20461309523809523 0.5062830687830688 0.20634920634920634 0.5125661375661376 0.21006944444444445 0.5241402116402116 0.21999007936507936 0.5277777777777778 0.22941468253968253 0.5261243386243386 0.24404761904761904 0.5228174603174603 0.25024801587301587 0.4973544973544973 0.2621527777777778 0.47255291005291006 0.25669642857142855 0.45866402116402116 0.22767857142857142 0.4632936507936508 0.2177579365079365 0.4722222222222222 0.20932539682539683 0.4877645502645503 0.20436507936507936 0.4966931216931217 0.20461309523809523
0 0.4236111111111111 0 0.48478835978835977 0 0.4834656084656085 0.00496031746031746 0.4738756613756614 0.01314484126984127 0.45701058201058203 0.017609126984126984 0.44246031746031744 0.015625 0.43353174603174605 0.012152777777777778 0.42427248677248675 0.005208333333333333 0.4236111111111111 0.000248015873015873
0 0.1078042328042328 0.4349355158730159 0.08994708994708994 0.06034722222222226