0 0.3359375 0.7078125 0.346875 0.71875 0.35 0.7375 0.3484375 0.7515625 0.334375 0.7640625 0.3015625 0.784375 0.29375 0.7828125 0.2828125 0.7671875 0.28125 0.7625 0.2828125 0.7421875 0.2921875 0.7296875 0.315625 0.7140625 0.334375 0.7078125
0 0.634375 0.18125 0.6453125 0.1796875 0.65 0.1828125 0.6609375 0.19375 0.66875 0.209375 0.66875 0.221875 0.6640625 0.228125 0.6609375 0.2296875 0.6484375 0.228125 0.63125 0.2078125 0.63125 0.1859375 0.634375 0.1828125
0 0.984375 0 0.9984375 0 0.9984375 0.0140625 0.9859375 0.0109375 0.9828125 0.0046875 0.984375 0.0015625
0 0.7 0.3375 0.709375 0.34375 0.7125 0.3515625 0.70625 0.371875 0.7015625 0.3765625 0.671875 0.384375 0.6609375 0.3828125 0.653125 0.3765625 0.6515625 0.3640625 0.6546875 0.35 0.6609375 0.34375 0.665625 0.3421875 0.6734375 0.3421875 0.6875 0.3375 0.6984375 0.3375
0 0.34375 0.6609375 0.3734375 0.671875 0.38125 0.6828125 0.3828125 0.7078125 0.38125 0.7125 0.36875 0.721875 0.359375 0.721875 0.35 0.7171875 0.340625 0.7078125 0.3265625 0.70625 0.3203125 0.7 0.3203125 0.6953125 0.3171875 0.690625 0.3171875 0.675 0.3203125 0.6671875 0.3296875 0.659375 0.3421875 0.6609375
0 0.2234375 0.275 0.228125 0.28125 0.2296875 0.3015625 0.225 0.3078125 0.2015625 0.325 0.1890625 0.3234375 0.1828125 0.3078125 0.1828125 0.3 0.2078125 0.278125 0.2140625 0.275 0.221875 0.275
0 0.2203125 0.521875 0.2265625 0.525 0.23125 0.53125 0.24375 0.5703125 0.24375 0.5828125 0.240625 0.5890625 0.23125 0.596875 0.2234375 0.596875 0.21875 0.59375 0.2125 0.58125 0.2015625 0.546875 0.2015625 0.5359375 0.2046875 0.5296875 0.2140625 0.521875 0.21875 0.521875
0 0.465625 0.278125 0.4859375 0.2828125 0.496875 0.290625 0.4984375 0.2953125 0.496875 0.3109375 0.49375 0.31875 0.4875 0.321875 0.465625 0.31875 0.453125 0.3140625 0.4484375 0.309375 0.446875 0.2875 0.453125 0.2796875 0.4640625 0.278125
0 0.6921875 0.2703125 0.696875 0.275 0.696875 0.2890625 0.68125 0.31875 0.6734375 0.325 0.6625 0.325 0.6546875 0.31875 0.653125 0.3125 0.6546875 0.2984375 0.6671875 0.2765625 0.675 0.26875 0.684375 0.2671875 0.690625 0.2703125
0 0.240625 0.4125 0.2484375 0.41875 0.2515625 0.4296875 0.2515625 0.4421875 0.24375 0.4515625 0.2140625 0.4671875 0.2078125 0.4671875 0.2015625 0.4625 0.1953125 0.44375 0.196875 0.4359375 0.2046875 0.428125 0.2078125 0.428125 0.234375 0.4125 0.2390625 0.4125
0 0.728125 0.0453125 0.7453125 0.0546875 0.75 0.0609375 0.7453125 0.0796875 0.740625 0.084375 0.7265625 0.0828125 0.7109375 0.071875 0.709375 0.046875 0.7140625 0.04375 0.7265625 0.0453125
0 0.34375 0 0.353125 0 0.3546875 0.003125 0.3671875 0.0046875 0.371875 0.0125 0.3703125 0.015625 0.371875 0.025 0.3671875 0.03125 0.3578125 0.0328125 0.35 0.0296875 0.3421875 0.0296875 0.3375 0.0234375 0.3359375 0.009375 0.34375 0.0015625
0 0.925 0.2171875 0.9328125 0.2203125 0.9390625 0.2265625 0.940625 0.23125 0.9390625 0.2359375 0.925 0.2609375 0.915625 0.2703125 0.9046875 0.2734375 0.8953125 0.2703125 0.8890625 0.2640625 0.8890625 0.2546875 0.896875 0.2359375 0.9078125 0.2234375 0.9140625 0.21875 0.9234375 0.2171875
0 0.5890625 0.16875 0.6 0.1734375 0.603125 0.18125 0.6 0.2 0.596875 0.2046875 0.5921875 0.20625 0.584375 0.20625 0.559375 0.196875 0.55625 0.19375 0.5546875 0.1828125 0.55625 0.1703125 0.5625 0.1640625 0.5734375 0.1640625 0.5875 0.16875
0 0.3015625 0.6765625 0.30625 0.678125 0.3109375 0.684375 0.3140625 0.6953125 0.3140625 0.7125 0.2875 0.7328125 0.28125 0.7421875 0.2796875 0.7546875 0.275 0.759375 0.26875 0.759375 0.2625 0.75625 0.2578125 0.75 0.253125 0.7390625 0.253125 0.7234375 0.2609375 0.709375 0.2828125 0.6828125 0.2921875 0.6765625 0.3 0.6765625