0 0.5674603174603174 0.4226190476190476 0.578042328042328 0.4243551587301587 0.5886243386243386 0.42956349206349204 0.5932539682539683 0.44246031746031744 0.5916005291005291 0.4494047619047619 0.5859788359788359 0.45634920634920634 0.5793650793650794 0.4603174603174603 0.5677910052910053 0.4623015873015873 0.5572089947089947 0.4600694444444444 0.5492724867724867 0.4556051587301587 0.5419973544973545 0.4427083333333333 0.5446428571428571 0.4357638888888889 0.5519179894179894 0.4288194444444444 0.560515873015873 0.42336309523809523 0.5671296296296297 0.4226190476190476
0 0.2986111111111111 0.7564484126984127 0.31382275132275134 0.7599206349206349 0.31977513227513227 0.7651289682539683 0.32275132275132273 0.7728174603174603 0.32242063492063494 0.7802579365079365 0.31812169312169314 0.7879464285714286 0.3115079365079365 0.7946428571428571 0.3048941798941799 0.7966269841269841 0.2926587301587302 0.7953869047619048 0.28273809523809523 0.7914186507936508 0.2757936507936508 0.7829861111111112 0.2744708994708995 0.777281746031746 0.2771164021164021 0.7651289682539683 0.28869047619047616 0.7579365079365079 0.29828042328042326 0.7564484126984127
0 0.4626322751322751 0.673859126984127 0.4808201058201058 0.6793154761904762 0.4877645502645503 0.6882440476190477 0.4871031746031746 0.6959325396825397 0.48048941798941797 0.7056051587301587 0.4728835978835979 0.7100694444444444 0.4636243386243386 0.7115575396825397 0.45171957671957674 0.7108134920634921 0.4427910052910053 0.7073412698412699 0.4384920634920635 0.7026289682539683 0.43716931216931215 0.6932043650793651 0.43915343915343913 0.6847718253968254 0.4441137566137566 0.6788194444444444 0.45601851851851855 0.673859126984127 0.4623015873015873 0.673859126984127
0 0.5757275132275133 0.38293650793650796 0.5896164021164021 0.3898809523809524 0.5932539682539683 0.40128968253968256 0.5886243386243386 0.41121031746031744 0.5724206349206349 0.41964285714285715 0.5628306878306878 0.4193948412698413 0.5535714285714286 0.4154265873015873 0.5462962962962963 0.40773809523809523 0.5446428571428571 0.40029761904761907 0.5535714285714286 0.38591269841269843 0.5641534391534392 0.38268849206349204 0.5753968253968254 0.38293650793650796
0 0.3541666666666667 0.6587301587301587 0.36904761904761907 0.6631944444444444 0.375 0.6733630952380952 0.3716931216931217 0.6867559523809523 0.3644179894179894 0.6937003968253969 0.3578042328042328 0.6961805555555556 0.34656084656084657 0.6959325396825397 0.3353174603174603 0.6929563492063492 0.3287037037037037 0.6857638888888888 0.3253968253968254 0.6760912698412699 0.32671957671957674 0.671875 0.3353174603174603 0.6636904761904762 0.34523809523809523 0.6594742063492064 0.35383597883597884 0.6587301587301587
0 0.5304232804232805 0.5473710317460317 0.5459656084656085 0.5520833333333334 0.5522486772486772 0.5615079365079365 0.5479497354497355 0.5778769841269841 0.5403439153439153 0.5833333333333334 0.5304232804232805 0.5860615079365079 0.5231481481481481 0.5858134920634921 0.5105820105820106 0.5796130952380952 0.5052910052910053 0.5714285714285714 0.5069444444444444 0.5612599206349206 0.5115740740740741 0.5540674603174603 0.5221560846560847 0.5481150793650794 0.5300925925925926 0.5473710317460317
0 0.46130952380952384 0.6004464285714286 0.4666005291005291 0.6021825396825397 0.4742063492063492 0.6088789682539683 0.4771825396825397 0.6202876984126984 0.4666005291005291 0.6321924603174603 0.4537037037037037 0.636656746031746 0.43915343915343913 0.6341765873015873 0.4289021164021164 0.6227678571428571 0.42824074074074076 0.6158234126984127 0.4351851851851852 0.6066468253968254 0.4417989417989418 0.6024305555555556 0.460978835978836 0.6004464285714286
0 0.4183201058201058 0.6222718253968254 0.4305555555555556 0.6264880952380952 0.4384920634920635 0.6346726190476191 0.439484126984127 0.6408730158730159 0.43617724867724866 0.6507936507936508 0.43187830687830686 0.654265873015873 0.4156746031746032 0.658234126984127 0.4074074074074074 0.6577380952380952 0.4001322751322751 0.6547619047619048 0.3921957671957672 0.6480654761904762 0.390542328042328 0.6403769841269841 0.3931878306878307 0.6312003968253969 0.3994708994708995 0.6257440476190477 0.4060846560846561 0.6227678571428571 0.41798941798941797 0.6222718253968254
0 0.419973544973545 0.2795138888888889 0.42724867724867727 0.28273809523809523 0.43353174603174605 0.2916666666666667 0.43386243386243384 0.30357142857142855 0.4252645502645503 0.31225198412698413 0.4087301587301587 0.31646825396825395 0.3994708994708995 0.3149801587301587 0.38591269841269843 0.3060515873015873 0.38293650793650796 0.3003472222222222 0.38326719576719576 0.29017857142857145 0.3941798941798942 0.2802579365079365 0.4097222222222222 0.27827380952380953 0.41964285714285715 0.2795138888888889
0 0.4437830687830688 0.4273313492063492 0.45072751322751325 0.4288194444444444 0.4603174603174603 0.43452380952380953 0.4636243386243386 0.4399801587301587 0.4636243386243386 0.4461805555555556 0.45634920634920634 0.4568452380952381 0.43915343915343913 0.4625496031746032 0.42658730158730157 0.46056547619047616 0.41964285714285715 0.4565972222222222 0.414021164021164 0.4513888888888889 0.41335978835978837 0.4459325396825397 0.41798941798941797 0.43799603174603174 0.4252645502645503 0.43179563492063494 0.4348544973544973 0.42782738095238093 0.44345238095238093 0.4273313492063492
0 0.5638227513227513 0.6480654761904762 0.5767195767195767 0.6577380952380952 0.578042328042328 0.6701388888888888 0.5753968253968254 0.6763392857142857 0.5671296296296297 0.6837797619047619 0.5545634920634921 0.6872519841269841 0.5400132275132276 0.6840277777777778 0.533068783068783 0.6788194444444444 0.5291005291005291 0.6713789682539683 0.5277777777777778 0.6612103174603174 0.5327380952380952 0.6545138888888888 0.5436507936507936 0.6473214285714286 0.5634920634920635 0.6480654761904762
0 0.5095899470899471 0.5791170634920635 0.5221560846560847 0.5860615079365079 0.5251322751322751 0.5944940476190477 0.5244708994708994 0.6014384920634921 0.5191798941798942 0.6088789682539683 0.5128968253968254 0.6125992063492064 0.498015873015873 0.6150793650793651 0.49206349206349204 0.613343253968254 0.4828042328042328 0.6063988095238095 0.4808201058201058 0.5912698412698413 0.48412698412698413 0.5858134920634921 0.49074074074074076 0.5815972222222222 0.5092592592592593 0.5791170634920635
0 0.45072751322751325 0.3132440476190476 0.4603174603174603 0.3209325396825397 0.4632936507936508 0.3373015873015873 0.45634920634920634 0.34697420634920634 0.44246031746031744 0.3524305555555556 0.42857142857142855 0.35119047619047616 0.41865079365079366 0.34499007936507936 0.4126984126984127 0.3382936507936508 0.4123677248677249 0.328125 0.4146825396825397 0.3209325396825397 0.4246031746031746 0.3134920634920635 0.4401455026455027 0.3117559523809524 0.4503968253968254 0.3132440476190476
0 0.6408730158730159 0.33556547619047616 0.6494708994708994 0.3382936507936508 0.6583994708994709 0.3444940476190476 0.6607142857142857 0.35714285714285715 0.6577380952380952 0.36259920634920634 0.6507936507936508 0.3678075396825397 0.6349206349206349 0.3705357142857143 0.6243386243386243 0.3697916666666667 0.6197089947089947 0.36755952380952384 0.611441798941799 0.35887896825396826 0.6104497354497355 0.35193452380952384 0.6164021164021164 0.34077380952380953 0.640542328042328 0.33556547619047616
0 0.30654761904761907 0.47668650793650796 0.3220899470899471 0.48115079365079366 0.3296957671957672 0.49330357142857145 0.3244047619047619 0.5052083333333334 0.31845238095238093 0.5094246031746031 0.3091931216931217 0.5119047619047619 0.29728835978835977 0.5111607142857143 0.28835978835978837 0.5069444444444444 0.2830687830687831 0.4915674603174603 0.28869047619047616 0.4806547619047619 0.29662698412698413 0.47693452380952384 0.3062169312169312 0.47668650793650796
0 0.5582010582010583 0.4756944444444444 0.5648148148148148 0.4774305555555556 0.5714285714285714 0.482390873015873 0.5757275132275133 0.4878472222222222 0.5763888888888888 0.49528769841269843 0.5701058201058201 0.5054563492063492 0.5525793650793651 0.5133928571428571 0.5390211640211641 0.5121527777777778 0.5324074074074074 0.5079365079365079 0.5281084656084656 0.5017361111111112 0.5264550264550265 0.4913194444444444 0.5304232804232805 0.48412698412698413 0.5406746031746031 0.4771825396825397 0.5578703703703703 0.4756944444444444
0 0.5138888888888888 0.36086309523809523 0.5284391534391535 0.3663194444444444 0.5333994708994709 0.37202380952380953 0.5347222222222222 0.3804563492063492 0.5257936507936508 0.39285714285714285 0.5066137566137566 0.3975694444444444 0.4976851851851852 0.39558531746031744 0.4861111111111111 0.3878968253968254 0.4837962962962963 0.375 0.48677248677248675 0.3695436507936508 0.498015873015873 0.3628472222222222 0.513558201058201 0.36086309523809523
0 0.35548941798941797 0.5451388888888888 0.3697089947089947 0.5498511904761905 0.3759920634920635 0.5570436507936508 0.3776455026455027 0.5637400793650794 0.37665343915343913 0.5691964285714286 0.3716931216931217 0.5744047619047619 0.3558201058201058 0.5803571428571429 0.3439153439153439 0.5786210317460317 0.33630952380952384 0.5746527777777778 0.33134920634920634 0.5689484126984127 0.32936507936507936 0.5615079365079365 0.33101851851851855 0.5553075396825397 0.3392857142857143 0.5491071428571429 0.3482142857142857 0.5451388888888888 0.3551587301587302 0.5451388888888888
0 0.3492063492063492 0.46378968253968256 0.36243386243386244 0.466765873015873 0.36904761904761907 0.4729662698412698 0.3707010582010582 0.4779265873015873 0.3673941798941799 0.4913194444444444 0.3630952380952381 0.49503968253968256 0.35284391534391535 0.49875992063492064 0.3412698412698413 0.49851190476190477 0.3330026455026455 0.4957837301587302 0.3230820105820106 0.48115079365079366 0.3237433862433862 0.4742063492063492 0.328042328042328 0.46924603174603174 0.3382936507936508 0.4645337301587302 0.3488756613756614 0.46378968253968256
0 0.5367063492063492 0.2628968253968254 0.5512566137566137 0.2683531746031746 0.5555555555555556 0.2740575396825397 0.5568783068783069 0.2829861111111111 0.5512566137566137 0.294890873015873 0.5353835978835979 0.3005952380952381 0.5284391534391535 0.30009920634920634 0.515542328042328 0.2951388888888889 0.5099206349206349 0.2822420634920635 0.5178571428571429 0.26711309523809523 0.5264550264550265 0.263640873015873 0.5363756613756614 0.2628968253968254
0 0.3627645502645503 0.5059523809523809 0.37665343915343913 0.5101686507936508 0.38227513227513227 0.5153769841269841 0.38392857142857145 0.5205853174603174 0.3802910052910053 0.5324900793650794 0.37367724867724866 0.5372023809523809 0.36342592592592593 0.5399305555555556 0.34755291005291006 0.5369543650793651 0.3396164021164021 0.5302579365079365 0.3376322751322751 0.5233134920634921 0.33895502645502645 0.515625 0.3449074074074074 0.5084325396825397 0.36243386243386244 0.5059523809523809
0 0.3462301587301587 0.4243551587301587 0.35912698412698413 0.4273313492063492 0.3664021164021164 0.43154761904761907 0.37103174603174605 0.43898809523809523 0.3673941798941799 0.45337301587301587 0.3498677248677249 0.4615575396825397 0.33895502645502645 0.46056547619047616 0.3333333333333333 0.4573412698412698 0.32671957671957674 0.45089285714285715 0.32341269841269843 0.4427083333333333 0.3247354497354497 0.435515873015873 0.330026455026455 0.42931547619047616 0.3458994708994709 0.4243551587301587
0 0.3855820105820106 0.5863095238095238 0.3978174603174603 0.591765873015873 0.40575396825396826 0.6059027777777778 0.40476190476190477 0.6207837301587301 0.39384920634920634 0.6292162698412699 0.3835978835978836 0.6279761904761905 0.3621031746031746 0.621031746031746 0.35714285714285715 0.6163194444444444 0.3548280423280423 0.6096230158730159 0.3558201058201058 0.5989583333333334 0.36177248677248675 0.591765873015873 0.37665343915343913 0.5860615079365079 0.38525132275132273 0.5863095238095238
0 0.41534391534391535 0.3812003968253968 0.43154761904761907 0.38566468253968256 0.43783068783068785 0.39384920634920634 0.43683862433862436 0.4035218253968254 0.43253968253968256 0.4107142857142857 0.42724867724867727 0.4149305555555556 0.4183201058201058 0.41691468253968256 0.4021164021164021 0.4124503968253968 0.3931878306878307 0.39880952380952384 0.39914021164021163 0.3869047619047619 0.40476190476190477 0.3834325396825397 0.4150132275132275 0.3812003968253968
0 0.2824074074074074 0.623015873015873 0.2933201058201058 0.6284722222222222 0.29728835978835977 0.640625 0.29034391534391535 0.6527777777777778 0.2767857142857143 0.6587301587301587 0.26785714285714285 0.6579861111111112 0.2533068783068783 0.6510416666666666 0.2490079365079365 0.6440972222222222 0.2490079365079365 0.636656746031746 0.2523148148148148 0.6302083333333334 0.2622354497354497 0.625 0.2820767195767196 0.623015873015873
0 0.6590608465608465 0.5657242063492064 0.6703042328042328 0.576140873015873 0.671957671957672 0.5873015873015873 0.6613756613756614 0.597718253968254 0.6488095238095238 0.6021825396825397 0.6375661375661376 0.6006944444444444 0.6296296296296297 0.5959821428571429 0.6246693121693122 0.5885416666666666 0.6240079365079365 0.5811011904761905 0.6286375661375662 0.5731646825396826 0.6365740740740741 0.5677083333333334 0.6494708994708994 0.5652281746031746 0.6587301587301587 0.5657242063492064
0 0.3862433862433862 0.39880952380952384 0.39186507936507936 0.40029761904761907 0.398478835978836 0.40674603174603174 0.40046296296296297 0.4191468253968254 0.39451058201058203 0.4290674603174603 0.3802910052910053 0.4332837301587302 0.36937830687830686 0.4330357142857143 0.357473544973545 0.4260912698412698 0.3544973544973545 0.41220238095238093 0.35912698412698413 0.4045138888888889 0.36937830687830686 0.39880952380952384 0.38591269841269843 0.39880952380952384
0 0.2542989417989418 0.7447916666666666 0.26355820105820105 0.7507440476190477 0.26851851851851855 0.7653769841269841 0.26521164021164023 0.7723214285714286 0.2569444444444444 0.7797619047619048 0.24404761904761904 0.783234126984127 0.23412698412698413 0.7827380952380952 0.2218915343915344 0.7770337301587301 0.21825396825396826 0.7693452380952381 0.21891534391534392 0.761656746031746 0.22321428571428573 0.7542162698412699 0.23412698412698413 0.7462797619047619 0.25396825396825395 0.7447916666666666
0 0.3316798941798942 0.37549603174603174 0.3435846560846561 0.3792162698412698 0.3531746031746032 0.39285714285714285 0.3525132275132275 0.40054563492063494 0.3492063492063492 0.40476190476190477 0.34226190476190477 0.40922619047619047 0.3323412698412698 0.4117063492063492 0.3244047619047619 0.4117063492063492 0.31382275132275134 0.40773809523809523 0.30324074074074076 0.3940972222222222 0.30456349206349204 0.38665674603174605 0.31084656084656087 0.3794642857142857 0.31845238095238093 0.37648809523809523 0.33134920634920634 0.37549603174603174
0 0.421957671957672 0.5672123015873016 0.43584656084656087 0.5701884920634921 0.4427910052910053 0.5766369047619048 0.4441137566137566 0.5833333333333334 0.43915343915343913 0.5954861111111112 0.43386243386243384 0.5989583333333334 0.4193121693121693 0.6029265873015873 0.4050925925925926 0.5997023809523809 0.39616402116402116 0.5882936507936508 0.39616402116402116 0.5848214285714286 0.4080687830687831 0.5709325396825397 0.42162698412698413 0.5672123015873016
0 0.3835978835978836 0.30679563492063494 0.398478835978836 0.31547619047619047 0.4021164021164021 0.32142857142857145 0.40244708994708994 0.32787698412698413 0.39285714285714285 0.34151785714285715 0.38657407407407407 0.34523809523809523 0.3812830687830688 0.345734126984127 0.3697089947089947 0.34325396825396826 0.36177248677248675 0.3382936507936508 0.3558201058201058 0.33110119047619047 0.3544973544973545 0.32341269841269843 0.3558201058201058 0.31746031746031744 0.3630952380952381 0.31026785714285715 0.3726851851851852 0.30679563492063494 0.38326719576719576 0.30679563492063494
0 0.2027116402116402 0.47445436507936506 0.20899470899470898 0.4771825396825397 0.21494708994708994 0.4833829365079365 0.21726190476190477 0.49528769841269843 0.2080026455026455 0.5054563492063492 0.1960978835978836 0.5086805555555556 0.18551587301587302 0.5079365079365079 0.1746031746031746 0.5014880952380952 0.17063492063492064 0.4947916666666667 0.16997354497354497 0.4871031746031746 0.17394179894179895 0.4801587301587302 0.18154761904761904 0.4749503968253968 0.18981481481481483 0.4732142857142857 0.20238095238095238 0.47445436507936506
0 0.42228835978835977 0.7075892857142857 0.4322089947089947 0.7093253968253969 0.43915343915343913 0.7135416666666666 0.44312169312169314 0.71875 0.44477513227513227 0.7289186507936508 0.44312169312169314 0.7348710317460317 0.435515873015873 0.7425595238095238 0.42824074074074076 0.7467757936507936 0.4166666666666667 0.7490079365079365 0.40476190476190477 0.7475198412698413 0.39285714285714285 0.7410714285714286 0.3888888888888889 0.7259424603174603 0.39285714285714285 0.716765873015873 0.4017857142857143 0.7098214285714286 0.4103835978835979 0.7073412698412699 0.421957671957672 0.7075892857142857
0 0.6299603174603174 0.6716269841269841 0.6431878306878307 0.6822916666666666 0.6458333333333334 0.6974206349206349 0.6415343915343915 0.7046130952380952 0.6233465608465608 0.7150297619047619 0.6084656084656085 0.7135416666666666 0.5978835978835979 0.7075892857142857 0.5929232804232805 0.6994047619047619 0.5925925925925926 0.6904761904761905 0.5952380952380952 0.6817956349206349 0.6018518518518519 0.6750992063492064 0.6140873015873016 0.6713789682539683 0.6296296296296297 0.6716269841269841
0 0.49206349206349204 0.392609126984127 0.5016534391534392 0.4017857142857143 0.5033068783068783 0.4117063492063492 0.4894179894179894 0.42509920634920634 0.4771825396825397 0.4280753968253968 0.4656084656084656 0.4255952380952381 0.4599867724867725 0.4211309523809524 0.45601851851851855 0.4134424603174603 0.45634920634920634 0.4037698412698413 0.4632936507936508 0.3958333333333333 0.4738756613756614 0.39186507936507936 0.4861111111111111 0.39087301587301587 0.49173280423280424 0.392609126984127
0 0.5747354497354498 0.23809523809523808 0.5816798941798942 0.23933531746031747 0.5925925925925926 0.24503968253968253 0.5958994708994709 0.2562003968253968 0.5916005291005291 0.26587301587301587 0.5849867724867724 0.2718253968253968 0.5704365079365079 0.2748015873015873 0.5601851851851852 0.27380952380952384 0.5545634920634921 0.27033730158730157 0.5496031746031746 0.2628968253968254 0.5482804232804233 0.25496031746031744 0.5515873015873016 0.24751984126984128 0.5572089947089947 0.24231150793650794 0.5744047619047619 0.23809523809523808
0 0.46064814814814814 0.27653769841269843 0.46924603174603174 0.279265873015873 0.4775132275132275 0.28621031746031744 0.4798280423280423 0.298859126984127 0.4728835978835979 0.30753968253968256 0.4603174603174603 0.31274801587301587 0.44212962962962965 0.3090277777777778 0.4341931216931217 0.3003472222222222 0.4332010582010582 0.2924107142857143 0.43452380952380953 0.2854662698412698 0.4427910052910053 0.27901785714285715 0.4603174603174603 0.27653769841269843
0 0.45965608465608465 0.36334325396825395 0.4689153439153439 0.36507936507936506 0.47685185185185186 0.3695436507936508 0.4818121693121693 0.37648809523809523 0.48214285714285715 0.3841765873015873 0.4771825396825397 0.39087301587301587 0.4576719576719577 0.39880952380952384 0.4494047619047619 0.3975694444444444 0.4375 0.3916170634920635 0.43386243386243384 0.3871527777777778 0.4332010582010582 0.37971230158730157 0.435515873015873 0.37351190476190477 0.4444444444444444 0.3658234126984127 0.4593253968253968 0.36334325396825395
0 0.2863756613756614 0.392609126984127 0.30158730158730157 0.3948412698412698 0.3091931216931217 0.4020337301587302 0.31117724867724866 0.4107142857142857 0.3048941798941799 0.42237103174603174 0.296957671957672 0.4270833333333333 0.2873677248677249 0.42857142857142855 0.2724867724867725 0.423859126984127 0.265542328042328 0.4174107142857143 0.2622354497354497 0.4079861111111111 0.26322751322751325 0.4037698412698413 0.27215608465608465 0.39657738095238093 0.28604497354497355 0.39285714285714285
0 0.42923280423280424 0.5071924603174603 0.4384920634920635 0.5086805555555556 0.4441137566137566 0.5121527777777778 0.45271164021164023 0.5255456349206349 0.45171957671957674 0.5300099206349206 0.4427910052910053 0.5401785714285714 0.4312169312169312 0.5411706349206349 0.41435185185185186 0.5396825396825397 0.4074074074074074 0.5339781746031746 0.4041005291005291 0.5260416666666666 0.40476190476190477 0.5190972222222222 0.41005291005291006 0.511656746031746 0.41798941798941797 0.5076884920634921 0.4289021164021164 0.5071924603174603
0 0.611441798941799 0.3601190476190476 0.621031746031746 0.3695436507936508 0.6207010582010583 0.3812003968253968 0.6130952380952381 0.388640873015873 0.6005291005291006 0.3923611111111111 0.591931216931217 0.3923611111111111 0.5773809523809523 0.38318452380952384 0.5753968253968254 0.37276785714285715 0.5813492063492064 0.3635912698412698 0.5889550264550265 0.359375 0.6038359788359788 0.35813492063492064 0.6111111111111112 0.3601190476190476