0 0.6597222222222222 0.5349702380952381 0.6729497354497355 0.5419146825396826 0.6752645502645502 0.550843253968254 0.6689814814814815 0.5587797619047619 0.6574074074074074 0.5620039682539683 0.6474867724867724 0.5617559523809523 0.640542328042328 0.5582837301587301 0.6352513227513228 0.5540674603174603 0.6339285714285714 0.5463789682539683 0.6435185185185185 0.5376984126984127 0.6593915343915344 0.5349702380952381
0 0.39616402116402116 0.7085813492063492 0.41005291005291006 0.716765873015873 0.4123677248677249 0.7237103174603174 0.4060846560846561 0.7346230158730159 0.39880952380952384 0.7390873015873016 0.390542328042328 0.7410714285714286 0.37797619047619047 0.7375992063492064 0.375 0.734375 0.3740079365079365 0.7264384920634921 0.3792989417989418 0.7160218253968254 0.38855820105820105 0.7098214285714286 0.3958333333333333 0.7085813492063492
0 0.4427910052910053 0.5220734126984127 0.45535714285714285 0.5255456349206349 0.46130952380952384 0.5349702380952381 0.4566798941798942 0.5443948412698413 0.44312169312169314 0.5510912698412699 0.435515873015873 0.550843253968254 0.42857142857142855 0.5478670634920635 0.4236111111111111 0.5434027777777778 0.4212962962962963 0.5372023809523809 0.42328042328042326 0.5297619047619048 0.42857142857142855 0.5248015873015873 0.44246031746031744 0.5220734126984127
0 0.5889550264550265 0.46825396825396826 0.5988756613756614 0.47346230158730157 0.6021825396825397 0.48462301587301587 0.5949074074074074 0.49429563492063494 0.5830026455026455 0.4972718253968254 0.5744047619047619 0.49677579365079366 0.566468253968254 0.49231150793650796 0.5634920634920635 0.4806547619047619 0.5714285714285714 0.4712301587301587 0.5813492063492064 0.4680059523809524 0.5886243386243386 0.46825396825396826
0 0.3498677248677249 0.6783234126984127 0.36243386243386244 0.685515873015873 0.36574074074074076 0.6949404761904762 0.35978835978835977 0.7048611111111112 0.3488756613756614 0.7090773809523809 0.3349867724867725 0.7068452380952381 0.33101851851851855 0.7043650793650794 0.32671957671957674 0.6919642857142857 0.3296957671957672 0.685515873015873 0.3343253968253968 0.6820436507936508 0.3416005291005291 0.6785714285714286 0.34953703703703703 0.6783234126984127
0 0.5661375661375662 0.3400297619047619 0.5747354497354498 0.345734126984127 0.5787037037037037 0.3568948412698413 0.5737433862433863 0.36334325396825395 0.5615079365079365 0.36904761904761907 0.5535714285714286 0.3678075396825397 0.5453042328042328 0.3635912698412698 0.5423280423280423 0.35342261904761907 0.5459656084656085 0.34499007936507936 0.5505952380952381 0.34151785714285715 0.5658068783068783 0.3400297619047619
0 0.49834656084656087 0.6205357142857143 0.5082671957671958 0.6212797619047619 0.5152116402116402 0.6302083333333334 0.5125661375661376 0.6408730158730159 0.5082671957671958 0.6450892857142857 0.5003306878306878 0.6480654761904762 0.4914021164021164 0.6478174603174603 0.4837962962962963 0.6440972222222222 0.4794973544973545 0.6403769841269841 0.4781746031746032 0.6336805555555556 0.478505291005291 0.6299603174603174 0.4851190476190476 0.6232638888888888 0.498015873015873 0.6205357142857143
0 0.5601851851851852 0.5744047619047619 0.5714285714285714 0.5806051587301587 0.5744047619047619 0.5920138888888888 0.5677910052910053 0.6019345238095238 0.5578703703703703 0.6049107142857143 0.5472883597883598 0.6041666666666666 0.5373677248677249 0.5974702380952381 0.5347222222222222 0.5870535714285714 0.5433201058201058 0.5768849206349206 0.5598544973544973 0.5744047619047619
0 0.5267857142857143 0.5515873015873016 0.5396825396825397 0.5550595238095238 0.544973544973545 0.5657242063492064 0.5433201058201058 0.5746527777777778 0.5300925925925926 0.5813492063492064 0.5188492063492064 0.5786210317460317 0.5095899470899471 0.5677083333333334 0.5148809523809523 0.5570436507936508 0.5264550264550265 0.5515873015873016
0 0.6755952380952381 0.5128968253968254 0.6871693121693122 0.5171130952380952 0.6934523809523809 0.5297619047619048 0.6884920634920635 0.5381944444444444 0.6752645502645502 0.5416666666666666 0.6583994708994709 0.533234126984127 0.6557539682539683 0.5267857142857143 0.6613756613756614 0.5173611111111112 0.6686507936507936 0.513640873015873 0.6752645502645502 0.5128968253968254
0 0.6240079365079365 0.39558531746031744 0.6339285714285714 0.39955357142857145 0.6375661375661376 0.4114583333333333 0.6306216931216931 0.41964285714285715 0.6183862433862434 0.42311507936507936 0.6111111111111112 0.4226190476190476 0.6025132275132276 0.4191468253968254 0.5985449735449735 0.4087301587301587 0.6058201058201058 0.3993055555555556 0.6124338624338624 0.39632936507936506 0.6236772486772487 0.39558531746031744
0 0.3012566137566138 0.5858134920634921 0.310515873015873 0.5885416666666666 0.3167989417989418 0.5974702380952381 0.3158068783068783 0.6068948412698413 0.30257936507936506 0.6145833333333334 0.2867063492063492 0.6121031746031746 0.27976190476190477 0.6014384920634921 0.28075396825396826 0.5952380952380952 0.2867063492063492 0.5890376984126984 0.30092592592592593 0.5858134920634921
0 0.33796296296296297 0.5858134920634921 0.3488756613756614 0.5920138888888888 0.35085978835978837 0.6016865079365079 0.3458994708994709 0.6111111111111112 0.33201058201058203 0.6145833333333334 0.32043650793650796 0.609375 0.31646825396825395 0.5967261904761905 0.3237433862433862 0.5882936507936508 0.3376322751322751 0.5858134920634921
0 0.6140873015873016 0.5431547619047619 0.6276455026455027 0.5498511904761905 0.6322751322751323 0.5610119047619048 0.6216931216931217 0.5719246031746031 0.6127645502645502 0.5744047619047619 0.59755291005291 0.5711805555555556 0.591931216931217 0.5649801587301587 0.5902777777777778 0.5567956349206349 0.5932539682539683 0.5500992063492064 0.5985449735449735 0.5463789682539683 0.6137566137566137 0.5431547619047619
0 0.644510582010582 0.5652281746031746 0.6501322751322751 0.5667162698412699 0.6550925925925926 0.5709325396825397 0.6590608465608465 0.582093253968254 0.6507936507936508 0.5920138888888888 0.6412037037037037 0.59375 0.6266534391534392 0.5905257936507936 0.6197089947089947 0.5845734126984127 0.6180555555555556 0.5778769841269841 0.6216931216931217 0.5724206349206349 0.6302910052910053 0.566468253968254 0.6441798941798942 0.5652281746031746
0 0.37037037037037035 0.5949900793650794 0.3819444444444444 0.5984623015873016 0.3888888888888889 0.6088789682539683 0.38425925925925924 0.6200396825396826 0.37334656084656087 0.6257440476190477 0.3558201058201058 0.6225198412698413 0.35119047619047616 0.6192956349206349 0.3488756613756614 0.6128472222222222 0.3492063492063492 0.6056547619047619 0.353505291005291 0.5984623015873016 0.35978835978835977 0.5954861111111112 0.37003968253968256 0.5949900793650794
0 0.5221560846560847 0.31374007936507936 0.5340608465608465 0.3177083333333333 0.5400132275132276 0.32762896825396826 0.5347222222222222 0.33903769841269843 0.5231481481481481 0.34375 0.5085978835978836 0.34052579365079366 0.5033068783068783 0.33556547619047616 0.501984126984127 0.328125 0.503968253968254 0.3211805555555556 0.5082671957671958 0.3167162698412698 0.5218253968253969 0.31374007936507936
0 0.25793650793650796 0.28720238095238093 0.2728174603174603 0.2926587301587302 0.2777777777777778 0.30357142857142855 0.273478835978836 0.3117559523809524 0.2622354497354497 0.3179563492063492 0.2414021164021164 0.31274801587301587 0.23544973544973544 0.30357142857142855 0.23544973544973544 0.29662698412698413 0.24107142857142858 0.29117063492063494 0.24867724867724866 0.28794642857142855 0.2576058201058201 0.28720238095238093
0 0.5360449735449735 0.5987103174603174 0.5433201058201058 0.6009424603174603 0.5479497354497355 0.605406746031746 0.5486111111111112 0.6180555555555556 0.5446428571428571 0.6247519841269841 0.533068783068783 0.6277281746031746 0.5244708994708994 0.6272321428571429 0.5185185185185185 0.6242559523809523 0.5142195767195767 0.6153273809523809 0.5181878306878307 0.6031746031746031 0.5257936507936508 0.5994543650793651 0.5357142857142857 0.5987103174603174
0 0.4947089947089947 0.5942460317460317 0.5085978835978836 0.5972222222222222 0.5142195767195767 0.6041666666666666 0.5122354497354498 0.6160714285714286 0.5062830687830688 0.6202876984126984 0.5009920634920635 0.6207837301587301 0.4914021164021164 0.6202876984126984 0.484457671957672 0.6170634920634921 0.4755291005291005 0.6063988095238095 0.476521164021164 0.5999503968253969 0.4798280423280423 0.5964781746031746 0.49437830687830686 0.5942460317460317
0 0.4011243386243386 0.6671626984126984 0.41203703703703703 0.6716269841269841 0.416005291005291 0.6785714285714286 0.4156746031746032 0.6830357142857143 0.4083994708994709 0.6934523809523809 0.3951719576719577 0.6979166666666666 0.3869047619047619 0.6976686507936508 0.37863756613756616 0.6934523809523809 0.37334656084656087 0.6822916666666666 0.37665343915343913 0.6748511904761905 0.3835978835978836 0.6696428571428571 0.3912037037037037 0.6671626984126984 0.4007936507936508 0.6671626984126984
0 0.4064153439153439 0.4496527777777778 0.419973544973545 0.45262896825396826 0.42493386243386244 0.46130952380952384 0.4226190476190476 0.470734126984127 0.4150132275132275 0.4759424603174603 0.4083994708994709 0.47767857142857145 0.39384920634920634 0.47643849206349204 0.38492063492063494 0.46750992063492064 0.38955026455026454 0.45461309523809523 0.3978174603174603 0.4503968253968254 0.4060846560846561 0.4496527777777778
0 0.45337301587301587 0.576140873015873 0.46395502645502645 0.5845734126984127 0.4646164021164021 0.5942460317460317 0.4576719576719577 0.6036706349206349 0.44642857142857145 0.607390873015873 0.43716931216931215 0.6063988095238095 0.42857142857142855 0.6024305555555556 0.4246031746031746 0.5954861111111112 0.42427248677248675 0.5882936507936508 0.42824074074074076 0.5815972222222222 0.43353174603174605 0.578125 0.4444444444444444 0.5753968253968254 0.453042328042328 0.576140873015873
0 0.7711640211640212 0.5096726190476191 0.7804232804232805 0.5143849206349206 0.783068783068783 0.5260416666666666 0.7761243386243386 0.5344742063492064 0.7638888888888888 0.5381944444444444 0.7552910052910053 0.5376984126984127 0.7466931216931217 0.5337301587301587 0.7430555555555556 0.529265873015873 0.7423941798941799 0.5215773809523809 0.7513227513227513 0.5114087301587301 0.7605820105820106 0.5086805555555556 0.7708333333333334 0.5096726190476191
0 0.5092592592592593 0.46279761904761907 0.5198412698412699 0.46825396825396826 0.5241402116402116 0.4809027777777778 0.5178571428571429 0.4888392857142857 0.5082671957671958 0.49231150793650796 0.498015873015873 0.4913194444444444 0.49107142857142855 0.48834325396825395 0.4871031746031746 0.48462301587301587 0.48478835978835977 0.47668650793650796 0.48578042328042326 0.4704861111111111 0.49074074074074076 0.46577380952380953 0.5016534391534392 0.4625496031746032 0.5089285714285714 0.46279761904761907
0 0.22453703703703703 0.45362103174603174 0.23776455026455026 0.4603174603174603 0.24107142857142858 0.47098214285714285 0.23412698412698413 0.47966269841269843 0.2222222222222222 0.48313492063492064 0.21362433862433863 0.48214285714285715 0.2056878306878307 0.47767857142857145 0.20238095238095238 0.4732142857142857 0.20105820105820105 0.4642857142857143 0.20337301587301587 0.4595734126984127 0.20932539682539683 0.45535714285714285 0.22420634920634921 0.45362103174603174
0 0.4738756613756614 0.640625 0.4837962962962963 0.6428571428571429 0.4923941798941799 0.6498015873015873 0.49404761904761907 0.6579861111111112 0.4877645502645503 0.6669146825396826 0.4775132275132275 0.6708829365079365 0.4662698412698413 0.6711309523809523 0.4593253968253968 0.6691468253968254 0.453042328042328 0.6624503968253969 0.453042328042328 0.6510416666666666 0.46164021164021163 0.6438492063492064 0.47354497354497355 0.6408730158730159