0 0.4226190476190476 0.6063988095238095 0.45271164021164023 0.611359126984127 0.4599867724867725 0.6187996031746031 0.46130952380952384 0.6232638888888888 0.46064814814814814 0.6336805555555556 0.453042328042328 0.642609126984127 0.4408068783068783 0.6475694444444444 0.42956349206349204 0.6493055555555556 0.41435185185185186 0.6455853174603174 0.40674603174603174 0.6381448412698413 0.40343915343915343 0.6307043650793651 0.40575396825396826 0.6160714285714286 0.41369047619047616 0.6091269841269841 0.42228835978835977 0.6063988095238095
0 0.628968253968254 0.6170634920634921 0.6365740740740741 0.6180555555555556 0.6481481481481481 0.6262400793650794 0.6541005291005291 0.6371527777777778 0.6537698412698413 0.6408730158730159 0.6507936507936508 0.6483134920634921 0.6438492063492064 0.6552579365079365 0.6187169312169312 0.6572420634920635 0.6130952380952381 0.6555059523809523 0.6021825396825397 0.6470734126984127 0.6001984126984127 0.6398809523809523 0.6173941798941799 0.6292162698412699 0.6223544973544973 0.6183035714285714 0.6286375661375662 0.6170634920634921
0 0.673941798941799 0.5183531746031746 0.6851851851851852 0.5220734126984127 0.6891534391534392 0.5255456349206349 0.6924603174603174 0.5374503968253969 0.685515873015873 0.5483630952380952 0.6673280423280423 0.5553075396825397 0.6541005291005291 0.5538194444444444 0.6455026455026455 0.5498511904761905 0.6402116402116402 0.5424107142857143 0.6395502645502645 0.5317460317460317 0.6438492063492064 0.5243055555555556 0.6736111111111112 0.5183531746031746
0 0.5929232804232805 0.501984126984127 0.6028439153439153 0.5049603174603174 0.6137566137566137 0.5114087301587301 0.6193783068783069 0.5225694444444444 0.6130952380952381 0.5384424603174603 0.6061507936507936 0.5436507936507936 0.5942460317460317 0.5473710317460317 0.5813492063492064 0.5463789682539683 0.5707671957671958 0.5414186507936508 0.5638227513227513 0.5337301587301587 0.5615079365079365 0.5228174603174603 0.5628306878306878 0.515625 0.5691137566137566 0.5081845238095238 0.5849867724867724 0.501984126984127 0.5925925925925926 0.501984126984127
0 0.5515873015873016 0.6966765873015873 0.5658068783068783 0.7023809523809523 0.5744047619047619 0.7152777777777778 0.5737433862433863 0.7242063492063492 0.5687830687830688 0.7341269841269841 0.5615079365079365 0.7390873015873016 0.5532407407407407 0.7410714285714286 0.5419973544973545 0.7400793650793651 0.531415343915344 0.7348710317460317 0.5234788359788359 0.7274305555555556 0.5205026455026455 0.7170138888888888 0.5218253968253969 0.7098214285714286 0.529431216931217 0.7021329365079365 0.5426587301587301 0.6971726190476191 0.5512566137566137 0.6966765873015873
0 0.5542328042328042 0.6187996031746031 0.5621693121693122 0.6220238095238095 0.5687830687830688 0.6277281746031746 0.5744047619047619 0.636656746031746 0.5744047619047619 0.6416170634920635 0.5717592592592593 0.6495535714285714 0.5658068783068783 0.6557539682539683 0.546957671957672 0.6614583333333334 0.5337301587301587 0.658234126984127 0.5277777777777778 0.6545138888888888 0.5224867724867724 0.6473214285714286 0.5224867724867724 0.6423611111111112 0.5307539682539683 0.6252480158730159 0.5423280423280423 0.6190476190476191 0.5539021164021164 0.6187996031746031
0 0.515542328042328 0.6014384920634921 0.5267857142857143 0.6056547619047619 0.5324074074074074 0.6123511904761905 0.5300925925925926 0.6252480158730159 0.5221560846560847 0.6401289682539683 0.5119047619047619 0.642609126984127 0.49537037037037035 0.640625 0.48412698412698413 0.6339285714285714 0.4801587301587302 0.6259920634920635 0.4794973544973545 0.6163194444444444 0.48313492063492064 0.6098710317460317 0.49834656084656087 0.6081349206349206 0.5152116402116402 0.6016865079365079
0 0.3654100529100529 0.6877480158730159 0.37665343915343913 0.6899801587301587 0.38756613756613756 0.6961805555555556 0.3915343915343915 0.7006448412698413 0.3948412698412698 0.7118055555555556 0.38855820105820105 0.7239583333333334 0.3792989417989418 0.7318948412698413 0.3726851851851852 0.7348710317460317 0.36078042328042326 0.736359126984127 0.35085978835978837 0.734375 0.34226190476190477 0.7299107142857143 0.3349867724867725 0.7229662698412699 0.33366402116402116 0.71875 0.3425925925925926 0.7068452380952381 0.34755291005291006 0.6919642857142857 0.3558201058201058 0.6879960317460317 0.36507936507936506 0.6877480158730159
0 0.593915343915344 0.6475694444444444 0.6031746031746031 0.6505456349206349 0.6127645502645502 0.6574900793650794 0.6160714285714286 0.6746031746031746 0.6137566137566137 0.6817956349206349 0.6097883597883598 0.685515873015873 0.6031746031746031 0.6899801587301587 0.5929232804232805 0.6929563492063492 0.5813492063492064 0.6922123015873016 0.5651455026455027 0.6860119047619048 0.5601851851851852 0.6808035714285714 0.5582010582010583 0.6713789682539683 0.5608465608465608 0.6649305555555556 0.5753968253968254 0.6502976190476191 0.5846560846560847 0.6475694444444444 0.593584656084656 0.6475694444444444
0 0.7139550264550265 0.7264384920634921 0.7278439153439153 0.734375 0.7321428571428571 0.7408234126984127 0.7328042328042328 0.7487599206349206 0.7311507936507936 0.7542162698412699 0.7258597883597884 0.7586805555555556 0.718584656084656 0.763640873015873 0.7099867724867724 0.7661210317460317 0.6865079365079365 0.7586805555555556 0.6805555555555556 0.7514880952380952 0.6789021164021164 0.7420634920634921 0.6858465608465608 0.7294146825396826 0.7136243386243386 0.7264384920634921
0 0.6924603174603174 0.6312003968253969 0.7046957671957672 0.6361607142857143 0.7159391534391535 0.6465773809523809 0.7162698412698413 0.6507936507936508 0.7066798941798942 0.6609623015873016 0.6858465608465608 0.6666666666666666 0.6650132275132276 0.6609623015873016 0.6597222222222222 0.6478174603174603 0.6613756613756614 0.6388888888888888 0.6921296296296297 0.6314484126984127
0 0.6441798941798942 0.6555059523809523 0.6534391534391535 0.6646825396825397 0.6517857142857143 0.6755952380952381 0.6415343915343915 0.6870039682539683 0.6292989417989417 0.6877480158730159 0.6197089947089947 0.6870039682539683 0.6144179894179894 0.6830357142857143 0.6150793650793651 0.6579861111111112 0.6438492063492064 0.6555059523809523
0 0.498015873015873 0.5592757936507936 0.5089285714285714 0.5622519841269841 0.5158730158730159 0.5674603174603174 0.5224867724867724 0.5813492063492064 0.5231481481481481 0.5882936507936508 0.515542328042328 0.6006944444444444 0.4923941798941799 0.609375 0.48115079365079366 0.6078869047619048 0.4695767195767196 0.5989583333333334 0.4685846560846561 0.5716765873015873 0.4794973544973545 0.5632440476190477 0.4976851851851852 0.5592757936507936
0 0.6633597883597884 0.6629464285714286 0.6841931216931217 0.6676587301587301 0.689484126984127 0.6736111111111112 0.6921296296296297 0.6812996031746031 0.6898148148148148 0.6899801587301587 0.6785714285714286 0.6979166666666666 0.6653439153439153 0.7016369047619048 0.6484788359788359 0.6961805555555556 0.6438492063492064 0.6924603174603174 0.6415343915343915 0.6862599206349206 0.6498015873015873 0.6765873015873016 0.6534391534391535 0.6644345238095238 0.6630291005291006 0.6629464285714286
0 0.4312169312169312 0.6788194444444444 0.44742063492063494 0.6857638888888888 0.453042328042328 0.6964285714285714 0.45337301587301587 0.7038690476190477 0.4503968253968254 0.7108134920634921 0.4437830687830688 0.7170138888888888 0.43915343915343913 0.720734126984127 0.42857142857142855 0.7242063492063492 0.4050925925925926 0.7185019841269841 0.39616402116402116 0.707093253968254 0.3955026455026455 0.6994047619047619 0.3978174603174603 0.6924603174603174 0.40773809523809523 0.6837797619047619 0.4226190476190476 0.6788194444444444 0.4308862433862434 0.6788194444444444
0 0.671957671957672 0.5930059523809523 0.6805555555555556 0.5954861111111112 0.6901455026455027 0.6016865079365079 0.6941137566137566 0.6091269841269841 0.6947751322751323 0.6220238095238095 0.689484126984127 0.6309523809523809 0.6716269841269841 0.6369047619047619 0.6613756613756614 0.6371527777777778 0.6541005291005291 0.6334325396825397 0.6402116402116402 0.6202876984126984 0.6382275132275133 0.613343253968254 0.6438492063492064 0.6019345238095238 0.6507936507936508 0.595734126984127 0.6716269841269841 0.5930059523809523
0 0.716931216931217 0.7981150793650794 0.7271825396825397 0.8043154761904762 0.7311507936507936 0.8092757936507936 0.7331349206349206 0.824156746031746 0.7308201058201058 0.8298611111111112 0.7248677248677249 0.8353174603174603 0.7103174603174603 0.8382936507936508 0.6994047619047619 0.8365575396825397 0.6888227513227513 0.8315972222222222 0.6832010582010583 0.8249007936507936 0.6822089947089947 0.8167162698412699 0.6891534391534392 0.8043154761904762 0.7066798941798942 0.8018353174603174 0.7166005291005291 0.7981150793650794
0 0.4080687830687831 0.7214781746031746 0.421957671957672 0.7244543650793651 0.42956349206349204 0.7299107142857143 0.43683862433862436 0.7455357142857143 0.435515873015873 0.7514880952380952 0.4279100529100529 0.7619047619047619 0.4203042328042328 0.7663690476190477 0.4044312169312169 0.7703373015873016 0.3888888888888889 0.765625 0.38326719576719576 0.761656746031746 0.3773148148148148 0.751984126984127 0.37632275132275134 0.7435515873015873 0.37896825396825395 0.7336309523809523 0.38293650793650796 0.7294146825396826 0.39384920634920634 0.7234623015873016 0.40773809523809523 0.7214781746031746
0 0.7417328042328042 0.7542162698412699 0.751984126984127 0.7581845238095238 0.7592592592592593 0.7643849206349206 0.7628968253968254 0.7800099206349206 0.7579365079365079 0.7899305555555556 0.7506613756613757 0.7934027777777778 0.7384259259259259 0.794890873015873 0.7268518518518519 0.7936507936507936 0.7232142857142857 0.7914186507936508 0.7146164021164021 0.7673611111111112 0.7318121693121693 0.7542162698412699 0.7414021164021164 0.7542162698412699
0 0.4513888888888889 0.5642361111111112 0.46494708994708994 0.5709325396825397 0.4679232804232804 0.5744047619047619 0.4689153439153439 0.5935019841269841 0.4669312169312169 0.5987103174603174 0.4599867724867725 0.6036706349206349 0.44477513227513227 0.6086309523809523 0.43253968253968256 0.6078869047619048 0.41898148148148145 0.6041666666666666 0.4103835978835979 0.59375 0.4083994708994709 0.5830853174603174 0.414021164021164 0.5711805555555556 0.42493386243386244 0.5642361111111112 0.43584656084656087 0.5625 0.45105820105820105 0.5642361111111112
0 0.6931216931216931 0.7624007936507936 0.7123015873015873 0.7686011904761905 0.7195767195767195 0.7797619047619048 0.7208994708994709 0.7899305555555556 0.7162698412698413 0.7978670634920635 0.7056878306878307 0.8018353174603174 0.6901455026455027 0.8030753968253969 0.6812169312169312 0.8010912698412699 0.6749338624338624 0.796875 0.6673280423280423 0.7864583333333334 0.6663359788359788 0.7795138888888888 0.6693121693121693 0.7723214285714286 0.6752645502645502 0.7666170634920635 0.6858465608465608 0.7621527777777778 0.6927910052910053 0.7624007936507936
0 0.3244047619047619 0.6750992063492064 0.33465608465608465 0.6773313492063492 0.3392857142857143 0.6805555555555556 0.34424603174603174 0.6892361111111112 0.34523809523809523 0.6976686507936508 0.3406084656084656 0.7100694444444444 0.3330026455026455 0.7175099206349206 0.3167989417989418 0.7229662698412699 0.29728835978835977 0.720734126984127 0.2857142857142857 0.7135416666666666 0.2794312169312169 0.7053571428571429 0.2794312169312169 0.6941964285714286 0.2833994708994709 0.685515873015873 0.2962962962962963 0.6768353174603174 0.30357142857142855 0.6748511904761905 0.32407407407407407 0.6750992063492064
0 0.5085978835978836 0.4905753968253968 0.5271164021164021 0.498015873015873 0.533068783068783 0.5052083333333334 0.5343915343915344 0.5119047619047619 0.5248015873015873 0.5265376984126984 0.5148809523809523 0.53125 0.5052910052910053 0.5329861111111112 0.49503968253968256 0.5319940476190477 0.48743386243386244 0.5285218253968254 0.4798280423280423 0.519593253968254 0.476521164021164 0.5084325396825397 0.48974867724867727 0.5 0.498015873015873 0.49032738095238093 0.5082671957671958 0.4905753968253968
0 0.6931216931216931 0.6884920634920635 0.7063492063492064 0.691468253968254 0.7119708994708994 0.6959325396825397 0.716931216931217 0.7046130952380952 0.7175925925925926 0.7172619047619048 0.7103174603174603 0.7259424603174603 0.6871693121693122 0.7284226190476191 0.6785714285714286 0.7266865079365079 0.6676587301587301 0.71875 0.6633597883597884 0.7135416666666666 0.6626984126984127 0.7058531746031746 0.6650132275132276 0.7013888888888888 0.6789021164021164 0.6974206349206349 0.6927910052910053 0.6884920634920635
0 0.49834656084656087 0.6746031746031746 0.515542328042328 0.6785714285714286 0.5201719576719577 0.6842757936507936 0.5228174603174603 0.6946924603174603 0.5218253968253969 0.7028769841269841 0.5145502645502645 0.7142857142857143 0.5092592592592593 0.7185019841269841 0.49834656084656087 0.7212301587301587 0.48743386243386244 0.7209821428571429 0.476521164021164 0.7175099206349206 0.4705687830687831 0.7132936507936508 0.4652777777777778 0.703125 0.4666005291005291 0.6892361111111112 0.47023809523809523 0.6822916666666666 0.4775132275132275 0.6780753968253969 0.498015873015873 0.6746031746031746
0 0.4751984126984127 0.46130952380952384 0.48743386243386244 0.46577380952380953 0.49272486772486773 0.47023809523809523 0.4966931216931217 0.4806547619047619 0.49636243386243384 0.4908234126984127 0.48544973544973546 0.5037202380952381 0.4771825396825397 0.5076884920634921 0.46494708994708994 0.5096726190476191 0.453042328042328 0.5069444444444444 0.44543650793650796 0.5014880952380952 0.43716931216931215 0.49107142857142855 0.43683862433862436 0.4806547619047619 0.44212962962962965 0.4704861111111111 0.4487433862433862 0.46552579365079366 0.4599867724867725 0.4615575396825397 0.4748677248677249 0.46130952380952384
0 0.4894179894179894 0.7894345238095238 0.49867724867724866 0.7921626984126984 0.5052910052910053 0.7971230158730159 0.5099206349206349 0.8067956349206349 0.5112433862433863 0.8179563492063492 0.5046296296296297 0.828125 0.4871031746031746 0.8353174603174603 0.47354497354497355 0.8333333333333334 0.46296296296296297 0.8278769841269841 0.4573412698412698 0.8209325396825397 0.4556878306878307 0.8102678571428571 0.458994708994709 0.8005952380952381 0.4669312169312169 0.792906746031746 0.47585978835978837 0.7896825396825397 0.48908730158730157 0.7894345238095238
0 0.595568783068783 0.5944940476190477 0.6058201058201058 0.5959821428571429 0.6164021164021164 0.6009424603174603 0.6223544973544973 0.6140873015873016 0.6207010582010583 0.6264880952380952 0.6170634920634921 0.6309523809523809 0.609457671957672 0.6356646825396826 0.5988756613756614 0.6383928571428571 0.5763888888888888 0.6354166666666666 0.5661375661375662 0.6242559523809523 0.5631613756613757 0.6170634920634921 0.5648148148148148 0.6056547619047619 0.5707671957671958 0.5994543650793651 0.5830026455026455 0.5952380952380952 0.5952380952380952 0.5944940476190477
0 0.22817460317460317 0.5855654761904762 0.2414021164021164 0.5873015873015873 0.24801587301587302 0.5907738095238095 0.2585978835978836 0.5994543650793651 0.26157407407407407 0.6049107142857143 0.2605820105820106 0.6163194444444444 0.2552910052910053 0.6252480158730159 0.24503968253968253 0.6321924603174603 0.22916666666666666 0.6356646825396826 0.2166005291005291 0.6349206349206349 0.2056878306878307 0.6304563492063492 0.19940476190476192 0.625 0.19378306878306878 0.6148313492063492 0.19576719576719576 0.6026785714285714 0.20105820105820105 0.5947420634920635 0.22056878306878308 0.5860615079365079 0.22784391534391535 0.5855654761904762
0 0.6640211640211641 0.48387896825396826 0.6749338624338624 0.4908234126984127 0.6789021164021164 0.4992559523809524 0.6789021164021164 0.5059523809523809 0.6709656084656085 0.517609126984127 0.656084656084656 0.5223214285714286 0.6378968253968254 0.5193452380952381 0.6299603174603174 0.5119047619047619 0.626984126984127 0.5017361111111112 0.6316137566137566 0.4913194444444444 0.6372354497354498 0.4861111111111111 0.65244708994709 0.4826388888888889 0.6636904761904762 0.48387896825396826