0 0.7843915343915344 0.5895337301587301 0.8068783068783069 0.5942460317460317 0.814484126984127 0.6076388888888888 0.814484126984127 0.6155753968253969 0.8115079365079365 0.6207837301587301 0.8035714285714286 0.626984126984127 0.792989417989418 0.6302083333333334 0.7827380952380952 0.6297123015873016 0.7648809523809523 0.6235119047619048 0.7572751322751323 0.6118551587301587 0.7572751322751323 0.6021825396825397 0.7609126984126984 0.5952380952380952 0.7721560846560847 0.5902777777777778 0.7840608465608465 0.5895337301587301
0 0.7179232804232805 0.6011904761904762 0.7347883597883598 0.609375 0.7384259259259259 0.6160714285714286 0.7390873015873016 0.6257440476190477 0.7337962962962963 0.6378968253968254 0.7132936507936508 0.6433531746031746 0.6990740740740741 0.6411210317460317 0.689484126984127 0.6371527777777778 0.6841931216931217 0.6331845238095238 0.6822089947089947 0.6257440476190477 0.6845238095238095 0.6125992063492064 0.6875 0.6088789682539683 0.7099867724867724 0.6014384920634921 0.7175925925925926 0.6011904761904762
0 0.7619047619047619 0.5220734126984127 0.7754629629629629 0.5329861111111112 0.7777777777777778 0.5441468253968254 0.7761243386243386 0.5503472222222222 0.7698412698412699 0.5570436507936508 0.7585978835978836 0.5590277777777778 0.7341269841269841 0.5560515873015873 0.728505291005291 0.5496031746031746 0.7334656084656085 0.5399305555555556 0.7334656084656085 0.5262896825396826 0.7490079365079365 0.5215773809523809 0.7615740740740741 0.5220734126984127
0 0.6954365079365079 0.5667162698412699 0.703042328042328 0.5689484126984127 0.7103174603174603 0.5746527777777778 0.71494708994709 0.5811011904761905 0.7156084656084656 0.5887896825396826 0.7113095238095238 0.5989583333333334 0.7063492063492064 0.6029265873015873 0.6858465608465608 0.6076388888888888 0.6808862433862434 0.6071428571428571 0.6623677248677249 0.5964781746031746 0.6590608465608465 0.5920138888888888 0.6603835978835979 0.5813492063492064 0.6643518518518519 0.5746527777777778 0.6755952380952381 0.5674603174603174 0.6951058201058201 0.5667162698412699
0 0.656415343915344 0.5974702380952381 0.671957671957672 0.6006944444444444 0.6845238095238095 0.6125992063492064 0.6789021164021164 0.6302083333333334 0.671957671957672 0.6354166666666666 0.6640211640211641 0.6374007936507936 0.6511243386243386 0.6364087301587301 0.6306216931216931 0.6299603174603174 0.6246693121693122 0.6217757936507936 0.6253306878306878 0.609375 0.6296296296296297 0.6029265873015873 0.6402116402116402 0.5984623015873016 0.656084656084656 0.5974702380952381
0 0.7162698412698413 0.5205853174603174 0.7238756613756614 0.5220734126984127 0.7311507936507936 0.5267857142857143 0.7331349206349206 0.5317460317460317 0.7321428571428571 0.5426587301587301 0.7271825396825397 0.5493551587301587 0.7033730158730159 0.5577876984126984 0.6924603174603174 0.5560515873015873 0.6845238095238095 0.5513392857142857 0.6818783068783069 0.5446428571428571 0.6841931216931217 0.5329861111111112 0.6904761904761905 0.5257936507936508 0.6994047619047619 0.5218253968253969 0.7159391534391535 0.5205853174603174
0 0.7513227513227513 0.4801587301587302 0.7658730158730159 0.48387896825396826 0.7797619047619048 0.4947916666666667 0.779431216931217 0.5049603174603174 0.771494708994709 0.5151289682539683 0.7619047619047619 0.5200892857142857 0.7486772486772487 0.5198412698412699 0.7341269841269841 0.5133928571428571 0.7265211640211641 0.5042162698412699 0.7255291005291006 0.4937996031746032 0.7301587301587301 0.48759920634920634 0.7374338624338624 0.48313492063492064 0.7509920634920635 0.48040674603174605
0 0.7936507936507936 0.44221230158730157 0.808531746031746 0.44816468253968256 0.8174603174603174 0.45982142857142855 0.8167989417989417 0.4670138888888889 0.8115079365079365 0.4749503968253968 0.8029100529100529 0.4806547619047619 0.7966269841269841 0.4818948412698413 0.7817460317460317 0.48115079365079366 0.7738095238095238 0.47842261904761907 0.7678571428571429 0.47371031746031744 0.7642195767195767 0.4603174603174603 0.7665343915343915 0.453125 0.7708333333333334 0.44915674603174605 0.7827380952380952 0.4439484126984127 0.7933201058201058 0.44221230158730157
0 0.6369047619047619 0.5597718253968254 0.6438492063492064 0.5610119047619048 0.6557539682539683 0.5672123015873016 0.66005291005291 0.5734126984126984 0.6593915343915344 0.5840773809523809 0.656415343915344 0.591765873015873 0.6521164021164021 0.5949900793650794 0.6302910052910053 0.5997023809523809 0.6183862433862434 0.5972222222222222 0.607473544973545 0.5887896825396826 0.6025132275132276 0.5766369047619048 0.6064814814814815 0.5704365079365079 0.6243386243386243 0.560515873015873 0.6365740740740741 0.5597718253968254
0 0.5988756613756614 0.5877976190476191 0.609457671957672 0.5905257936507936 0.6140873015873016 0.5939980158730159 0.6190476190476191 0.6021825396825397 0.6200396825396826 0.613343253968254 0.6170634920634921 0.6200396825396826 0.6121031746031746 0.6240079365079365 0.6058201058201058 0.6277281746031746 0.59755291005291 0.6292162698412699 0.5813492063492064 0.626984126984127 0.5734126984126984 0.623015873015873 0.566468253968254 0.6160714285714286 0.5654761904761905 0.6046626984126984 0.5674603174603174 0.5992063492063492 0.5724206349206349 0.5952380952380952 0.5882936507936508 0.5877976190476191 0.5985449735449735 0.5877976190476191
0 0.8647486772486772 0.41096230158730157 0.873015873015873 0.41418650793650796 0.8773148148148148 0.4191468253968254 0.8792989417989417 0.4270833333333333 0.876984126984127 0.43353174603174605 0.8660714285714286 0.4446924603174603 0.8382936507936508 0.44816468253968256 0.832010582010582 0.4466765873015873 0.8237433862433863 0.43799603174603174 0.8220899470899471 0.42757936507936506 0.8240740740740741 0.421875 0.8422619047619048 0.41121031746031744 0.8644179894179894 0.41096230158730157
0 0.6921296296296297 0.48759920634920634 0.7063492063492064 0.4955357142857143 0.7093253968253969 0.5086805555555556 0.7027116402116402 0.5198412698412699 0.6841931216931217 0.5265376984126984 0.6656746031746031 0.5243055555555556 0.6547619047619048 0.5086805555555556 0.6541005291005291 0.5042162698412699 0.656415343915344 0.498015873015873 0.6656746031746031 0.49107142857142855 0.6769179894179894 0.48759920634920634 0.6917989417989417 0.48759920634920634
0 0.5291005291005291 0.6282242063492064 0.5459656084656085 0.6319444444444444 0.5552248677248677 0.6433531746031746 0.5539021164021164 0.6584821428571429 0.5466269841269841 0.6651785714285714 0.5380291005291006 0.6686507936507936 0.5257936507936508 0.6684027777777778 0.5152116402116402 0.6651785714285714 0.5076058201058201 0.658234126984127 0.5029761904761905 0.6475694444444444 0.5036375661375662 0.6403769841269841 0.5152116402116402 0.6297123015873016 0.5287698412698413 0.6282242063492064
0 0.6415343915343915 0.5049603174603174 0.6521164021164021 0.5081845238095238 0.6597222222222222 0.5151289682539683 0.6636904761904762 0.5220734126984127 0.6640211640211641 0.5287698412698413 0.6577380952380952 0.5372023809523809 0.644510582010582 0.5434027777777778 0.6382275132275133 0.5441468253968254 0.6299603174603174 0.5434027777777778 0.6253306878306878 0.5409226190476191 0.6130952380952381 0.5297619047619048 0.611441798941799 0.5210813492063492 0.6150793650793651 0.5119047619047619 0.6197089947089947 0.5086805555555556 0.6412037037037037 0.5049603174603174
0 0.6081349206349206 0.5290178571428571 0.6243386243386243 0.5394345238095238 0.6279761904761905 0.5503472222222222 0.6253306878306878 0.5590277777777778 0.6157407407407407 0.5652281746031746 0.6041666666666666 0.5687003968253969 0.5952380952380952 0.5682043650793651 0.5757275132275133 0.5505952380952381 0.5753968253968254 0.5463789682539683 0.5853174603174603 0.5327380952380952 0.5988756613756614 0.5287698412698413 0.6078042328042328 0.5290178571428571
0 0.5472883597883598 0.591765873015873 0.5618386243386243 0.5989583333333334 0.5651455026455027 0.6160714285714286 0.5615079365079365 0.6222718253968254 0.5466269841269841 0.6304563492063492 0.5188492063492064 0.6257440476190477 0.5148809523809523 0.6205357142857143 0.5115740740740741 0.6063988095238095 0.5152116402116402 0.6001984126984127 0.5224867724867724 0.5947420634920635 0.5357142857142857 0.5910218253968254 0.546957671957672 0.591765873015873
0 0.5694444444444444 0.5518353174603174 0.5773809523809523 0.5533234126984127 0.5882936507936508 0.5607638888888888 0.5932539682539683 0.5672123015873016 0.593915343915344 0.574156746031746 0.5889550264550265 0.5858134920634921 0.578042328042328 0.5925099206349206 0.5654761904761905 0.595734126984127 0.5578703703703703 0.5952380952380952 0.541005291005291 0.5882936507936508 0.5357142857142857 0.5704365079365079 0.5383597883597884 0.5634920634920635 0.5456349206349206 0.5560515873015873 0.5691137566137566 0.5518353174603174
0 0.4573412698412698 0.6381448412698413 0.4718915343915344 0.642609126984127 0.4771825396825397 0.6463293650793651 0.48412698412698413 0.6594742063492064 0.48313492063492064 0.6681547619047619 0.47784391534391535 0.6760912698412699 0.47023809523809523 0.6803075396825397 0.4599867724867725 0.6820436507936508 0.44047619047619047 0.6788194444444444 0.43154761904761907 0.6693948412698413 0.4289021164021164 0.6609623015873016 0.43022486772486773 0.6512896825396826 0.435515873015873 0.6440972222222222 0.4451058201058201 0.6388888888888888 0.45701058201058203 0.6381448412698413
0 0.6369047619047619 0.4645337301587302 0.6474867724867724 0.4680059523809524 0.658068783068783 0.4781746031746032 0.6583994708994709 0.4895833333333333 0.6521164021164021 0.5009920634920635 0.6431878306878307 0.5037202380952381 0.6233465608465608 0.5027281746031746 0.6111111111111112 0.49528769841269843 0.6071428571428571 0.48759920634920634 0.6068121693121693 0.4806547619047619 0.6121031746031746 0.47371031746031744 0.6240079365079365 0.46651785714285715 0.6365740740740741 0.46478174603174605
0 0.49007936507936506 0.5984623015873016 0.5069444444444444 0.6051587301587301 0.5119047619047619 0.6123511904761905 0.5145502645502645 0.6254960317460317 0.5128968253968254 0.6299603174603174 0.5046296296296297 0.6376488095238095 0.49867724867724866 0.6408730158730159 0.48644179894179895 0.6428571428571429 0.47685185185185186 0.642609126984127 0.46494708994708994 0.6374007936507936 0.455026455026455 0.6267361111111112 0.45436507936507936 0.6183035714285714 0.4636243386243386 0.6039186507936508 0.4742063492063492 0.5999503968253969 0.48974867724867727 0.5984623015873016
0 0.5582010582010583 0.5101686507936508 0.578042328042328 0.5183531746031746 0.5833333333333334 0.5329861111111112 0.5727513227513228 0.5483630952380952 0.5479497354497355 0.5538194444444444 0.5380291005291006 0.5518353174603174 0.5244708994708994 0.5396825396825397 0.5234788359788359 0.529265873015873 0.5291005291005291 0.5190972222222222 0.5340608465608465 0.5151289682539683 0.5459656084656085 0.5101686507936508 0.5578703703703703 0.5101686507936508
0 0.5773809523809523 0.4774305555555556 0.5985449735449735 0.48040674603174605 0.6064814814814815 0.4878472222222222 0.609457671957672 0.49429563492063494 0.603505291005291 0.5128968253968254 0.5988756613756614 0.5158730158730159 0.5826719576719577 0.5188492063492064 0.560515873015873 0.5096726190476191 0.5558862433862434 0.5017361111111112 0.5578703703703703 0.49032738095238093 0.5621693121693122 0.48313492063492064 0.5707671957671958 0.4781746031746032 0.5770502645502645 0.4774305555555556
0 0.5105820105820106 0.5354662698412699 0.5241402116402116 0.5391865079365079 0.5347222222222222 0.5491071428571429 0.5360449735449735 0.5538194444444444 0.5337301587301587 0.5610119047619048 0.5264550264550265 0.5691964285714286 0.5095899470899471 0.5763888888888888 0.5013227513227513 0.5758928571428571 0.4937169312169312 0.5724206349206349 0.48644179894179895 0.5657242063492064 0.48313492063492064 0.5570436507936508 0.48544973544973546 0.5471230158730159 0.4887566137566138 0.5434027777777778 0.5052910052910053 0.5357142857142857 0.5102513227513228 0.5354662698412699
0 0.47585978835978837 0.5607638888888888 0.4861111111111111 0.5662202380952381 0.49206349206349204 0.5734126984126984 0.49206349206349204 0.5890376984126984 0.48412698412698413 0.5974702380952381 0.46130952380952384 0.6014384920634921 0.4480820105820106 0.5994543650793651 0.44212962962962965 0.5954861111111112 0.43683862433862436 0.5877976190476191 0.43584656084656087 0.5776289682539683 0.4398148148148148 0.5709325396825397 0.45072751322751325 0.5639880952380952 0.4642857142857143 0.5595238095238095 0.4755291005291005 0.5607638888888888
0 0.42592592592592593 0.5997023809523809 0.4365079365079365 0.6019345238095238 0.4437830687830688 0.6059027777777778 0.44675925925925924 0.6103670634920635 0.44742063492063494 0.6195436507936508 0.4427910052910053 0.6336805555555556 0.4375 0.6378968253968254 0.4236111111111111 0.6408730158730159 0.4150132275132275 0.6403769841269841 0.4083994708994709 0.6376488095238095 0.39715608465608465 0.6299603174603174 0.3931878306878307 0.6227678571428571 0.39616402116402116 0.6121031746031746 0.40046296296296297 0.6066468253968254 0.4107142857142857 0.6014384920634921 0.4255952380952381 0.5997023809523809
0 0.37103174603174605 0.654265873015873 0.38095238095238093 0.6579861111111112 0.3878968253968254 0.6639384920634921 0.39186507936507936 0.6788194444444444 0.3869047619047619 0.6867559523809523 0.37896825396825395 0.6924603174603174 0.3621031746031746 0.6964285714285714 0.3551587301587302 0.6961805555555556 0.3449074074074074 0.6924603174603174 0.33564814814814814 0.6822916666666666 0.33465608465608465 0.6733630952380952 0.33796296296296297 0.6666666666666666 0.34854497354497355 0.6577380952380952 0.36177248677248675 0.654265873015873 0.3707010582010582 0.654265873015873
0 0.5261243386243386 0.47668650793650796 0.5376984126984127 0.482390873015873 0.5426587301587301 0.48759920634920634 0.546957671957672 0.5024801587301587 0.5433201058201058 0.5094246031746031 0.5257936507936508 0.5181051587301587 0.5085978835978836 0.5163690476190477 0.4933862433862434 0.5042162698412699 0.49074074074074076 0.4982638888888889 0.4933862433862434 0.49107142857142855 0.5029761904761905 0.48040674603174605 0.5148809523809523 0.4771825396825397 0.5257936507936508 0.47668650793650796
0 0.48544973544973546 0.5054563492063492 0.4976851851851852 0.5074404761904762 0.5072751322751323 0.5151289682539683 0.5092592592592593 0.5205853174603174 0.5089285714285714 0.5257936507936508 0.5036375661375662 0.5344742063492064 0.4861111111111111 0.542906746031746 0.4685846560846561 0.5369543650793651 0.4593253968253968 0.5262896825396826 0.4599867724867725 0.5198412698412699 0.4662698412698413 0.5106646825396826 0.4775132275132275 0.5054563492063492 0.4851190476190476 0.5054563492063492
0 0.5638227513227513 0.4427083333333333 0.5777116402116402 0.4496527777777778 0.5816798941798942 0.4632936507936508 0.5744047619047619 0.4759424603174603 0.5628306878306878 0.4816468253968254 0.5548941798941799 0.482390873015873 0.5403439153439153 0.48115079365079366 0.5251322751322751 0.4739583333333333 0.5224867724867724 0.46726190476190477 0.5228174603174603 0.4565972222222222 0.5284391534391535 0.44915674603174605 0.5360449735449735 0.44494047619047616 0.5496031746031746 0.4419642857142857 0.5634920634920635 0.4427083333333333
0 0.4540343915343915 0.527281746031746 0.46726190476190477 0.5372023809523809 0.4666005291005291 0.5535714285714286 0.4619708994708995 0.5590277777777778 0.439484126984127 0.5667162698412699 0.42757936507936506 0.564484126984127 0.4176587301587302 0.5582837301587301 0.4130291005291005 0.5503472222222222 0.41369047619047616 0.5401785714285714 0.42162698412698413 0.529265873015873 0.4252645502645503 0.5275297619047619 0.4537037037037037 0.527281746031746
0 0.37334656084656087 0.591765873015873 0.3855820105820106 0.5947420634920635 0.39351851851851855 0.6019345238095238 0.396494708994709 0.6096230158730159 0.3915343915343915 0.6245039682539683 0.3869047619047619 0.6279761904761905 0.37003968253968256 0.6331845238095238 0.35383597883597884 0.6309523809523809 0.3472222222222222 0.6277281746031746 0.3419312169312169 0.6178075396825397 0.3406084656084656 0.6078869047619048 0.3449074074074074 0.6019345238095238 0.35615079365079366 0.59375 0.373015873015873 0.591765873015873
0 0.45171957671957674 0.4868551587301587 0.46395502645502645 0.4947916666666667 0.46494708994708994 0.5091765873015873 0.45701058201058203 0.5210813492063492 0.45205026455026454 0.5238095238095238 0.4408068783068783 0.5255456349206349 0.4246031746031746 0.5240575396825397 0.4176587301587302 0.5200892857142857 0.4103835978835979 0.5099206349206349 0.4103835978835979 0.4992559523809524 0.4183201058201058 0.4908234126984127 0.43716931216931215 0.4898313492063492 0.4513888888888889 0.4868551587301587
0 0.38591269841269843 0.5503472222222222 0.4007936507936508 0.5523313492063492 0.4087301587301587 0.5595238095238095 0.41203703703703703 0.5674603174603174 0.4080687830687831 0.5813492063492064 0.398478835978836 0.5890376984126984 0.3878968253968254 0.5925099206349206 0.36507936507936506 0.589781746031746 0.3584656084656085 0.5830853174603174 0.3548280423280423 0.5719246031746031 0.35813492063492064 0.5634920634920635 0.36607142857142855 0.5555555555555556 0.376984126984127 0.5503472222222222 0.3855820105820106 0.5503472222222222
0 0.31117724867724866 0.6654265873015873 0.3263888888888889 0.673859126984127 0.33035714285714285 0.6889880952380952 0.32275132275132273 0.7028769841269841 0.31183862433862436 0.7098214285714286 0.3012566137566138 0.7123015873015873 0.2896825396825397 0.7100694444444444 0.2791005291005291 0.703125 0.2751322751322751 0.6964285714285714 0.2751322751322751 0.6850198412698413 0.2787698412698413 0.6773313492063492 0.28604497354497355 0.6701388888888888 0.31084656084656087 0.6654265873015873
0 0.8478835978835979 0.24578373015873015 0.8558201058201058 0.24801587301587302 0.8634259259259259 0.2542162698412698 0.8637566137566137 0.2693452380952381 0.8548280423280423 0.2802579365079365 0.8386243386243386 0.2857142857142857 0.8253968253968254 0.283234126984127 0.8167989417989417 0.27728174603174605 0.8121693121693122 0.26884920634920634 0.8125 0.26240079365079366 0.8191137566137566 0.2544642857142857 0.830026455026455 0.24801587301587302 0.8389550264550265 0.24503968253968253 0.84755291005291 0.24578373015873015
0 0.47784391534391535 0.45362103174603174 0.4880952380952381 0.45634920634920634 0.498015873015873 0.4632936507936508 0.5023148148148148 0.4781746031746032 0.49074074074074076 0.49206349206349204 0.4775132275132275 0.49603174603174605 0.4669312169312169 0.49503968253968256 0.45205026455026454 0.4851190476190476 0.460978835978836 0.47023809523809523 0.458994708994709 0.4565972222222222 0.4705687830687831 0.453125 0.4775132275132275 0.45362103174603174
0 0.398478835978836 0.5091765873015873 0.4087301587301587 0.5119047619047619 0.41964285714285715 0.5255456349206349 0.41104497354497355 0.5441468253968254 0.4007936507936508 0.5505952380952381 0.375 0.5473710317460317 0.3664021164021164 0.5399305555555556 0.36342592592592593 0.5329861111111112 0.36574074074074076 0.5220734126984127 0.37433862433862436 0.5114087301587301 0.39814814814814814 0.5091765873015873
0 0.43452380952380953 0.44717261904761907 0.44576719576719576 0.4494047619047619 0.45171957671957674 0.45287698412698413 0.4580026455026455 0.45907738095238093 0.46064814814814814 0.46899801587301587 0.4576719576719577 0.4771825396825397 0.45072751322751325 0.48462301587301587 0.4365079365079365 0.4895833333333333 0.4146825396825397 0.4880952380952381 0.4060846560846561 0.48115079365079366 0.3998015873015873 0.470734126984127 0.4027777777777778 0.46056547619047616 0.40773809523809523 0.4548611111111111 0.4212962962962963 0.44742063492063494 0.4341931216931217 0.44717261904761907
0 0.31415343915343913 0.6034226190476191 0.33465608465608465 0.6081349206349206 0.33895502645502645 0.6125992063492064 0.3416005291005291 0.6220238095238095 0.33994708994708994 0.6302083333333334 0.33630952380952384 0.6336805555555556 0.3194444444444444 0.640625 0.3072089947089947 0.6398809523809523 0.2933201058201058 0.6339285714285714 0.2867063492063492 0.6205357142857143 0.28869047619047616 0.6121031746031746 0.2933201058201058 0.6071428571428571 0.3002645502645503 0.6039186507936508 0.31382275132275134 0.6034226190476191
0 0.32341269841269843 0.5667162698412699 0.3482142857142857 0.5699404761904762 0.3558201058201058 0.5778769841269841 0.35648148148148145 0.5920138888888888 0.3419312169312169 0.6041666666666666 0.333994708994709 0.6059027777777778 0.31746031746031744 0.6034226190476191 0.3115079365079365 0.6006944444444444 0.30257936507936506 0.5887896825396826 0.30224867724867727 0.5815972222222222 0.30654761904761907 0.5729166666666666 0.3098544973544973 0.5699404761904762 0.3230820105820106 0.5667162698412699
0 0.3978174603174603 0.4697420634920635 0.4130291005291005 0.4871031746031746 0.41335978835978837 0.4913194444444444 0.40145502645502645 0.5054563492063492 0.38326719576719576 0.5081845238095238 0.3707010582010582 0.5059523809523809 0.36144179894179895 0.4947916666666667 0.35978835978835977 0.48412698412698413 0.3644179894179894 0.47668650793650796 0.373015873015873 0.47098214285714285 0.3826058201058201 0.46875 0.3974867724867725 0.4697420634920635
0 0.33664021164021163 0.5290178571428571 0.3558201058201058 0.5314980158730159 0.3637566137566138 0.5386904761904762 0.3673941798941799 0.5461309523809523 0.36408730158730157 0.5572916666666666 0.35548941798941797 0.5657242063492064 0.3462301587301587 0.5687003968253969 0.3191137566137566 0.5649801587301587 0.31316137566137564 0.5607638888888888 0.3082010582010582 0.5523313492063492 0.30753968253968256 0.5436507936507936 0.31183862433862436 0.5374503968253969 0.3220899470899471 0.53125 0.33630952380952384 0.5290178571428571
0 0.4031084656084656 0.4322916666666667 0.41435185185185186 0.43601190476190477 0.42063492063492064 0.4461805555555556 0.40674603174603174 0.45535714285714285 0.3978174603174603 0.46899801587301587 0.38326719576719576 0.46825396825396826 0.37665343915343913 0.46478174603174605 0.37003968253968256 0.45610119047619047 0.36937830687830686 0.4476686507936508 0.3723544973544973 0.43898809523809523 0.37632275132275134 0.4357638888888889 0.39021164021164023 0.4320436507936508 0.4027777777777778 0.4322916666666667
0 0.3472222222222222 0.49255952380952384 0.36243386243386244 0.4972718253968254 0.37136243386243384 0.5086805555555556 0.3644179894179894 0.5260416666666666 0.359457671957672 0.5305059523809523 0.3244047619047619 0.5262896825396826 0.31712962962962965 0.5126488095238095 0.3194444444444444 0.5042162698412699 0.3253968253968254 0.49776785714285715 0.3349867724867725 0.4935515873015873 0.3468915343915344 0.49255952380952384
0 0.2876984126984127 0.5446428571428571 0.2996031746031746 0.5493551587301587 0.3082010582010582 0.5612599206349206 0.3082010582010582 0.5679563492063492 0.3039021164021164 0.5766369047619048 0.2896825396825397 0.5848214285714286 0.2585978835978836 0.5768849206349206 0.251984126984127 0.5677083333333334 0.25396825396825395 0.5572916666666666 0.2619047619047619 0.5478670634920635 0.271494708994709 0.5446428571428571 0.2873677248677249 0.5446428571428571
0 0.2605820105820106 0.5783730158730159 0.27215608465608465 0.5803571428571429 0.28075396825396826 0.5845734126984127 0.2857142857142857 0.5887896825396826 0.2876984126984127 0.595734126984127 0.28406084656084657 0.6108630952380952 0.2757936507936508 0.6173115079365079 0.26322751322751325 0.6202876984126984 0.2523148148148148 0.6200396825396826 0.24074074074074073 0.6163194444444444 0.23247354497354497 0.6096230158730159 0.2294973544973545 0.6026785714285714 0.23082010582010581 0.5932539682539683 0.23644179894179895 0.5845734126984127 0.24338624338624337 0.5808531746031746 0.26025132275132273 0.5783730158730159
0 0.3263888888888889 0.45535714285714285 0.3353174603174603 0.4575892857142857 0.34424603174603174 0.4635416666666667 0.3488756613756614 0.46999007936507936 0.3492063492063492 0.4791666666666667 0.3455687830687831 0.48834325396825395 0.3253968253968254 0.49702380952380953 0.310515873015873 0.4962797619047619 0.3039021164021164 0.49330357142857145 0.2959656084656085 0.48412698412698413 0.29298941798941797 0.4732142857142857 0.2953042328042328 0.4645337301587302 0.3019179894179894 0.45808531746031744 0.3134920634920635 0.4548611111111111 0.32605820105820105 0.45535714285714285
0 0.2976190476190476 0.5014880952380952 0.314484126984127 0.511656746031746 0.31977513227513227 0.5297619047619048 0.3058862433862434 0.5416666666666666 0.29662698412698413 0.5446428571428571 0.2751322751322751 0.5431547619047619 0.26686507936507936 0.5406746031746031 0.26157407407407407 0.5347222222222222 0.2576058201058201 0.5218253968253969 0.2718253968253968 0.5081845238095238 0.29728835978835977 0.5014880952380952
0 0.3478835978835979 0.4089781746031746 0.36342592592592593 0.4149305555555556 0.37037037037037035 0.4283234126984127 0.36706349206349204 0.4392361111111111 0.35714285714285715 0.4469246031746032 0.3482142857142857 0.4496527777777778 0.33134920634920634 0.44717261904761907 0.3244047619047619 0.44320436507936506 0.31547619047619047 0.4253472222222222 0.31712962962962965 0.4176587301587302 0.3247354497354497 0.41220238095238093 0.335978835978836 0.4087301587301587 0.34755291005291006 0.4089781746031746
0 0.26951058201058203 0.4652777777777778 0.2837301587301587 0.46899801587301587 0.29034391534391535 0.4729662698412698 0.2959656084656085 0.48462301587301587 0.29464285714285715 0.4947916666666667 0.291005291005291 0.5 0.2698412698412698 0.5079365079365079 0.25066137566137564 0.5024801587301587 0.23941798941798942 0.48759920634920634 0.23974867724867724 0.4806547619047619 0.24371693121693122 0.47619047619047616 0.25363756613756616 0.46875 0.2691798941798942 0.4652777777777778
0 0.5168650793650794 0.32415674603174605 0.5327380952380952 0.32787698412698413 0.5406746031746031 0.3345734126984127 0.5446428571428571 0.3427579365079365 0.5433201058201058 0.35342261904761907 0.5370370370370371 0.36507936507936506 0.5191798941798942 0.3715277777777778 0.5056216931216931 0.3705357142857143 0.4973544973544973 0.36755952380952384 0.49074074074074076 0.36160714285714285 0.4880952380952381 0.35466269841269843 0.48908730158730157 0.3420138888888889 0.4933862433862434 0.3350694444444444 0.5052910052910053 0.32663690476190477 0.5165343915343915 0.32415674603174605
0 0.2863756613756614 0.4243551587301587 0.30092592592592593 0.4320436507936508 0.3072089947089947 0.44642857142857145 0.30456349206349204 0.4541170634920635 0.29662698412698413 0.46130952380952384 0.27976190476190477 0.46577380952380953 0.2628968253968254 0.4635416666666667 0.2576058201058201 0.4603174603174603 0.2490079365079365 0.44246031746031744 0.25396825396825395 0.4347718253968254 0.26256613756613756 0.42757936507936506 0.28604497354497355 0.4243551587301587
0 0.1865079365079365 0.5825892857142857 0.1960978835978836 0.5843253968253969 0.20403439153439154 0.5887896825396826 0.20833333333333334 0.5954861111111112 0.20965608465608465 0.6061507936507936 0.20734126984126985 0.6130952380952381 0.20105820105820105 0.6200396825396826 0.1841931216931217 0.6267361111111112 0.1722883597883598 0.6262400793650794 0.16104497354497355 0.623015873015873 0.15343915343915343 0.6163194444444444 0.15013227513227514 0.6044146825396826 0.15145502645502645 0.5987103174603174 0.16005291005291006 0.5882936507936508 0.17261904761904762 0.5830853174603174 0.18617724867724866 0.5825892857142857
0 0.2251984126984127 0.48561507936507936 0.23148148148148148 0.4868551587301587 0.2400793650793651 0.49206349206349204 0.24966931216931218 0.5032242063492064 0.25066137566137564 0.5094246031746031 0.24404761904761904 0.5188492063492064 0.21395502645502645 0.5250496031746031 0.20601851851851852 0.5233134920634921 0.19576719576719576 0.5153769841269841 0.19345238095238096 0.5049603174603174 0.1960978835978836 0.4982638888888889 0.20667989417989419 0.4871031746031746 0.22486772486772486 0.48561507936507936
0 0.13955026455026456 0.5359623015873016 0.15476190476190477 0.5424107142857143 0.16600529100529102 0.5528273809523809 0.16666666666666666 0.5577876984126984 0.1574074074074074 0.5716765873015873 0.1431878306878307 0.5778769841269841 0.1349206349206349 0.5788690476190477 0.10978835978835978 0.5746527777777778 0.09953703703703703 0.5642361111111112 0.09722222222222222 0.5533234126984127 0.10085978835978836 0.546875 0.11144179894179894 0.5394345238095238 0.12202380952380952 0.5359623015873016 0.13921957671957672 0.5359623015873016
0 0.24173280423280424 0.5215773809523809 0.2562830687830688 0.5270337301587301 0.2612433862433862 0.535218253968254 0.26256613756613756 0.5438988095238095 0.2490079365079365 0.5612599206349206 0.2347883597883598 0.5637400793650794 0.22023809523809523 0.5615079365079365 0.21329365079365079 0.5575396825396826 0.20502645502645503 0.546875 0.2046957671957672 0.5394345238095238 0.20866402116402116 0.5324900793650794 0.21726190476190477 0.5260416666666666 0.2414021164021164 0.5215773809523809
0 0.22486772486772486 0.43874007936507936 0.2443783068783069 0.4427083333333333 0.2523148148148148 0.44990079365079366 0.2562830687830688 0.45907738095238093 0.25396825396825395 0.466765873015873 0.2457010582010582 0.4749503968253968 0.23974867724867724 0.47941468253968256 0.22850529100529102 0.48214285714285715 0.21693121693121692 0.48139880952380953 0.20833333333333334 0.4774305555555556 0.20238095238095238 0.46850198412698413 0.19973544973544974 0.45808531746031744 0.20238095238095238 0.4496527777777778 0.2099867724867725 0.4427083333333333 0.2175925925925926 0.43874007936507936 0.22453703703703703 0.43874007936507936
0 0.18386243386243387 0.5101686507936508 0.19014550264550265 0.511656746031746 0.20006613756613756 0.5186011904761905 0.20767195767195767 0.5300099206349206 0.20535714285714285 0.5438988095238095 0.19642857142857142 0.550843253968254 0.17956349206349206 0.5540674603174603 0.1669973544973545 0.5515873015873016 0.1574074074074074 0.5443948412698413 0.1531084656084656 0.5396825396825397 0.15046296296296297 0.5295138888888888 0.15376984126984128 0.5200892857142857 0.16104497354497355 0.5143849206349206 0.16832010582010581 0.5114087301587301 0.18353174603174602 0.5101686507936508
0 0.13095238095238096 0.48586309523809523 0.14417989417989419 0.4895833333333333 0.1550925925925926 0.498015873015873 0.15773809523809523 0.5052083333333334 0.15244708994708994 0.5198412698412699 0.1455026455026455 0.5240575396825397 0.1302910052910053 0.5277777777777778 0.11772486772486772 0.5265376984126984 0.10615079365079365 0.5223214285714286 0.09788359788359788 0.5168650793650794 0.09325396825396826 0.5081845238095238 0.09556878306878307 0.498015873015873 0.10317460317460317 0.4908234126984127 0.11078042328042328 0.48735119047619047 0.1306216931216931 0.48586309523809523
0 0.24404761904761904 0.3993055555555556 0.25496031746031744 0.404265873015873 0.2619047619047619 0.41021825396825395 0.26421957671957674 0.41889880952380953 0.26025132275132273 0.4288194444444444 0.25 0.43799603174603174 0.24272486772486773 0.4412202380952381 0.21693121693121692 0.43774801587301587 0.20833333333333334 0.4288194444444444 0.20667989417989419 0.4208829365079365 0.20932539682539683 0.4149305555555556 0.22387566137566137 0.4020337301587302 0.23313492063492064 0.39880952380952384 0.24371693121693122 0.3993055555555556
0 0.18121693121693122 0.45610119047619047 0.18915343915343916 0.4575892857142857 0.19808201058201058 0.4623015873015873 0.20601851851851852 0.47842261904761907 0.20403439153439154 0.48735119047619047 0.19345238095238096 0.49950396825396826 0.1884920634920635 0.5024801587301587 0.17989417989417988 0.5037202380952381 0.1650132275132275 0.5022321428571429 0.1574074074074074 0.49875992063492064 0.14384920634920634 0.4868551587301587 0.1412037037037037 0.47643849206349204 0.14384920634920634 0.46825396825396826 0.15443121693121692 0.4595734126984127 0.1693121693121693 0.4556051587301587 0.18088624338624337 0.45610119047619047
0 0.8634259259259259 0.4459325396825397 0.8796296296296297 0.4565972222222222 0.8822751322751323 0.4697420634920635 0.8802910052910053 0.47470238095238093 0.8726851851851852 0.4816468253968254 0.8568121693121693 0.486359126984127 0.8449074074074074 0.4853670634920635 0.8313492063492064 0.4781746031746032 0.826058201058201 0.470734126984127 0.8250661375661376 0.46279761904761907 0.8283730158730159 0.45634920634920634 0.8379629629629629 0.4486607142857143 0.8630952380952381 0.4459325396825397
0 0.07506613756613757 0.4340277777777778 0.09060846560846561 0.439484126984127 0.09854497354497355 0.45287698412698413 0.09689153439153439 0.46130952380952384 0.09259259259259259 0.46750992063492064 0.08366402116402116 0.4742063492063492 0.07804232804232804 0.4751984126984127 0.062169312169312166 0.47470238095238093 0.05026455026455026 0.47098214285714285 0.04133597883597884 0.46378968253968256 0.03835978835978836 0.4565972222222222 0.03968253968253968 0.44642857142857145 0.0496031746031746 0.4382440476190476 0.060515873015873016 0.4337797619047619 0.07473544973544974 0.4340277777777778
0 0.03273809523809524 0.4027777777777778 0.05191798941798942 0.40773809523809523 0.05720899470899471 0.4117063492063492 0.06183862433862434 0.4201388888888889 0.061507936507936505 0.4288194444444444 0.05853174603174603 0.43353174603174605 0.040674603174603176 0.44419642857142855 0.0333994708994709 0.4446924603174603 0.017857142857142856 0.4429563492063492 0.004298941798941799 0.43154761904761907 0.0023148148148148147 0.42658730158730157 0.004298941798941799 0.4174107142857143 0.011243386243386243 0.40773809523809523 0.018849206349206348 0.4037698412698413 0.032407407407407406 0.4027777777777778
0 0.8191137566137566 0.15600198412698413 0.8333333333333334 0.16046626984126985 0.8389550264550265 0.16889880952380953 0.8396164021164021 0.1753472222222222 0.8363095238095238 0.18253968253968253 0.8293650793650794 0.18948412698412698 0.8125 0.1939484126984127 0.8022486772486772 0.1932043650793651 0.7962962962962963 0.19047619047619047 0.7913359788359788 0.18551587301587302 0.7886904761904762 0.1765873015873016 0.7919973544973545 0.16790674603174602 0.7999338624338624 0.1597222222222222 0.810515873015873 0.15625 0.8187830687830688 0.15600198412698413
0 0.626984126984127 0.24925595238095238 0.6435185185185185 0.25818452380952384 0.6481481481481481 0.27132936507936506 0.6421957671957672 0.2829861111111111 0.6342592592592593 0.28794642857142855 0.6253306878306878 0.2896825396825397 0.6097883597883598 0.2876984126984127 0.6028439153439153 0.2839781746031746 0.5965608465608465 0.27554563492063494 0.5962301587301587 0.26860119047619047 0.6008597883597884 0.2586805555555556 0.6104497354497355 0.25124007936507936 0.6266534391534392 0.24925595238095238
0 0.017195767195767195 0.31125992063492064 0.0291005291005291 0.31398809523809523 0.04332010582010582 0.3209325396825397 0.05125661375661376 0.32787698412698413 0.05324074074074074 0.33482142857142855 0.05125661375661376 0.3427579365079365 0.04497354497354497 0.3499503968253968 0.03009259259259259 0.3601190476190476 0.023809523809523808 0.36160714285714285 0.012566137566137565 0.3603670634920635 0 0.3521825396825397 0 0.3142361111111111 0.009259259259259259 0.31125992063492064 0.016865079365079364 0.31125992063492064
0 0.07308201058201058 0.2003968253968254 0.09391534391534391 0.20932539682539683 0.09854497354497355 0.21329365079365079 0.10119047619047619 0.21999007936507936 0.0992063492063492 0.23511904761904762 0.09126984126984126 0.2425595238095238 0.08267195767195767 0.24603174603174602 0.07242063492063493 0.2452876984126984 0.06084656084656084 0.24131944444444445 0.04662698412698413 0.22718253968253968 0.04298941798941799 0.21850198412698413 0.04265873015873016 0.2095734126984127 0.045965608465608467 0.2058531746031746 0.05720899470899471 0.20064484126984128 0.07275132275132275 0.2003968253968254