0 0.38822751322751325 0.35367063492063494 0.39880952380952384 0.359375 0.4001322751322751 0.36929563492063494 0.3941798941798942 0.37624007936507936 0.3802910052910053 0.37822420634920634 0.3697089947089947 0.3722718253968254 0.3680555555555556 0.35987103174603174 0.3759920634920635 0.35466269841269843 0.3878968253968254 0.35367063492063494
0 0.31415343915343913 0.7137896825396826 0.32242063492063494 0.7202380952380952 0.3244047619047619 0.7313988095238095 0.32076719576719576 0.7361111111111112 0.31084656084656087 0.7413194444444444 0.30092592592592593 0.7410714285714286 0.2926587301587302 0.7368551587301587 0.28935185185185186 0.7313988095238095 0.289021164021164 0.7237103174603174 0.29662698412698413 0.7155257936507936 0.30423280423280424 0.7132936507936508 0.31382275132275134 0.7137896825396826
0 0.44675925925925924 0.3940972222222222 0.4546957671957672 0.4010416666666667 0.4576719576719577 0.4117063492063492 0.45205026455026454 0.41865079365079366 0.44312169312169314 0.4211309523809524 0.43617724867724866 0.42063492063492064 0.4279100529100529 0.41592261904761907 0.42394179894179895 0.404265873015873 0.4298941798941799 0.3968253968253968 0.44642857142857145 0.3940972222222222
0 0.3005952380952381 0.6609623015873016 0.3091931216931217 0.6686507936507936 0.30787037037037035 0.6795634920634921 0.29662698412698413 0.6867559523809523 0.2867063492063492 0.6875 0.2794312169312169 0.6852678571428571 0.27380952380952384 0.6788194444444444 0.2777777777777778 0.6649305555555556 0.28604497354497355 0.6612103174603174 0.3002645502645503 0.6609623015873016
0 0.39186507936507936 0.5994543650793651 0.4044312169312169 0.6041666666666666 0.4074074074074074 0.6128472222222222 0.4007936507936508 0.623015873015873 0.3888888888888889 0.6272321428571429 0.38095238095238093 0.6267361111111112 0.37433862433862436 0.6232638888888888 0.37103174603174605 0.6195436507936508 0.36937830687830686 0.611359126984127 0.37632275132275134 0.6021825396825397 0.3915343915343915 0.5994543650793651
0 0.35714285714285715 0.5739087301587301 0.36507936507936506 0.5776289682539683 0.3673941798941799 0.5890376984126984 0.36408730158730157 0.5954861111111112 0.35548941798941797 0.5987103174603174 0.33895502645502645 0.595734126984127 0.33366402116402116 0.5870535714285714 0.3412698412698413 0.5758928571428571 0.3568121693121693 0.5739087301587301
0 0.3941798941798942 0.376984126984127 0.4044312169312169 0.3834325396825397 0.4050925925925926 0.390625 0.39814814814814814 0.39806547619047616 0.3888888888888889 0.40029761904761907 0.38326719576719576 0.4000496031746032 0.37665343915343913 0.3968253968253968 0.373015873015873 0.3923611111111111 0.3723544973544973 0.3864087301587302 0.37896825396825395 0.37896825396825395 0.39384920634920634 0.376984126984127
0 0.43187830687830686 0.5592757936507936 0.44312169312169314 0.566468253968254 0.44345238095238093 0.574156746031746 0.43915343915343913 0.5815972222222222 0.4255952380952381 0.5860615079365079 0.41369047619047616 0.5830853174603174 0.40906084656084657 0.5744047619047619 0.4169973544973545 0.5622519841269841 0.42228835978835977 0.5597718253968254 0.43154761904761907 0.5592757936507936
0 0.458994708994709 0.5443948412698413 0.47023809523809523 0.5486111111111112 0.4748677248677249 0.5567956349206349 0.47023809523809523 0.5667162698412699 0.45965608465608465 0.5704365079365079 0.45271164021164023 0.5704365079365079 0.44543650793650796 0.5677083333333334 0.43915343915343913 0.5575396825396826 0.44246031746031744 0.5503472222222222 0.44742063492063494 0.5463789682539683 0.45866402116402116 0.5443948412698413
0 0.38326719576719576 0.6374007936507936 0.39285714285714285 0.6438492063492064 0.392526455026455 0.654265873015873 0.3869047619047619 0.6599702380952381 0.37665343915343913 0.6629464285714286 0.36474867724867727 0.6597222222222222 0.36144179894179895 0.6547619047619048 0.36078042328042326 0.6468253968253969 0.3697089947089947 0.6383928571428571 0.38293650793650796 0.6374007936507936
0 0.24239417989417988 0.6961805555555556 0.251984126984127 0.6996527777777778 0.25727513227513227 0.7100694444444444 0.24933862433862433 0.7214781746031746 0.23974867724867724 0.7244543650793651 0.22718253968253968 0.722718253968254 0.2199074074074074 0.7170138888888888 0.21858465608465608 0.7127976190476191 0.22056878306878308 0.7065972222222222 0.2275132275132275 0.7001488095238095 0.24206349206349206 0.6961805555555556
0 0.3343253968253968 0.6649305555555556 0.3468915343915344 0.6701388888888888 0.35119047619047616 0.6785714285714286 0.34523809523809523 0.6884920634920635 0.3353174603174603 0.6922123015873016 0.32275132275132273 0.6875 0.3177910052910053 0.6785714285714286 0.32242063492063494 0.6681547619047619 0.333994708994709 0.6649305555555556
0 0.38062169312169314 0.5193452380952381 0.3915343915343915 0.5245535714285714 0.39616402116402116 0.5319940476190477 0.3948412698412698 0.5379464285714286 0.38392857142857145 0.5466269841269841 0.37665343915343913 0.5466269841269841 0.3664021164021164 0.5434027777777778 0.36078042328042326 0.5396825396825397 0.35813492063492064 0.5347222222222222 0.35912698412698413 0.5277777777777778 0.36408730158730157 0.5223214285714286 0.3802910052910053 0.5193452380952381
0 0.2986111111111111 0.5927579365079365 0.30654761904761907 0.5947420634920635 0.31382275132275134 0.6041666666666666 0.3115079365079365 0.6118551587301587 0.3005952380952381 0.6180555555555556 0.2867063492063492 0.6160714285714286 0.2820767195767196 0.6125992063492064 0.2794312169312169 0.6063988095238095 0.28273809523809523 0.5974702380952381 0.2900132275132275 0.59375 0.29828042328042326 0.5927579365079365
0 0.3220899470899471 0.5682043650793651 0.33134920634920634 0.5744047619047619 0.3326719576719577 0.5813492063492064 0.328042328042328 0.5902777777777778 0.3177910052910053 0.5935019841269841 0.3101851851851852 0.5930059523809523 0.30324074074074076 0.589781746031746 0.2976190476190476 0.5850694444444444 0.296957671957672 0.5811011904761905 0.3002645502645503 0.5749007936507936 0.30687830687830686 0.5699404761904762 0.314484126984127 0.5677083333333334 0.32175925925925924 0.5682043650793651
0 0.3872354497354497 0.3539186507936508 0.39384920634920634 0.3556547619047619 0.39880952380952384 0.35987103174603174 0.4007936507936508 0.36681547619047616 0.3958333333333333 0.3767361111111111 0.40244708994708994 0.3814484126984127 0.4050925925925926 0.3864087301587302 0.4021164021164021 0.3948412698412698 0.3978174603174603 0.39806547619047616 0.3898809523809524 0.3998015873015873 0.38062169312169314 0.3990575396825397 0.37433862433862436 0.3940972222222222 0.3723544973544973 0.3869047619047619 0.376984126984127 0.3794642857142857 0.36772486772486773 0.36681547619047616 0.37003968253968256 0.3576388888888889 0.37665343915343913 0.35466269841269843 0.3869047619047619 0.3539186507936508
0 0.3498677248677249 0.6403769841269841 0.3601190476190476 0.6460813492063492 0.36144179894179895 0.6557539682539683 0.3558201058201058 0.6626984126984127 0.3458994708994709 0.6666666666666666 0.33465608465608465 0.6654265873015873 0.328042328042328 0.6622023809523809 0.32605820105820105 0.6507936507936508 0.33101851851851855 0.6428571428571429 0.34953703703703703 0.6403769841269841
0 0.3072089947089947 0.683531746031746 0.32142857142857145 0.6870039682539683 0.32705026455026454 0.6951884920634921 0.3244047619047619 0.7068452380952381 0.3177910052910053 0.7113095238095238 0.30886243386243384 0.7130456349206349 0.29662698412698413 0.7105654761904762 0.2926587301587302 0.7063492063492064 0.291005291005291 0.6996527777777778 0.294973544973545 0.6882440476190477 0.30687830687830686 0.683531746031746
0 0.38062169312169314 0.4945436507936508 0.3872354497354497 0.4982638888888889 0.38955026455026454 0.5059523809523809 0.38657407407407407 0.5121527777777778 0.37665343915343913 0.5171130952380952 0.3697089947089947 0.5163690476190477 0.3627645502645503 0.5119047619047619 0.36144179894179895 0.5044642857142857 0.3687169312169312 0.4965277777777778 0.3802910052910053 0.4945436507936508
0 0.2665343915343915 0.6537698412698413 0.2748015873015873 0.6574900793650794 0.2771164021164021 0.6649305555555556 0.2724867724867725 0.6778273809523809 0.2622354497354497 0.6810515873015873 0.24834656084656084 0.6790674603174603 0.24074074074074073 0.6716269841269841 0.24371693121693122 0.6619543650793651 0.24801587301587302 0.6577380952380952 0.25793650793650796 0.6540178571428571 0.2662037037037037 0.6537698412698413
0 0.2919973544973545 0.6316964285714286 0.3048941798941799 0.6356646825396826 0.30886243386243384 0.644593253968254 0.30423280423280424 0.6547619047619048 0.2996031746031746 0.658234126984127 0.2916666666666667 0.6597222222222222 0.2791005291005291 0.6577380952380952 0.271494708994709 0.6475694444444444 0.27215608465608465 0.6421130952380952 0.2767857142857143 0.6371527777777778 0.2916666666666667 0.6316964285714286
0 0.3287037037037037 0.6121031746031746 0.3373015873015873 0.6195436507936508 0.3376322751322751 0.6267361111111112 0.3287037037037037 0.640625 0.31812169312169314 0.6440972222222222 0.30853174603174605 0.6416170634920635 0.30224867724867727 0.6321924603174603 0.3002645502645503 0.6237599206349206 0.3029100529100529 0.6190476190476191 0.3134920634920635 0.611359126984127 0.32837301587301587 0.6121031746031746
0 0.21593915343915343 0.6564980158730159 0.22486772486772486 0.6592261904761905 0.23015873015873015 0.6646825396825397 0.22718253968253968 0.6773313492063492 0.21593915343915343 0.6830357142857143 0.19973544973544974 0.6795634920634921 0.19411375661375663 0.6721230158730159 0.1960978835978836 0.6622023809523809 0.19973544973544974 0.6579861111111112 0.20734126984126985 0.6560019841269841 0.2156084656084656 0.6564980158730159
0 0.42493386243386244 0.48313492063492064 0.43452380952380953 0.4878472222222222 0.435515873015873 0.4947916666666667 0.43154761904761907 0.5022321428571429 0.42162698412698413 0.5054563492063492 0.4074074074074074 0.5037202380952381 0.4021164021164021 0.4982638888888889 0.4017857142857143 0.4935515873015873 0.4031084656084656 0.4895833333333333 0.41104497354497355 0.48387896825396826 0.4246031746031746 0.48313492063492064
0 0.6369047619047619 0.5409226190476191 0.6451719576719577 0.5431547619047619 0.6534391534391535 0.5505952380952381 0.6541005291005291 0.5570436507936508 0.6491402116402116 0.5642361111111112 0.6408730158730159 0.5677083333333334 0.6326058201058201 0.5679563492063492 0.626984126984127 0.5659722222222222 0.6213624338624338 0.560515873015873 0.6203703703703703 0.5530753968253969 0.6236772486772487 0.546875 0.6292989417989417 0.5426587301587301 0.6365740740740741 0.5411706349206349
0 0.40575396825396826 0.5354662698412699 0.4176587301587302 0.5389384920634921 0.4246031746031746 0.5471230158730159 0.42294973544973546 0.5580357142857143 0.4113756613756614 0.5647321428571429 0.3974867724867725 0.5622519841269841 0.39021164021164023 0.5572916666666666 0.3869047619047619 0.5515873015873016 0.3872354497354497 0.5466269841269841 0.3931878306878307 0.5394345238095238 0.3974867724867725 0.5357142857142857 0.4054232804232804 0.5354662698412699
0 0.46064814814814814 0.6299603174603174 0.4685846560846561 0.6336805555555556 0.47023809523809523 0.640625 0.4642857142857143 0.6505456349206349 0.4537037037037037 0.6552579365079365 0.44477513227513227 0.6545138888888888 0.4375 0.6510416666666666 0.4348544973544973 0.6398809523809523 0.4384920634920635 0.6346726190476191 0.4460978835978836 0.6307043650793651 0.4603174603174603 0.6299603174603174
0 0.3941798941798942 0.4652777777777778 0.4044312169312169 0.47023809523809523 0.4080687830687831 0.47693452380952384 0.4021164021164021 0.4885912698412698 0.3948412698412698 0.4905753968253968 0.3819444444444444 0.4880952380952381 0.37665343915343913 0.48462301587301587 0.37367724867724866 0.47842261904761907 0.3812830687830688 0.4670138888888889 0.39384920634920634 0.4652777777777778
0 0.24966931216931218 0.6158234126984127 0.26256613756613756 0.621031746031746 0.26521164021164023 0.6282242063492064 0.26025132275132273 0.6378968253968254 0.24801587301587302 0.6428571428571429 0.23743386243386244 0.6411210317460317 0.2328042328042328 0.6381448412698413 0.22883597883597884 0.6272321428571429 0.23743386243386244 0.6173115079365079 0.24933862433862433 0.6158234126984127