0 0.6683201058201058 0.748015873015873 0.6815476190476191 0.7517361111111112 0.6868386243386243 0.7557043650793651 0.689484126984127 0.7614087301587301 0.6878306878306878 0.7735615079365079 0.6825396825396826 0.7770337301587301 0.6709656084656085 0.7800099206349206 0.6613756613756614 0.779265873015873 0.6554232804232805 0.7762896825396826 0.6498015873015873 0.7710813492063492 0.6471560846560847 0.7641369047619048 0.6498015873015873 0.7544642857142857 0.6613756613756614 0.7482638888888888 0.667989417989418 0.748015873015873
0 0.6273148148148148 0.6907242063492064 0.6415343915343915 0.6949404761904762 0.6481481481481481 0.7041170634920635 0.6441798941798942 0.7155257936507936 0.6369047619047619 0.7199900793650794 0.6296296296296297 0.7212301587301587 0.6164021164021164 0.7182539682539683 0.6081349206349206 0.7078373015873016 0.609457671957672 0.6999007936507936 0.6140873015873016 0.6951884920634921 0.626984126984127 0.6907242063492064
0 0.6134259259259259 0.6619543650793651 0.6276455026455027 0.6674107142857143 0.6312830687830688 0.6793154761904762 0.6263227513227513 0.6889880952380952 0.6127645502645502 0.6937003968253969 0.5985449735449735 0.6889880952380952 0.5932539682539683 0.6820436507936508 0.591931216931217 0.6753472222222222 0.5952380952380952 0.6686507936507936 0.6005291005291006 0.6644345238095238 0.6130952380952381 0.6619543650793651
0 0.6309523809523809 0.6349206349206349 0.6421957671957672 0.6403769841269841 0.6448412698412699 0.6517857142857143 0.6362433862433863 0.6607142857142857 0.6283068783068783 0.6636904761904762 0.609457671957672 0.6594742063492064 0.6048280423280423 0.6468253968253969 0.6127645502645502 0.6369047619047619 0.6233465608465608 0.6341765873015873 0.6306216931216931 0.6349206349206349
0 0.5849867724867724 0.6391369047619048 0.5995370370370371 0.6440972222222222 0.605489417989418 0.65625 0.6044973544973545 0.6617063492063492 0.5945767195767195 0.6693948412698413 0.5896164021164021 0.6703869047619048 0.5704365079365079 0.6664186507936508 0.5631613756613757 0.652281746031746 0.5641534391534392 0.6473214285714286 0.5704365079365079 0.6423611111111112 0.5846560846560847 0.6391369047619048
0 0.5363756613756614 0.6723710317460317 0.5482804232804233 0.6778273809523809 0.5522486772486772 0.6852678571428571 0.548941798941799 0.6964285714285714 0.5367063492063492 0.7021329365079365 0.5224867724867724 0.6986607142857143 0.5162037037037037 0.6927083333333334 0.5145502645502645 0.6877480158730159 0.5148809523809523 0.6820436507936508 0.5191798941798942 0.6773313492063492 0.5257936507936508 0.673859126984127 0.5360449735449735 0.6723710317460317
0 0.5816798941798942 0.6101190476190477 0.591931216931217 0.6128472222222222 0.5995370370370371 0.6220238095238095 0.5992063492063492 0.6277281746031746 0.595568783068783 0.6329365079365079 0.5886243386243386 0.6383928571428571 0.583994708994709 0.638640873015873 0.5704365079365079 0.6376488095238095 0.5638227513227513 0.6336805555555556 0.5611772486772487 0.6282242063492064 0.5641534391534392 0.6160714285714286 0.5707671957671958 0.6116071428571429 0.5813492063492064 0.6101190476190477
0 0.5505952380952381 0.6468253968253969 0.5601851851851852 0.6507936507936508 0.5674603174603174 0.6644345238095238 0.5634920634920635 0.6750992063492064 0.5512566137566137 0.6780753968253969 0.5363756613756614 0.6723710317460317 0.5291005291005291 0.6614583333333334 0.531084656084656 0.6537698412698413 0.5367063492063492 0.6480654761904762 0.5502645502645502 0.6468253968253969
0 0.5241402116402116 0.6267361111111112 0.53505291005291 0.6334325396825397 0.5363756613756614 0.6440972222222222 0.5297619047619048 0.6527777777777778 0.513558201058201 0.6557539682539683 0.5072751322751323 0.6547619047619048 0.5013227513227513 0.6505456349206349 0.4976851851851852 0.6440972222222222 0.498015873015873 0.6369047619047619 0.5069444444444444 0.6292162698412699 0.515542328042328 0.6262400793650794 0.5238095238095238 0.6267361111111112
0 0.48115079365079366 0.6584821428571429 0.4947089947089947 0.6641865079365079 0.49966931216931215 0.6741071428571429 0.4947089947089947 0.6860119047619048 0.48115079365079366 0.6924603174603174 0.47023809523809523 0.6919642857142857 0.4632936507936508 0.6892361111111112 0.45601851851851855 0.6795634920634921 0.4566798941798942 0.6721230158730159 0.46296296296296297 0.6631944444444444 0.4705687830687831 0.6594742063492064 0.4808201058201058 0.6584821428571429
0 0.5261243386243386 0.5935019841269841 0.5390211640211641 0.597718253968254 0.542989417989418 0.6056547619047619 0.5376984126984127 0.6168154761904762 0.5271164021164021 0.6205357142857143 0.5128968253968254 0.6195436507936508 0.5079365079365079 0.6178075396825397 0.5042989417989417 0.6130952380952381 0.5082671957671958 0.5999503968253969 0.5162037037037037 0.5952380952380952 0.5257936507936508 0.5935019841269841
0 0.4599867724867725 0.6145833333333334 0.47354497354497355 0.6180555555555556 0.4781746031746032 0.6254960317460317 0.4775132275132275 0.6381448412698413 0.4742063492063492 0.6411210317460317 0.4646164021164021 0.6438492063492064 0.45006613756613756 0.6413690476190477 0.4408068783068783 0.6267361111111112 0.45271164021164023 0.6148313492063492 0.45965608465608465 0.6145833333333334
0 0.4636243386243386 0.5838293650793651 0.4781746031746032 0.5865575396825397 0.48644179894179895 0.5954861111111112 0.48478835978835977 0.6076388888888888 0.4722222222222222 0.6150793650793651 0.45535714285714285 0.6140873015873016 0.44576719576719576 0.5989583333333334 0.45205026455026454 0.5887896825396826 0.4632936507936508 0.5838293650793651
0 0.48148148148148145 0.5582837301587301 0.49173280423280424 0.5610119047619048 0.49702380952380953 0.5709325396825397 0.4923941798941799 0.5813492063492064 0.48214285714285715 0.5863095238095238 0.46494708994708994 0.5823412698412699 0.45866402116402116 0.574156746031746 0.4632936507936508 0.5634920634920635 0.4679232804232804 0.560515873015873 0.48115079365079366 0.5582837301587301
0 0.4193121693121693 0.6225198412698413 0.4322089947089947 0.6262400793650794 0.43783068783068785 0.6356646825396826 0.4341931216931217 0.6475694444444444 0.4209656084656085 0.6515376984126984 0.40773809523809523 0.6495535714285714 0.4021164021164021 0.6411210317460317 0.4064153439153439 0.6264880952380952 0.41898148148148145 0.6225198412698413
0 0.43915343915343913 0.5972222222222222 0.44576719576719576 0.6014384920634921 0.4513888888888889 0.6138392857142857 0.4408068783068783 0.6240079365079365 0.43253968253968256 0.6259920634920635 0.41798941798941797 0.6212797619047619 0.4146825396825397 0.6091269841269841 0.4173280423280423 0.6019345238095238 0.42294973544973546 0.5972222222222222 0.43882275132275134 0.5972222222222222
0 0.43816137566137564 0.5667162698412699 0.4487433862433862 0.5706845238095238 0.455026455026455 0.5776289682539683 0.4546957671957672 0.5853174603174603 0.44246031746031744 0.5972222222222222 0.42493386243386244 0.5949900793650794 0.4176587301587302 0.5900297619047619 0.4146825396825397 0.5850694444444444 0.4212962962962963 0.5704365079365079 0.42757936507936506 0.5669642857142857 0.43783068783068785 0.5667162698412699
0 0.453042328042328 0.5208333333333334 0.4669312169312169 0.5225694444444444 0.47585978835978837 0.533234126984127 0.4738756613756614 0.5431547619047619 0.460978835978836 0.5515873015873016 0.4487433862433862 0.5503472222222222 0.44212962962962965 0.5466269841269841 0.43783068783068785 0.5399305555555556 0.43882275132275134 0.5305059523809523 0.4497354497354497 0.5208333333333334 0.45271164021164023 0.5208333333333334
0 0.333994708994709 0.7130456349206349 0.3455687830687831 0.7202380952380952 0.3472222222222222 0.7284226190476191 0.3425925925925926 0.7366071428571429 0.33101851851851855 0.7418154761904762 0.3210978835978836 0.7415674603174603 0.3125 0.7380952380952381 0.3072089947089947 0.7316468253968254 0.30654761904761907 0.7259424603174603 0.310515873015873 0.7185019841269841 0.31746031746031744 0.7140376984126984 0.3244047619047619 0.7123015873015873 0.33366402116402116 0.7130456349206349
0 0.39384920634920634 0.5865575396825397 0.40476190476190477 0.5882936507936508 0.4146825396825397 0.595734126984127 0.416005291005291 0.6024305555555556 0.4107142857142857 0.6128472222222222 0.40343915343915343 0.6163194444444444 0.39087301587301587 0.6165674603174603 0.3783068783068783 0.6091269841269841 0.37632275132275134 0.5997023809523809 0.3802910052910053 0.5910218253968254 0.39351851851851855 0.5868055555555556
0 0.460978835978836 0.4851190476190476 0.47156084656084657 0.48759920634920634 0.47585978835978837 0.4913194444444444 0.4781746031746032 0.49776785714285715 0.4748677248677249 0.5084325396825397 0.4652777777777778 0.5128968253968254 0.45006613756613756 0.5104166666666666 0.44146825396825395 0.49851190476190477 0.4441137566137566 0.4913194444444444 0.4494047619047619 0.48660714285714285 0.46064814814814814 0.4851190476190476
0 0.41203703703703703 0.5302579365079365 0.4226190476190476 0.5327380952380952 0.4322089947089947 0.542906746031746 0.4289021164021164 0.5538194444444444 0.421957671957672 0.5587797619047619 0.4126984126984127 0.5610119047619048 0.4011243386243386 0.558531746031746 0.3912037037037037 0.5451388888888888 0.3931878306878307 0.5386904761904762 0.40046296296296297 0.5324900793650794 0.4117063492063492 0.5302579365079365
0 0.43882275132275134 0.5032242063492064 0.44675925925925924 0.5074404761904762 0.45006613756613756 0.515625 0.4470899470899471 0.5225694444444444 0.43617724867724866 0.5307539682539683 0.42493386243386244 0.5307539682539683 0.41865079365079366 0.527281746031746 0.41435185185185186 0.5223214285714286 0.4126984126984127 0.5141369047619048 0.4209656084656085 0.5047123015873016 0.4384920634920635 0.5032242063492064
0 0.30787037037037035 0.7487599206349206 0.3148148148148148 0.7507440476190477 0.3194444444444444 0.7547123015873016 0.32242063492063494 0.7591765873015873 0.32242063492063494 0.7663690476190477 0.3191137566137566 0.7735615079365079 0.3134920634920635 0.7775297619047619 0.3039021164021164 0.7802579365079365 0.296957671957672 0.7800099206349206 0.28869047619047616 0.7757936507936508 0.2843915343915344 0.7693452380952381 0.2843915343915344 0.7631448412698413 0.29298941798941797 0.7512400793650794 0.30753968253968256 0.7487599206349206
0 0.3855820105820106 0.5595238095238095 0.3994708994708995 0.5642361111111112 0.4027777777777778 0.5674603174603174 0.40343915343915343 0.574156746031746 0.3974867724867725 0.5830853174603174 0.3819444444444444 0.5887896825396826 0.3697089947089947 0.5840773809523809 0.36607142857142855 0.5736607142857143 0.37136243386243384 0.5637400793650794 0.3776455026455027 0.5602678571428571 0.38525132275132273 0.5595238095238095
0 0.45634920634920634 0.45287698412698413 0.4662698412698413 0.4558531746031746 0.4738756613756614 0.4660218253968254 0.4705687830687831 0.47445436507936506 0.45965608465608465 0.4801587301587302 0.44312169312169314 0.47867063492063494 0.43452380952380953 0.46750992063492064 0.4348544973544973 0.46279761904761907 0.44047619047619047 0.4556051587301587 0.44642857142857145 0.453125 0.45601851851851855 0.45287698412698413
0 0.4298941798941799 0.46924603174603174 0.44113756613756616 0.47693452380952384 0.44312169312169314 0.48462301587301587 0.43617724867724866 0.4928075396825397 0.42328042328042326 0.49677579365079366 0.4126984126984127 0.49503968253968256 0.4087301587301587 0.49206349206349204 0.4064153439153439 0.4801587301587302 0.4146825396825397 0.47023809523809523 0.42956349206349204 0.46924603174603174
0 0.4708994708994709 0.40128968253968256 0.4808201058201058 0.40476190476190477 0.4871031746031746 0.41393849206349204 0.484457671957672 0.42336309523809523 0.47453703703703703 0.4290674603174603 0.4636243386243386 0.4283234126984127 0.45271164021164023 0.42212301587301587 0.45105820105820105 0.41889880952380953 0.4540343915343915 0.4072420634920635 0.46064814814814814 0.4025297619047619 0.4705687830687831 0.40128968253968256
0 0.5228174603174603 0.28125 0.5297619047619048 0.28273809523809523 0.5347222222222222 0.2864583333333333 0.5376984126984127 0.29737103174603174 0.5347222222222222 0.3040674603174603 0.5211640211640212 0.3107638888888889 0.5119047619047619 0.3100198412698413 0.5049603174603174 0.3062996031746032 0.4990079365079365 0.294890873015873 0.5049603174603174 0.2854662698412698 0.5152116402116402 0.28149801587301587 0.5224867724867724 0.28125
0 0.3978174603174603 0.38392857142857145 0.4126984126984127 0.3861607142857143 0.41798941798941797 0.39087301587301587 0.419973544973545 0.3970734126984127 0.41335978835978837 0.4089781746031746 0.4021164021164021 0.41220238095238093 0.390542328042328 0.4104662698412698 0.3812830687830688 0.3990575396825397 0.38492063492063494 0.3896329365079365 0.39384920634920634 0.38392857142857145 0.3974867724867725 0.38392857142857145
0 0.48578042328042326 0.3003472222222222 0.498015873015873 0.30679563492063494 0.5009920634920635 0.31398809523809523 0.498015873015873 0.3244047619047619 0.48743386243386244 0.3298611111111111 0.4738756613756614 0.32688492063492064 0.46593915343915343 0.3179563492063492 0.4705687830687831 0.30431547619047616 0.4771825396825397 0.3010912698412698 0.48544973544973546 0.3003472222222222
0 0.6087962962962963 0.2095734126984127 0.6207010582010583 0.21577380952380953 0.6233465608465608 0.2251984126984127 0.6167328042328042 0.2371031746031746 0.6061507936507936 0.24057539682539683 0.5909391534391535 0.23586309523809523 0.5866402116402116 0.2309027777777778 0.5856481481481481 0.22321428571428573 0.5882936507936508 0.21676587301587302 0.595568783068783 0.21006944444444445 0.6084656084656085 0.2095734126984127
0 0.44642857142857145 0.4211309523809524 0.4556878306878307 0.4243551587301587 0.46395502645502645 0.43154761904761907 0.4599867724867725 0.4446924603174603 0.4546957671957672 0.4503968253968254 0.4497354497354497 0.45188492063492064 0.43584656084656087 0.45014880952380953 0.4252645502645503 0.44221230158730157 0.4236111111111111 0.43774801587301587 0.42493386243386244 0.43005952380952384 0.4289021164021164 0.4255952380952381 0.4460978835978836 0.4211309523809524
0 0.3429232804232804 0.5478670634920635 0.35284391534391535 0.550843253968254 0.3611111111111111 0.5627480158730159 0.36078042328042326 0.5674603174603174 0.3568121693121693 0.5721726190476191 0.3521825396825397 0.5756448412698413 0.34325396825396826 0.5776289682539683 0.33134920634920634 0.5749007936507936 0.32407407407407407 0.5684523809523809 0.3210978835978836 0.5610119047619048 0.3247354497354497 0.5523313492063492 0.3316798941798942 0.5491071428571429 0.3425925925925926 0.5478670634920635
0 0.4226190476190476 0.44221230158730157 0.4312169312169312 0.44915674603174605 0.4332010582010582 0.45982142857142855 0.42658730158730157 0.46726190476190477 0.4150132275132275 0.46899801587301587 0.40476190476190477 0.4677579365079365 0.4001322751322751 0.46478174603174605 0.39715608465608465 0.4585813492063492 0.3974867724867725 0.4506448412698413 0.40773809523809523 0.44320436507936506 0.42228835978835977 0.44221230158730157
0 0.26322751322751325 0.7465277777777778 0.2708333333333333 0.7477678571428571 0.2777777777777778 0.7517361111111112 0.28174603174603174 0.7566964285714286 0.2824074074074074 0.7624007936507936 0.27645502645502645 0.7723214285714286 0.27116402116402116 0.7757936507936508 0.2628968253968254 0.7775297619047619 0.24834656084656084 0.7748015873015873 0.2400793650793651 0.765625 0.24371693121693122 0.7557043650793651 0.25462962962962965 0.748015873015873 0.2628968253968254 0.7465277777777778
0 0.43253968253968256 0.39533730158730157 0.4480820105820106 0.3998015873015873 0.4523809523809524 0.408234126984127 0.4470899470899471 0.41964285714285715 0.4298941798941799 0.4246031746031746 0.4173280423280423 0.41889880952380953 0.41369047619047616 0.4149305555555556 0.41369047619047616 0.41096230158730157 0.4203042328042328 0.3998015873015873 0.4322089947089947 0.39533730158730157
0 0.48544973544973546 0.36706349206349204 0.4914021164021164 0.3685515873015873 0.49603174603174605 0.373015873015873 0.4990079365079365 0.38764880952380953 0.4923941798941799 0.39558531746031744 0.48115079365079366 0.39806547619047616 0.4662698412698413 0.39211309523809523 0.4619708994708995 0.3871527777777778 0.46130952380952384 0.3794642857142857 0.47023809523809523 0.3687996031746032 0.4851190476190476 0.36706349206349204
0 0.4460978835978836 0.3697916666666667 0.45601851851851855 0.3725198412698413 0.4626322751322751 0.38095238095238093 0.460978835978836 0.390625 0.4494047619047619 0.3998015873015873 0.4305555555555556 0.3948412698412698 0.42427248677248675 0.3864087301587302 0.4252645502645503 0.3802083333333333 0.4322089947089947 0.373015873015873 0.43716931216931215 0.37028769841269843 0.44576719576719576 0.3697916666666667
0 0.4451058201058201 0.3412698412698413 0.45701058201058203 0.3454861111111111 0.4632936507936508 0.35540674603174605 0.4566798941798942 0.3663194444444444 0.4460978835978836 0.36929563492063494 0.4322089947089947 0.36731150793650796 0.42493386243386244 0.35962301587301587 0.4312169312169312 0.34523809523809523 0.44477513227513227 0.3412698412698413
0 0.4054232804232804 0.3568948412698413 0.41798941798941797 0.3603670634920635 0.4209656084656085 0.36607142857142855 0.4193121693121693 0.37797619047619047 0.4113756613756614 0.3854166666666667 0.39384920634920634 0.38293650793650796 0.38525132275132273 0.37028769841269843 0.3855820105820106 0.3663194444444444 0.39021164021164023 0.361359126984127 0.40046296296296297 0.3566468253968254 0.4050925925925926 0.3568948412698413
0 0.3382936507936508 0.3948412698412698 0.34424603174603174 0.3978174603174603 0.3492063492063492 0.404265873015873 0.34656084656084657 0.41418650793650796 0.3386243386243386 0.41889880952380953 0.3244047619047619 0.41691468253968256 0.3177910052910053 0.4087301587301587 0.32242063492063494 0.3975694444444444 0.33796296296296297 0.3948412698412698
0 0.4537037037037037 0.28943452380952384 0.4642857142857143 0.294890873015873 0.4695767195767196 0.30357142857142855 0.4642857142857143 0.31646825396825395 0.4537037037037037 0.32043650793650796 0.44146825396825395 0.31746031746031744 0.43187830687830686 0.3072916666666667 0.43452380952380953 0.29811507936507936 0.4444444444444444 0.29117063492063494 0.45337301587301587 0.28943452380952384
0 0.42294973544973546 0.3060515873015873 0.4322089947089947 0.3100198412698413 0.43915343915343913 0.32043650793650796 0.435515873015873 0.330109126984127 0.4252645502645503 0.33556547619047616 0.4074074074074074 0.32961309523809523 0.40244708994708994 0.3179563492063492 0.4064153439153439 0.3097718253968254 0.4146825396825397 0.3062996031746032 0.4226190476190476 0.3060515873015873
0 0.41335978835978837 0.33134920634920634 0.42493386243386244 0.33581349206349204 0.42923280423280424 0.34151785714285715 0.4252645502645503 0.3539186507936508 0.4176587301587302 0.35912698412698413 0.40046296296296297 0.35714285714285715 0.39351851851851855 0.3472222222222222 0.3958333333333333 0.3375496031746032 0.4080687830687831 0.3315972222222222 0.4130291005291005 0.33134920634920634
0 0.5254629629629629 0.2309027777777778 0.5363756613756614 0.23859126984126985 0.5380291005291006 0.2472718253968254 0.5320767195767195 0.2552083333333333 0.5188492063492064 0.2594246031746032 0.5066137566137566 0.2552083333333333 0.5026455026455027 0.2442956349206349 0.5109126984126984 0.23189484126984128 0.5251322751322751 0.2309027777777778
0 0.43617724867724866 0.2748015873015873 0.4451058201058201 0.279265873015873 0.44742063492063494 0.2867063492063492 0.44345238095238093 0.2931547619047619 0.4322089947089947 0.3013392857142857 0.41633597883597884 0.296875 0.4113756613756614 0.2906746031746032 0.41005291005291006 0.28273809523809523 0.41865079365079366 0.2770337301587302 0.43584656084656087 0.2748015873015873
0 0.3869047619047619 0.3030753968253968 0.39715608465608465 0.30654761904761907 0.4007936507936508 0.31646825396825395 0.3978174603174603 0.32688492063492064 0.3872354497354497 0.33209325396825395 0.3783068783068783 0.33134920634920634 0.3697089947089947 0.3271329365079365 0.36474867724867727 0.314484126984127 0.37533068783068785 0.3030753968253968 0.38657407407407407 0.3030753968253968
0 0.3872354497354497 0.2748015873015873 0.4011243386243386 0.2785218253968254 0.40906084656084657 0.2864583333333333 0.4093915343915344 0.29637896825396826 0.3974867724867725 0.3053075396825397 0.37863756613756616 0.3010912698412698 0.37103174603174605 0.29017857142857145 0.375 0.28000992063492064 0.38326719576719576 0.2748015873015873 0.3869047619047619 0.2748015873015873
0 0.3544973544973545 0.2854662698412698 0.3664021164021164 0.2881944444444444 0.3740079365079365 0.30009920634920634 0.37103174603174605 0.30679563492063494 0.3601190476190476 0.3152281746031746 0.3449074074074074 0.31299603174603174 0.3369708994708995 0.3038194444444444 0.3382936507936508 0.2934027777777778 0.3541666666666667 0.2854662698412698
0 0.3740079365079365 0.24801587301587302 0.38591269841269843 0.2552083333333333 0.3878968253968254 0.2666170634920635 0.38392857142857145 0.2743055555555556 0.3673941798941799 0.2795138888888889 0.35813492063492064 0.27728174603174605 0.3525132275132275 0.27306547619047616 0.34854497354497355 0.26587301587301587 0.34854497354497355 0.25967261904761907 0.35615079365079366 0.25049603174603174 0.3627645502645503 0.24801587301587302 0.37367724867724866 0.24801587301587302
0 0.3158068783068783 0.28893849206349204 0.3273809523809524 0.29637896825396826 0.3296957671957672 0.3070436507936508 0.3244047619047619 0.31473214285714285 0.3148148148148148 0.3177083333333333 0.3002645502645503 0.3134920634920635 0.2943121693121693 0.30357142857142855 0.2959656084656085 0.29662698412698413 0.3005952380952381 0.29191468253968256 0.3072089947089947 0.2884424603174603 0.31547619047619047 0.28893849206349204
0 0.33994708994708994 0.26438492063492064 0.3488756613756614 0.2690972222222222 0.3531746031746032 0.2760416666666667 0.35284391534391535 0.28149801587301587 0.3492063492063492 0.28621031746031744 0.3353174603174603 0.29290674603174605 0.3191137566137566 0.2874503968253968 0.314484126984127 0.2760416666666667 0.3210978835978836 0.267609126984127 0.3396164021164021 0.26438492063492064
0 0.3802910052910053 0.16046626984126985 0.39087301587301587 0.16741071428571427 0.39384920634920634 0.17633928571428573 0.3878968253968254 0.18774801587301587 0.37433862433862436 0.19295634920634921 0.3664021164021164 0.19246031746031747 0.3587962962962963 0.18799603174603174 0.35383597883597884 0.18229166666666666 0.3525132275132275 0.171875 0.3558201058201058 0.16641865079365079 0.3627645502645503 0.16170634920634921 0.37996031746031744 0.16046626984126985
0 0.46164021164021163 0.1158234126984127 0.47354497354497355 0.11979166666666667 0.4791666666666667 0.1297123015873016 0.476521164021164 0.140625 0.46494708994708994 0.14682539682539683 0.45072751322751325 0.1440972222222222 0.44576719576719576 0.14037698412698413 0.44246031746031744 0.13368055555555555 0.44312169312169314 0.12648809523809523 0.4480820105820106 0.11979166666666667 0.45436507936507936 0.11631944444444445 0.46130952380952384 0.1158234126984127