0 0.3968253968253968 0.4166666666666667 0.4064153439153439 0.421875 0.4083994708994709 0.4290674603174603 0.4044312169312169 0.43625992063492064 0.3958333333333333 0.4392361111111111 0.3872354497354497 0.4382440476190476 0.37962962962962965 0.43452380952380953 0.37797619047619047 0.42509920634920634 0.3862433862433862 0.4174107142857143 0.396494708994709 0.4166666666666667
0 0.3472222222222222 0.628968253968254 0.35615079365079366 0.6339285714285714 0.3584656084656085 0.6428571428571429 0.3521825396825397 0.6517857142857143 0.34226190476190477 0.6540178571428571 0.33101851851851855 0.6510416666666666 0.3253968253968254 0.6403769841269841 0.32771164021164023 0.6351686507936508 0.3353174603174603 0.6299603174603174 0.3468915343915344 0.628968253968254
0 0.6028439153439153 0.4680059523809524 0.6117724867724867 0.4739583333333333 0.6117724867724867 0.4836309523809524 0.6058201058201058 0.4898313492063492 0.595568783068783 0.49181547619047616 0.5886243386243386 0.4913194444444444 0.5830026455026455 0.4878472222222222 0.5793650793650794 0.48139880952380953 0.5803571428571429 0.4739583333333333 0.5876322751322751 0.46875 0.595568783068783 0.4670138888888889 0.6025132275132276 0.4680059523809524
0 0.28505291005291006 0.7447916666666666 0.2926587301587302 0.7475198412698413 0.29662698412698413 0.7514880952380952 0.2986111111111111 0.7624007936507936 0.29365079365079366 0.7700892857142857 0.2824074074074074 0.7733134920634921 0.27314814814814814 0.7728174603174603 0.26785714285714285 0.7700892857142857 0.2638888888888889 0.765625 0.26322751322751325 0.7584325396825397 0.271494708994709 0.7477678571428571 0.2847222222222222 0.7447916666666666
0 0.3472222222222222 0.4935515873015873 0.3584656084656085 0.49677579365079366 0.3637566137566138 0.5047123015873016 0.35912698412698413 0.5151289682539683 0.3501984126984127 0.5186011904761905 0.3349867724867725 0.5151289682539683 0.3296957671957672 0.5094246031746031 0.3316798941798942 0.49776785714285715 0.3468915343915344 0.4935515873015873
0 0.5575396825396826 0.42038690476190477 0.5691137566137566 0.4253472222222222 0.5717592592592593 0.4320436507936508 0.5677910052910053 0.44072420634920634 0.5582010582010583 0.4437003968253968 0.5456349206349206 0.4409722222222222 0.5406746031746031 0.4310515873015873 0.5436507936507936 0.42336309523809523 0.5572089947089947 0.42038690476190477
0 0.42956349206349204 0.7194940476190477 0.43915343915343913 0.7229662698412699 0.4437830687830688 0.7333829365079365 0.439484126984127 0.7413194444444444 0.42923280423280424 0.7455357142857143 0.42162698412698413 0.7452876984126984 0.414021164021164 0.7418154761904762 0.4103835978835979 0.7346230158730159 0.41435185185185186 0.7256944444444444 0.4212962962962963 0.7212301587301587 0.42923280423280424 0.7194940476190477
0 0.29034391534391535 0.6617063492063492 0.2962962962962963 0.6646825396825397 0.30092592592592593 0.6755952380952381 0.2953042328042328 0.6842757936507936 0.28505291005291006 0.6870039682539683 0.27645502645502645 0.6857638888888888 0.27215608465608465 0.6830357142857143 0.26884920634920634 0.6748511904761905 0.2751322751322751 0.6636904761904762 0.2900132275132275 0.6617063492063492
0 0.5320767195767195 0.42782738095238093 0.5406746031746031 0.43154761904761907 0.5443121693121693 0.4392361111111111 0.5413359788359788 0.44642857142857145 0.5297619047619048 0.45163690476190477 0.5158730158730159 0.4461805555555556 0.5148809523809523 0.4384920634920635 0.519510582010582 0.42981150793650796 0.5317460317460317 0.42782738095238093
0 0.5684523809523809 0.5446428571428571 0.576058201058201 0.5496031746031746 0.5783730158730159 0.5577876984126984 0.5710978835978836 0.5659722222222222 0.5641534391534392 0.5679563492063492 0.5582010582010583 0.5674603174603174 0.5502645502645502 0.5634920634920635 0.5462962962962963 0.5530753968253969 0.5535714285714286 0.5451388888888888 0.5601851851851852 0.5434027777777778 0.5681216931216931 0.5446428571428571
0 0.31746031746031744 0.4521329365079365 0.3287037037037037 0.45907738095238093 0.3287037037037037 0.47172619047619047 0.31845238095238093 0.4756944444444444 0.30886243386243384 0.47470238095238093 0.30224867724867727 0.46999007936507936 0.3019179894179894 0.4600694444444444 0.31084656084656087 0.4523809523809524 0.31712962962962965 0.4523809523809524
0 0.5205026455026455 0.5617559523809523 0.5327380952380952 0.5634920634920635 0.5400132275132276 0.5729166666666666 0.5363756613756614 0.5823412698412699 0.5231481481481481 0.5870535714285714 0.5112433862433863 0.5850694444444444 0.5046296296296297 0.5773809523809523 0.5049603174603174 0.5714285714285714 0.5085978835978836 0.5669642857142857 0.5201719576719577 0.5617559523809523
0 0.27314814814814814 0.44568452380952384 0.2777777777777778 0.44816468253968256 0.2820767195767196 0.4565972222222222 0.2794312169312169 0.46378968253968256 0.2698412698412698 0.46850198412698413 0.25826719576719576 0.46726190476190477 0.25165343915343913 0.4615575396825397 0.25066137566137564 0.4565972222222222 0.25396825396825395 0.44990079365079366 0.2585978835978836 0.4469246031746032 0.2728174603174603 0.44568452380952384
0 0.4130291005291005 0.5744047619047619 0.4183201058201058 0.5758928571428571 0.42427248677248675 0.5811011904761905 0.42592592592592593 0.5895337301587301 0.4212962962962963 0.5967261904761905 0.40906084656084657 0.6009424603174603 0.39715608465608465 0.5987103174603174 0.390542328042328 0.5922619047619048 0.39021164021164023 0.5875496031746031 0.39715608465608465 0.5763888888888888 0.4126984126984127 0.5744047619047619
0 0.25826719576719576 0.6535218253968254 0.2691798941798942 0.658234126984127 0.2718253968253968 0.6651785714285714 0.2671957671957672 0.675843253968254 0.25793650793650796 0.6795634920634921 0.2447089947089947 0.6783234126984127 0.23743386243386244 0.669890873015873 0.23809523809523808 0.6646825396825397 0.24338624338624337 0.6572420634920635 0.24867724867724866 0.654265873015873 0.25793650793650796 0.6535218253968254
0 0.4880952380952381 0.5426587301587301 0.49867724867724866 0.546875 0.501984126984127 0.5572916666666666 0.49537037037037035 0.564484126984127 0.4851190476190476 0.5674603174603174 0.4748677248677249 0.5639880952380952 0.47156084656084657 0.5562996031746031 0.478505291005291 0.5453869047619048 0.4877645502645503 0.5426587301587301
0 0.531084656084656 0.5376984126984127 0.5426587301587301 0.5421626984126984 0.5459656084656085 0.5491071428571429 0.5443121693121693 0.5587797619047619 0.533068783068783 0.5629960317460317 0.5228174603174603 0.5622519841269841 0.5181878306878307 0.5595238095238095 0.5132275132275133 0.546875 0.5148809523809523 0.5424107142857143 0.5191798941798942 0.5396825396825397 0.5307539682539683 0.5376984126984127
0 0.48115079365079366 0.5193452380952381 0.48908730158730157 0.5255456349206349 0.49007936507936506 0.5329861111111112 0.48544973544973546 0.5411706349206349 0.4771825396825397 0.5446428571428571 0.460978835978836 0.5399305555555556 0.4573412698412698 0.529265873015873 0.4652777777777778 0.5223214285714286 0.4808201058201058 0.5193452380952381
0 0.2728174603174603 0.49677579365079366 0.2837301587301587 0.5004960317460317 0.2853835978835979 0.5106646825396826 0.2800925925925926 0.5203373015873016 0.27215608465608465 0.5230654761904762 0.2585978835978836 0.5215773809523809 0.2542989417989418 0.5173611111111112 0.2526455026455027 0.5086805555555556 0.2552910052910053 0.5032242063492064 0.2724867724867725 0.49677579365079366
0 0.2916666666666667 0.4789186507936508 0.032407407407407406 0.023313492063492064
0 0.5654761904761905 0.46552579365079366 0.5767195767195767 0.47023809523809523 0.5796957671957672 0.47867063492063494 0.5747354497354498 0.48561507936507936 0.564484126984127 0.48933531746031744 0.5539021164021164 0.48586309523809523 0.5476190476190477 0.4771825396825397 0.5496031746031746 0.4714781746031746 0.5558862433862434 0.4660218253968254 0.5651455026455027 0.46552579365079366
0 0.3210978835978836 0.49231150793650796 0.3296957671957672 0.4972718253968254 0.3290343915343915 0.5081845238095238 0.32506613756613756 0.5121527777777778 0.31415343915343913 0.5146329365079365 0.30753968253968256 0.5131448412698413 0.30224867724867727 0.5089285714285714 0.29993386243386244 0.49851190476190477 0.3101851851851852 0.49206349206349204 0.32076719576719576 0.49231150793650796
0 0.5578703703703703 0.5208333333333334 0.5681216931216931 0.5257936507936508 0.5701058201058201 0.5329861111111112 0.5641534391534392 0.5419146825396826 0.5535714285714286 0.5446428571428571 0.5419973544973545 0.5401785714285714 0.5380291005291006 0.5349702380952381 0.5376984126984127 0.5295138888888888 0.5436507936507936 0.5223214285714286 0.5575396825396826 0.5208333333333334
0 0.42328042328042326 0.48735119047619047 0.43187830687830686 0.4913194444444444 0.4348544973544973 0.4992559523809524 0.42857142857142855 0.5076884920634921 0.4203042328042328 0.5094246031746031 0.4150132275132275 0.5094246031746031 0.4064153439153439 0.5042162698412699 0.4054232804232804 0.4975198412698413 0.4103835978835979 0.4898313492063492 0.42294973544973546 0.48735119047619047
0 0.603505291005291 0.6609623015873016 0.6154100529100529 0.6651785714285714 0.6197089947089947 0.6741071428571429 0.6167328042328042 0.6830357142857143 0.6058201058201058 0.6877480158730159 0.5985449735449735 0.6867559523809523 0.5922619047619048 0.6832837301587301 0.5882936507936508 0.675843253968254 0.5916005291005291 0.6656746031746031 0.59755291005291 0.6614583333333334 0.6031746031746031 0.6609623015873016
0 0.3210978835978836 0.5753968253968254 0.33134920634920634 0.5815972222222222 0.3323412698412698 0.5882936507936508 0.32837301587301587 0.5954861111111112 0.3194444444444444 0.5994543650793651 0.30324074074074076 0.597718253968254 0.29894179894179895 0.5925099206349206 0.29894179894179895 0.5875496031746031 0.30654761904761907 0.5778769841269841 0.32076719576719576 0.5753968253968254
0 0.4973544973544973 0.41691468253968256 0.5085978835978836 0.42162698412698413 0.5112433862433863 0.42757936507936506 0.5085978835978836 0.4350198412698413 0.49867724867724866 0.4402281746031746 0.4877645502645503 0.43774801587301587 0.4808201058201058 0.4288194444444444 0.48214285714285715 0.423859126984127 0.4877645502645503 0.4181547619047619 0.49702380952380953 0.41691468253968256
0 0.6167328042328042 0.4503968253968254 0.6266534391534392 0.45461309523809523 0.6286375661375662 0.4635416666666667 0.623015873015873 0.4714781746031746 0.6147486772486772 0.4729662698412698 0.6018518518518519 0.46750992063492064 0.5992063492063492 0.46279761904761907 0.6018518518518519 0.4558531746031746 0.6061507936507936 0.45262896825396826 0.6164021164021164 0.4503968253968254
0 0.37665343915343913 0.5637400793650794 0.3872354497354497 0.5652281746031746 0.39285714285714285 0.5711805555555556 0.3941798941798942 0.578125 0.3898809523809524 0.5855654761904762 0.38326719576719576 0.5885416666666666 0.37334656084656087 0.5882936507936508 0.36507936507936506 0.5853174603174603 0.3611111111111111 0.5811011904761905 0.3611111111111111 0.5704365079365079 0.36574074074074076 0.5667162698412699 0.37632275132275134 0.5639880952380952
0 0.37996031746031744 0.43625992063492064 0.38756613756613756 0.4382440476190476 0.3955026455026455 0.4459325396825397 0.39186507936507936 0.45610119047619047 0.3802910052910053 0.46056547619047616 0.36937830687830686 0.4568452380952381 0.36408730158730157 0.4496527777777778 0.36474867724867727 0.4439484126984127 0.36937830687830686 0.43898809523809523 0.37962962962962965 0.43625992063492064
0 0.3630952380952381 0.4600694444444444 0.37334656084656087 0.46577380952380953 0.3759920634920635 0.47445436507936506 0.37037037037037035 0.48139880952380953 0.35978835978835977 0.48387896825396826 0.34953703703703703 0.48214285714285715 0.3439153439153439 0.47668650793650796 0.3425925925925926 0.47197420634920634 0.34854497354497355 0.46106150793650796 0.3627645502645503 0.4600694444444444
0 0.7341269841269841 0.4645337301587302 0.7437169312169312 0.4704861111111111 0.7466931216931217 0.47941468253968256 0.7417328042328042 0.48660714285714285 0.7301587301587301 0.4905753968253968 0.7238756613756614 0.49007936507936506 0.7139550264550265 0.48412698412698413 0.7116402116402116 0.4756944444444444 0.7166005291005291 0.46825396825396826 0.7242063492063492 0.4652777777777778 0.7337962962962963 0.4645337301587302
0 0.31977513227513227 0.673859126984127 0.3263888888888889 0.6780753968253969 0.3287037037037037 0.6870039682539683 0.3220899470899471 0.6956845238095238 0.31382275132275134 0.6986607142857143 0.3072089947089947 0.6981646825396826 0.2996031746031746 0.6944444444444444 0.29563492063492064 0.6845238095238095 0.30324074074074076 0.6750992063492064 0.3194444444444444 0.673859126984127
0 0.8230820105820106 0.49875992063492064 0.8336640211640212 0.5049603174603174 0.8353174603174603 0.513640873015873 0.8306878306878307 0.519593253968254 0.8191137566137566 0.5230654761904762 0.8072089947089947 0.5205853174603174 0.8015873015873016 0.5161210317460317 0.7999338624338624 0.5114087301587301 0.8075396825396826 0.5009920634920635 0.816468253968254 0.4982638888888889 0.8227513227513228 0.49875992063492064
0 0.22784391534391535 0.48288690476190477 0.23743386243386244 0.48735119047619047 0.23974867724867724 0.4982638888888889 0.22718253968253968 0.5054563492063492 0.21296296296296297 0.5034722222222222 0.20899470899470898 0.5002480158730159 0.2080026455026455 0.49429563492063494 0.21362433862433863 0.48561507936507936 0.2275132275132275 0.48288690476190477
0 0.40773809523809523 0.5052083333333334 0.4156746031746032 0.5109126984126984 0.4156746031746032 0.5186011904761905 0.4113756613756614 0.5245535714285714 0.4011243386243386 0.5275297619047619 0.39021164021164023 0.5245535714285714 0.38657407407407407 0.5193452380952381 0.38657407407407407 0.5131448412698413 0.39351851851851855 0.5066964285714286 0.4074074074074074 0.5052083333333334
0 0.3521825396825397 0.4384920634920635 0.36408730158730157 0.4437003968253968 0.36607142857142855 0.4496527777777778 0.3630952380952381 0.4583333333333333 0.35119047619047616 0.46205357142857145 0.3416005291005291 0.45982142857142855 0.3349867724867725 0.45287698412698413 0.33465608465608465 0.44915674603174605 0.3412698412698413 0.44072420634920634 0.35185185185185186 0.4384920634920635
0 0.19510582010582012 0.6949404761904762 0.20667989417989419 0.7003968253968254 0.20899470899470898 0.707093253968254 0.2037037037037037 0.7172619047619048 0.19212962962962962 0.7212301587301587 0.18022486772486773 0.7185019841269841 0.17559523809523808 0.7098214285714286 0.18022486772486773 0.6996527777777778 0.18584656084656084 0.6961805555555556 0.19477513227513227 0.6949404761904762
0 0.296957671957672 0.4367559523809524 0.3082010582010582 0.4419642857142857 0.3098544973544973 0.44816468253968256 0.3091931216931217 0.453125 0.296957671957672 0.46106150793650796 0.2837301587301587 0.45783730158730157 0.2781084656084656 0.4479166666666667 0.2833994708994709 0.43898809523809523 0.29662698412698413 0.4367559523809524
0 0.4427910052910053 0.4290674603174603 0.453042328042328 0.435515873015873 0.4540343915343915 0.4429563492063492 0.44907407407407407 0.44990079365079366 0.4401455026455027 0.45262896825396826 0.42923280423280424 0.4494047619047619 0.4252645502645503 0.4437003968253968 0.42427248677248675 0.4357638888888889 0.4305555555555556 0.4303075396825397 0.44246031746031744 0.4290674603174603
0 0.5271164021164021 0.4583333333333333 0.53505291005291 0.466765873015873 0.53505291005291 0.4704861111111111 0.5300925925925926 0.47842261904761907 0.5238095238095238 0.4809027777777778 0.5119047619047619 0.4789186507936508 0.5062830687830688 0.4742063492063492 0.5046296296296297 0.4680059523809524 0.5125661375661376 0.45907738095238093 0.5267857142857143 0.4583333333333333
0 0.35978835978835977 0.41517857142857145 0.36904761904761907 0.42162698412698413 0.37003968253968256 0.42584325396825395 0.36574074074074076 0.43278769841269843 0.35615079365079366 0.4350198412698413 0.3419312169312169 0.43278769841269843 0.3382936507936508 0.42931547619047616 0.3373015873015873 0.42311507936507936 0.3402777777777778 0.41790674603174605 0.3458994708994709 0.4146825396825397 0.359457671957672 0.41517857142857145
0 0.3098544973544973 0.5143849206349206 0.3187830687830688 0.5186011904761905 0.32275132275132273 0.5260416666666666 0.32076719576719576 0.5327380952380952 0.3148148148148148 0.5367063492063492 0.3082010582010582 0.5379464285714286 0.2976190476190476 0.5364583333333334 0.2926587301587302 0.5324900793650794 0.2906746031746032 0.5252976190476191 0.2959656084656085 0.517609126984127 0.3039021164021164 0.5143849206349206 0.30952380952380953 0.5143849206349206
0 0.37797619047619047 0.48214285714285715 0.38326719576719576 0.4833829365079365 0.3872354497354497 0.4871031746031746 0.3878968253968254 0.49231150793650796 0.38492063492063494 0.5009920634920635 0.37665343915343913 0.5052083333333334 0.3627645502645503 0.5024801587301587 0.357473544973545 0.49429563492063494 0.3611111111111111 0.484375 0.3776455026455027 0.48214285714285715
0 0.36706349206349204 0.8566468253968254 0.375 0.8628472222222222 0.376984126984127 0.8727678571428571 0.3723544973544973 0.8807043650793651 0.35912698412698413 0.8864087301587301 0.34656084656084657 0.8834325396825397 0.3419312169312169 0.8772321428571429 0.3419312169312169 0.8717757936507936 0.35185185185185186 0.8603670634920635 0.36673280423280424 0.8566468253968254
0 0.4460978835978836 0.5186011904761905 0.4537037037037037 0.5240575396825397 0.455026455026455 0.533234126984127 0.45171957671957674 0.5396825396825397 0.4427910052910053 0.5436507936507936 0.4351851851851852 0.5434027777777778 0.42824074074074076 0.5406746031746031 0.42493386243386244 0.5369543650793651 0.42427248677248675 0.5307539682539683 0.4289021164021164 0.5223214285714286 0.43716931216931215 0.5190972222222222 0.44576719576719576 0.5186011904761905
0 0.31613756613756616 0.419890873015873 0.3273809523809524 0.4243551587301587 0.33101851851851855 0.4310515873015873 0.32671957671957674 0.4392361111111111 0.3177910052910053 0.4427083333333333 0.3062169312169312 0.4412202380952381 0.29828042328042326 0.4340277777777778 0.29828042328042326 0.4288194444444444 0.30357142857142855 0.4228670634920635 0.3158068783068783 0.419890873015873
0 0.6101190476190477 0.5138888888888888 0.6200396825396826 0.5186011904761905 0.6233465608465608 0.5265376984126984 0.6197089947089947 0.5327380952380952 0.6078042328042328 0.5381944444444444 0.5962301587301587 0.5364583333333334 0.5912698412698413 0.5322420634920635 0.58994708994709 0.5255456349206349 0.5965608465608465 0.515625 0.6097883597883598 0.5138888888888888
0 0.4017857142857143 0.46304563492063494 0.4117063492063492 0.46825396825396826 0.41369047619047616 0.4774305555555556 0.40773809523809523 0.484375 0.3974867724867725 0.48660714285714285 0.3872354497354497 0.4851190476190476 0.37962962962962965 0.4781746031746032 0.3783068783068783 0.4732142857142857 0.3869047619047619 0.4645337301587302 0.40145502645502645 0.46304563492063494
0 0.25925925925925924 0.47842261904761907 0.26951058201058203 0.48412698412698413 0.2708333333333333 0.4928075396825397 0.2665343915343915 0.49875992063492064 0.25496031746031744 0.5027281746031746 0.23974867724867724 0.498015873015873 0.23809523809523808 0.48735119047619047 0.2443783068783069 0.4801587301587302 0.25892857142857145 0.47842261904761907
0 0.5433201058201058 0.4469246031746032 0.5535714285714286 0.44990079365079366 0.5582010582010583 0.45634920634920634 0.5558862433862434 0.4642857142857143 0.5446428571428571 0.47023809523809523 0.5343915343915344 0.46726190476190477 0.5281084656084656 0.45709325396825395 0.5327380952380952 0.45014880952380953 0.542989417989418 0.4469246031746032
0 0.35548941798941797 0.6520337301587301 0.36706349206349204 0.6572420634920635 0.3697089947089947 0.6634424603174603 0.36673280423280424 0.673859126984127 0.3558201058201058 0.6788194444444444 0.3435846560846561 0.6755952380952381 0.33630952380952384 0.6664186507936508 0.3396164021164021 0.6564980158730159 0.34523809523809523 0.6535218253968254 0.3551587301587302 0.6520337301587301
0 0.5846560846560847 0.43799603174603174 0.5916005291005291 0.44221230158730157 0.593584656084656 0.44990079365079366 0.5902777777777778 0.4568452380952381 0.5830026455026455 0.4603174603174603 0.5740740740740741 0.4600694444444444 0.5674603174603174 0.4573412698412698 0.5634920634920635 0.44841269841269843 0.5661375661375662 0.44246031746031744 0.5704365079365079 0.43973214285714285 0.5843253968253969 0.43799603174603174
0 0.3369708994708995 0.4729662698412698 0.3449074074074074 0.4771825396825397 0.34953703703703703 0.48462301587301587 0.3439153439153439 0.49255952380952384 0.3330026455026455 0.4962797619047619 0.3187830687830688 0.49107142857142855 0.31712962962962965 0.48412698412698413 0.32341269841269843 0.4751984126984127 0.33664021164021163 0.4729662698412698
0 0.4103835978835979 0.6180555555555556 0.421957671957672 0.6237599206349206 0.42427248677248675 0.6312003968253969 0.41964285714285715 0.6403769841269841 0.4083994708994709 0.644593253968254 0.39616402116402116 0.6418650793650794 0.3912037037037037 0.6374007936507936 0.38955026455026454 0.6319444444444444 0.3948412698412698 0.6222718253968254 0.40145502645502645 0.6187996031746031 0.41005291005291006 0.6180555555555556
0 0.6534391534391535 0.4117063492063492 0.6617063492063492 0.4154265873015873 0.6653439153439153 0.4255952380952381 0.6613756613756614 0.43080357142857145 0.6514550264550265 0.4340277777777778 0.6402116402116402 0.4322916666666667 0.6359126984126984 0.4288194444444444 0.6345899470899471 0.421875 0.6402116402116402 0.41443452380952384 0.6531084656084656 0.4117063492063492