0 0.6812169312169312 0.47346230158730157 0.6891534391534392 0.4781746031746032 0.6927910052910053 0.48759920634920634 0.6888227513227513 0.4957837301587302 0.6779100529100529 0.5002480158730159 0.6686507936507936 0.5002480158730159 0.6610449735449735 0.4965277777777778 0.6541005291005291 0.48933531746031744 0.6534391534391535 0.4836309523809524 0.6574074074074074 0.4771825396825397 0.6650132275132276 0.47346230158730157 0.6808862433862434 0.47346230158730157
0 0.5985449735449735 0.3427579365079365 0.6091269841269841 0.34970238095238093 0.6117724867724867 0.359375 0.6058201058201058 0.3678075396825397 0.5945767195767195 0.37202380952380953 0.5853174603174603 0.37103174603174605 0.5790343915343915 0.36731150793650796 0.5740740740740741 0.3603670634920635 0.5737433862433863 0.3551587301587302 0.576058201058201 0.3489583333333333 0.5813492063492064 0.34499007936507936 0.5882936507936508 0.3427579365079365 0.5982142857142857 0.3427579365079365
0 0.5681216931216931 0.6453373015873016 0.5793650793650794 0.6507936507936508 0.5830026455026455 0.6622023809523809 0.5783730158730159 0.671875 0.5734126984126984 0.6753472222222222 0.564484126984127 0.6775793650793651 0.5545634920634921 0.6765873015873016 0.5482804232804233 0.6728670634920635 0.5433201058201058 0.6676587301587301 0.5416666666666666 0.660218253968254 0.5436507936507936 0.654265873015873 0.5502645502645502 0.6485615079365079 0.5677910052910053 0.6453373015873016
0 0.5291005291005291 0.7559523809523809 0.5403439153439153 0.7638888888888888 0.5456349206349206 0.7782738095238095 0.5396825396825397 0.7896825396825397 0.5343915343915344 0.7931547619047619 0.5267857142857143 0.7946428571428571 0.5185185185185185 0.7934027777777778 0.5079365079365079 0.7872023809523809 0.5026455026455027 0.7802579365079365 0.5009920634920635 0.7723214285714286 0.5029761904761905 0.7646329365079365 0.5099206349206349 0.7581845238095238 0.5205026455026455 0.7554563492063492 0.5287698412698413 0.7559523809523809
0 0.4775132275132275 0.6448412698412699 0.49272486772486773 0.6507936507936508 0.4973544973544973 0.6607142857142857 0.49206349206349204 0.6703869047619048 0.478505291005291 0.6753472222222222 0.4695767195767196 0.6753472222222222 0.4636243386243386 0.6731150793650794 0.45601851851851855 0.6617063492063492 0.46164021164021163 0.6493055555555556 0.4705687830687831 0.6453373015873016 0.4771825396825397 0.6448412698412699
0 0.5304232804232805 0.5979662698412699 0.5433201058201058 0.6046626984126984 0.546957671957672 0.6163194444444444 0.5396825396825397 0.6257440476190477 0.5264550264550265 0.628968253968254 0.5178571428571429 0.6272321428571429 0.5115740740740741 0.623015873015873 0.5066137566137566 0.6168154761904762 0.5062830687830688 0.6118551587301587 0.5128968253968254 0.6019345238095238 0.5224867724867724 0.5982142857142857 0.5300925925925926 0.5979662698412699
0 0.46494708994708994 0.2542162698412698 0.478505291005291 0.2614087301587302 0.48214285714285715 0.27306547619047616 0.4781746031746032 0.28100198412698413 0.4632936507936508 0.2847222222222222 0.45601851851851855 0.283234126984127 0.4480820105820106 0.27802579365079366 0.44345238095238093 0.26413690476190477 0.4497354497354497 0.25595238095238093 0.4646164021164021 0.2542162698412698
0 0.2857142857142857 0.5887896825396826 0.2933201058201058 0.5892857142857143 0.29927248677248675 0.5925099206349206 0.30357142857142855 0.6039186507936508 0.30092592592592593 0.613343253968254 0.291005291005291 0.6197916666666666 0.2847222222222222 0.621031746031746 0.27645502645502645 0.6202876984126984 0.26851851851851855 0.6168154761904762 0.26421957671957674 0.6125992063492064 0.26322751322751325 0.605406746031746 0.27116402116402116 0.5920138888888888 0.2853835978835979 0.5887896825396826
0 0.23544973544973544 0.4975198412698413 0.2490079365079365 0.5017361111111112 0.2533068783068783 0.5114087301587301 0.25 0.519593253968254 0.23776455026455026 0.5255456349206349 0.2222222222222222 0.5225694444444444 0.2152777777777778 0.5158730158730159 0.21858465608465608 0.5017361111111112 0.226521164021164 0.498015873015873 0.23511904761904762 0.4975198412698413
0 0.4113756613756614 0.6245039682539683 0.4212962962962963 0.6299603174603174 0.4236111111111111 0.6408730158730159 0.4166666666666667 0.6505456349206349 0.4054232804232804 0.6550099206349206 0.39814814814814814 0.6545138888888888 0.38955026455026454 0.6505456349206349 0.38392857142857145 0.6443452380952381 0.38326719576719576 0.6369047619047619 0.3869047619047619 0.6302083333333334 0.3921957671957672 0.6262400793650794 0.40145502645502645 0.6240079365079365 0.41104497354497355 0.6245039682539683
0 0.29034391534391535 0.6619543650793651 0.3012566137566138 0.6681547619047619 0.30522486772486773 0.6795634920634921 0.3002645502645503 0.6872519841269841 0.2863756613756614 0.6927083333333334 0.27645502645502645 0.6912202380952381 0.26851851851851855 0.6870039682539683 0.2648809523809524 0.6815476190476191 0.26455026455026454 0.6743551587301587 0.26785714285714285 0.6676587301587301 0.27414021164021163 0.6636904761904762 0.2810846560846561 0.6614583333333334 0.2900132275132275 0.6619543650793651
0 0.3230820105820106 0.6483134920634921 0.33796296296296297 0.6547619047619048 0.3406084656084656 0.6649305555555556 0.33101851851851855 0.6755952380952381 0.31845238095238093 0.6788194444444444 0.30522486772486773 0.6748511904761905 0.30158730158730157 0.6693948412698413 0.3012566137566138 0.6609623015873016 0.30324074074074076 0.6557539682539683 0.3091931216931217 0.6510416666666666 0.31746031746031744 0.6480654761904762 0.32275132275132273 0.6483134920634921
0 0.16832010582010581 0.4642857142857143 0.1818783068783069 0.46875 0.18816137566137567 0.4789186507936508 0.18452380952380953 0.48834325396825395 0.16898148148148148 0.49528769841269843 0.16104497354497355 0.4945436507936508 0.15145502645502645 0.49007936507936506 0.14517195767195767 0.4791666666666667 0.14583333333333334 0.47346230158730157 0.15046296296296297 0.46850198412698413 0.1583994708994709 0.4650297619047619 0.167989417989418 0.4642857142857143
0 0.591931216931217 0.48115079365079366 0.5988756613756614 0.48313492063492064 0.6041666666666666 0.48759920634920634 0.6061507936507936 0.49851190476190477 0.5982142857142857 0.5071924603174603 0.5853174603174603 0.5106646825396826 0.5763888888888888 0.5091765873015873 0.5701058201058201 0.5057043650793651 0.5651455026455027 0.4945436507936508 0.5737433862433863 0.48412698412698413 0.5916005291005291 0.48115079365079366
0 0.44345238095238093 0.6369047619047619 0.4573412698412698 0.6431051587301587 0.4593253968253968 0.6510416666666666 0.4540343915343915 0.6629464285714286 0.4401455026455027 0.6686507936507936 0.43187830687830686 0.6681547619047619 0.42328042328042326 0.6649305555555556 0.4176587301587302 0.6587301587301587 0.4166666666666667 0.6512896825396826 0.42592592592592593 0.6401289682539683 0.44312169312169314 0.6369047619047619
0 0.3244047619047619 0.5932539682539683 0.3392857142857143 0.6006944444444444 0.34226190476190477 0.6096230158730159 0.3353174603174603 0.6217757936507936 0.3306878306878307 0.6247519841269841 0.3220899470899471 0.6262400793650794 0.30853174603174605 0.6232638888888888 0.30357142857142855 0.6163194444444444 0.30257936507936506 0.609375 0.3058862433862434 0.5987103174603174 0.31382275132275134 0.5942460317460317 0.32407407407407407 0.5932539682539683
0 0.6898148148148148 0.49776785714285715 0.7007275132275133 0.5037202380952381 0.703042328042328 0.5158730158730159 0.6960978835978836 0.5240575396825397 0.6828703703703703 0.5285218253968254 0.6752645502645502 0.5277777777777778 0.6676587301587301 0.5230654761904762 0.6630291005291006 0.5158730158730159 0.6630291005291006 0.5111607142857143 0.666005291005291 0.5047123015873016 0.6712962962962963 0.5007440476190477 0.689484126984127 0.49776785714285715
0 0.7463624338624338 0.6688988095238095 0.7549603174603174 0.6708829365079365 0.7612433862433863 0.6750992063492064 0.7642195767195767 0.6788194444444444 0.7648809523809523 0.6862599206349206 0.7628968253968254 0.6924603174603174 0.7576058201058201 0.6971726190476191 0.7450396825396826 0.7008928571428571 0.7357804232804233 0.6994047619047619 0.7291666666666666 0.6956845238095238 0.7258597883597884 0.6927083333333334 0.7235449735449735 0.6837797619047619 0.7265211640211641 0.6773313492063492 0.7337962962962963 0.6708829365079365 0.746031746031746 0.6688988095238095
0 0.5357142857142857 0.5642361111111112 0.5476190476190477 0.5691964285714286 0.5535714285714286 0.582093253968254 0.5466269841269841 0.5907738095238095 0.5304232804232805 0.595734126984127 0.517526455026455 0.5922619047619048 0.5128968253968254 0.5890376984126984 0.5092592592592593 0.5771329365079365 0.5125661375661376 0.5711805555555556 0.5185185185185185 0.5672123015873016 0.5353835978835979 0.5642361111111112
0 0.6901455026455027 0.3410218253968254 0.7053571428571429 0.3444940476190476 0.7099867724867724 0.35193452380952384 0.707010582010582 0.36507936507936506 0.7000661375661376 0.3695436507936508 0.6904761904761905 0.37202380952380953 0.6779100529100529 0.37028769841269843 0.6709656084656085 0.36259920634920634 0.6782407407407407 0.3444940476190476 0.6822089947089947 0.34151785714285715 0.6898148148148148 0.3410218253968254