0 0.666005291005291 0.5540674603174603 0.6749338624338624 0.5592757936507936 0.6765873015873016 0.5652281746031746 0.6736111111111112 0.5711805555555556 0.6646825396825397 0.5751488095238095 0.658068783068783 0.5746527777777778 0.6517857142857143 0.5714285714285714 0.6488095238095238 0.5629960317460317 0.654431216931217 0.5550595238095238 0.6656746031746031 0.5540674603174603
0 0.37996031746031744 0.39012896825396826 0.38955026455026454 0.3940972222222222 0.3978174603174603 0.404265873015873 0.39451058201058203 0.4126984126984127 0.3845899470899471 0.41716269841269843 0.37367724867724866 0.4156746031746032 0.3673941798941799 0.41121031746031744 0.36408730158730157 0.40500992063492064 0.36607142857142855 0.39384920634920634 0.373015873015873 0.3898809523809524 0.37962962962962965 0.39012896825396826
0 0.5201719576719577 0.5962301587301587 0.5291005291005291 0.5982142857142857 0.5337301587301587 0.6019345238095238 0.5357142857142857 0.6076388888888888 0.5327380952380952 0.6160714285714286 0.5231481481481481 0.6205357142857143 0.5115740740740741 0.6178075396825397 0.5076058201058201 0.6128472222222222 0.5112433862433863 0.5992063492063492 0.5198412698412699 0.5962301587301587
0 0.5396825396825397 0.5386904761904762 0.546957671957672 0.5394345238095238 0.5539021164021164 0.544890873015873 0.5548941798941799 0.5505952380952381 0.5515873015873016 0.5572916666666666 0.5390211640211641 0.560515873015873 0.5320767195767195 0.5587797619047619 0.52744708994709 0.5548115079365079 0.5254629629629629 0.5498511904761905 0.5284391534391535 0.5434027777777778 0.5327380952380952 0.5401785714285714 0.5393518518518519 0.5389384920634921
0 0.66005291005291 0.6798115079365079 0.6703042328042328 0.6860119047619048 0.6726190476190477 0.6929563492063492 0.6683201058201058 0.6994047619047619 0.6593915343915344 0.7016369047619048 0.6468253968253969 0.6966765873015873 0.644510582010582 0.6884920634920635 0.6501322751322751 0.6810515873015873 0.6597222222222222 0.6798115079365079
0 0.591931216931217 0.5399305555555556 0.6025132275132276 0.542906746031746 0.6061507936507936 0.5461309523809523 0.6068121693121693 0.5520833333333334 0.603505291005291 0.5582837301587301 0.5912698412698413 0.5612599206349206 0.5787037037037037 0.5555555555555556 0.5803571428571429 0.5461309523809523 0.5916005291005291 0.5401785714285714
0 0.28406084656084657 0.3804563492063492 0.291005291005291 0.38492063492063494 0.29398148148148145 0.3948412698412698 0.291005291005291 0.4010416666666667 0.28174603174603174 0.4052579365079365 0.2751322751322751 0.40500992063492064 0.2671957671957672 0.4017857142857143 0.2605820105820106 0.39037698412698413 0.2691798941798942 0.38070436507936506 0.2837301587301587 0.3804563492063492
0 0.6160714285714286 0.4947916666666667 0.6266534391534392 0.5022321428571429 0.6273148148148148 0.5086805555555556 0.6246693121693122 0.5121527777777778 0.6180555555555556 0.5158730158730159 0.6117724867724867 0.5166170634920635 0.6025132275132276 0.5133928571428571 0.5985449735449735 0.5091765873015873 0.5978835978835979 0.5027281746031746 0.6011904761904762 0.4982638888888889 0.6157407407407407 0.49503968253968256
0 0.353505291005291 0.3968253968253968 0.3630952380952381 0.40128968253968256 0.36507936507936506 0.4117063492063492 0.3584656084656085 0.41790674603174605 0.351521164021164 0.41964285714285715 0.3386243386243386 0.41716269841269843 0.3333333333333333 0.4117063492063492 0.3326719576719577 0.4072420634920635 0.3376322751322751 0.3998015873015873 0.34523809523809523 0.3968253968253968 0.3531746031746032 0.3968253968253968
0 0.5978835978835979 0.279265873015873 0.6048280423280423 0.2829861111111111 0.6068121693121693 0.29017857142857145 0.6015211640211641 0.296875 0.591931216931217 0.30084325396825395 0.5803571428571429 0.29712301587301587 0.578042328042328 0.2864583333333333 0.5856481481481481 0.27976190476190477 0.59755291005291 0.279265873015873
0 0.3802910052910053 0.41617063492063494 0.3869047619047619 0.4176587301587302 0.39451058201058203 0.42757936507936506 0.3912037037037037 0.4357638888888889 0.38392857142857145 0.43973214285714285 0.36904761904761907 0.4367559523809524 0.36342592592592593 0.4290674603174603 0.36574074074074076 0.42137896825396826 0.37202380952380953 0.41691468253968256 0.37996031746031744 0.41617063492063494
0 0.4054232804232804 0.3804563492063492 0.4166666666666667 0.3836805555555556 0.4203042328042328 0.3940972222222222 0.41369047619047616 0.40128968253968256 0.4044312169312169 0.4037698412698413 0.39351851851851855 0.39856150793650796 0.38955026455026454 0.390625 0.39384920634920634 0.3841765873015873 0.4050925925925926 0.3804563492063492
0 0.4007936507936508 0.359375 0.40906084656084657 0.3655753968253968 0.4107142857142857 0.373015873015873 0.4054232804232804 0.38070436507936506 0.39451058201058203 0.38318452380952384 0.3869047619047619 0.3821924603174603 0.38062169312169314 0.3777281746031746 0.37863756613756616 0.36904761904761907 0.38227513227513227 0.36259920634920634 0.3872354497354497 0.359375 0.40046296296296297 0.359375
0 0.17162698412698413 0.7189980158730159 0.1822089947089947 0.7212301587301587 0.18948412698412698 0.7271825396825397 0.1908068783068783 0.734375 0.18386243386243387 0.7450396825396826 0.17724867724867724 0.7487599206349206 0.16468253968253968 0.7502480158730159 0.15773809523809523 0.7485119047619048 0.15079365079365079 0.7418154761904762 0.15046296296296297 0.7338789682539683 0.1550925925925926 0.7266865079365079 0.16468253968253968 0.7204861111111112 0.1712962962962963 0.7192460317460317
0 0.5413359788359788 0.7884424603174603 0.5502645502645502 0.7919146825396826 0.5558862433862434 0.7993551587301587 0.5535714285714286 0.8080357142857143 0.5423280423280423 0.8134920634920635 0.5320767195767195 0.8117559523809523 0.5251322751322751 0.8035714285714286 0.5291005291005291 0.7931547619047619 0.5347222222222222 0.7889384920634921 0.541005291005291 0.7884424603174603
0 0.5423280423280423 0.5696924603174603 0.5535714285714286 0.5734126984126984 0.5572089947089947 0.5798611111111112 0.5535714285714286 0.5882936507936508 0.5436507936507936 0.5927579365079365 0.533068783068783 0.5900297619047619 0.5271164021164021 0.582093253968254 0.5307539682539683 0.5736607142857143 0.5419973544973545 0.5696924603174603
0 0.4990079365079365 0.5932539682539683 0.5089285714285714 0.5994543650793651 0.5102513227513228 0.6034226190476191 0.5066137566137566 0.6121031746031746 0.49867724867724866 0.6150793650793651 0.4880952380952381 0.6130952380952381 0.48148148148148145 0.6063988095238095 0.482473544973545 0.5989583333333334 0.48578042328042326 0.5954861111111112 0.49867724867724866 0.5932539682539683
0 0.7658730158730159 0.6312003968253969 0.7757936507936508 0.6336805555555556 0.7817460317460317 0.640625 0.7791005291005291 0.6510416666666666 0.7728174603174603 0.6537698412698413 0.7576058201058201 0.6515376984126984 0.7516534391534392 0.6431051587301587 0.753968253968254 0.6346726190476191 0.765542328042328 0.6312003968253969
0 0.5691137566137566 0.5148809523809523 0.578042328042328 0.5168650793650794 0.5843253968253969 0.5250496031746031 0.582010582010582 0.5339781746031746 0.5710978835978836 0.5391865079365079 0.5591931216931217 0.5364583333333334 0.5535714285714286 0.5265376984126984 0.5572089947089947 0.5186011904761905 0.5628306878306878 0.5153769841269841 0.5687830687830688 0.5148809523809523
0 0.33895502645502645 0.31398809523809523 0.34656084656084657 0.3167162698412698 0.3525132275132275 0.32341269841269843 0.3492063492063492 0.33482142857142855 0.33895502645502645 0.33878968253968256 0.3316798941798942 0.33804563492063494 0.3244047619047619 0.3343253968253968 0.32142857142857145 0.3253968253968254 0.3273809523809524 0.31547619047619047 0.3386243386243386 0.31398809523809523
0 0.6193783068783069 0.47172619047619047 0.6286375661375662 0.47693452380952384 0.6302910052910053 0.484375 0.6266534391534392 0.4895833333333333 0.6180555555555556 0.4928075396825397 0.6097883597883598 0.49206349206349204 0.6044973544973545 0.4885912698412698 0.6021825396825397 0.48040674603174605 0.6064814814814815 0.47371031746031744 0.6190476190476191 0.47172619047619047
0 0.6851851851851852 0.826140873015873 0.6927910052910053 0.8313492063492064 0.6951058201058201 0.8382936507936508 0.6917989417989417 0.8452380952380952 0.6841931216931217 0.8492063492063492 0.6706349206349206 0.8454861111111112 0.6666666666666666 0.8412698412698413 0.6653439153439153 0.8343253968253969 0.6716269841269841 0.8271329365079365 0.6775793650793651 0.8253968253968254 0.6848544973544973 0.826140873015873
0 0.5049603174603174 0.3851686507936508 0.5152116402116402 0.39087301587301587 0.5171957671957672 0.3950892857142857 0.515542328042328 0.4010416666666667 0.5052910052910053 0.40600198412698413 0.49404761904761907 0.40128968253968256 0.49404761904761907 0.39037698412698413 0.498015873015873 0.3869047619047619 0.5046296296296297 0.3854166666666667
0 0.25297619047619047 0.3777281746031746 0.26025132275132273 0.3836805555555556 0.2605820105820106 0.39087301587301587 0.2566137566137566 0.39806547619047616 0.24834656084656084 0.40228174603174605 0.23809523809523808 0.40153769841269843 0.23115079365079366 0.39806547619047616 0.2261904761904762 0.39384920634920634 0.2251984126984127 0.38764880952380953 0.23082010582010581 0.3784722222222222 0.24338624338624337 0.3759920634920635 0.2526455026455027 0.3777281746031746
0 0.6861772486772487 0.4201388888888889 0.6941137566137566 0.42485119047619047 0.6954365079365079 0.43179563492063494 0.6927910052910053 0.4367559523809524 0.6825396825396826 0.44146825396825395 0.6785714285714286 0.4412202380952381 0.6703042328042328 0.43601190476190477 0.6683201058201058 0.4288194444444444 0.673941798941799 0.42162698412698413 0.6858465608465608 0.4201388888888889