0 0.8786375661375662 0.3345734126984127 0.8935185185185185 0.3382936507936508 0.9054232804232805 0.34523809523809523 0.9110449735449735 0.3524305555555556 0.9113756613756614 0.35987103174603174 0.9083994708994709 0.3705357142857143 0.9011243386243386 0.3792162698412698 0.8869047619047619 0.3871527777777778 0.875 0.38913690476190477 0.8558201058201058 0.38665674603174605 0.8449074074074074 0.3814484126984127 0.8373015873015873 0.3740079365079365 0.8359788359788359 0.36433531746031744 0.8389550264550265 0.3556547619047619 0.855489417989418 0.3395337301587302 0.8783068783068783 0.3345734126984127
0 0.7979497354497355 0.2465277777777778 0.8111772486772487 0.25024801587301587 0.8230820105820106 0.25768849206349204 0.8277116402116402 0.26537698412698413 0.8283730158730159 0.2743055555555556 0.8250661375661376 0.28249007936507936 0.8171296296296297 0.29117063492063494 0.8072089947089947 0.29563492063492064 0.7956349206349206 0.29712301587301587 0.7827380952380952 0.29662698412698413 0.7688492063492064 0.2914186507936508 0.7615740740740741 0.283234126984127 0.7585978835978836 0.27232142857142855 0.7609126984126984 0.2646329365079365 0.7724867724867724 0.2544642857142857 0.7857142857142857 0.2472718253968254 0.7976190476190477 0.2465277777777778
0 0.580026455026455 0.810515873015873 0.5892857142857143 0.8137400793650794 0.5995370370370371 0.8206845238095238 0.6087962962962963 0.8348214285714286 0.6097883597883598 0.8425099206349206 0.6025132275132276 0.8556547619047619 0.5952380952380952 0.8618551587301587 0.5763888888888888 0.8663194444444444 0.5608465608465608 0.8643353174603174 0.5505952380952381 0.8591269841269841 0.5413359788359788 0.845734126984127 0.5403439153439153 0.8363095238095238 0.5426587301587301 0.8271329365079365 0.5532407407407407 0.816468253968254 0.5674603174603174 0.8112599206349206 0.5796957671957672 0.810515873015873
0 0.5367063492063492 0.7485119047619048 0.5486111111111112 0.7514880952380952 0.5588624338624338 0.7571924603174603 0.5684523809523809 0.7755456349206349 0.5674603174603174 0.7839781746031746 0.5608465608465608 0.7938988095238095 0.5545634920634921 0.7978670634920635 0.5400132275132276 0.8023313492063492 0.5231481481481481 0.800843253968254 0.5148809523809523 0.7978670634920635 0.503968253968254 0.7879464285714286 0.5003306878306878 0.7785218253968254 0.5016534391534392 0.769593253968254 0.5082671957671958 0.7579365079365079 0.529431216931217 0.7490079365079365 0.5363756613756614 0.7485119047619048
0 0.6183862433862434 0.6049107142857143 0.6299603174603174 0.6088789682539683 0.640542328042328 0.6163194444444444 0.6458333333333334 0.6292162698412699 0.6455026455026455 0.6376488095238095 0.6415343915343915 0.6448412698412699 0.623015873015873 0.6520337301587301 0.6008597883597884 0.6510416666666666 0.5886243386243386 0.6450892857142857 0.5823412698412699 0.6374007936507936 0.583994708994709 0.6217757936507936 0.5889550264550265 0.6125992063492064 0.6044973544973545 0.605406746031746 0.6180555555555556 0.6049107142857143
0 0.8316798941798942 0.19816468253968253 0.8561507936507936 0.20560515873015872 0.8640873015873016 0.2152777777777778 0.8670634920634921 0.22941468253968253 0.8597883597883598 0.24231150793650794 0.8521825396825397 0.2482638888888889 0.8386243386243386 0.25297619047619047 0.8234126984126984 0.2544642857142857 0.7926587301587301 0.24379960317460317 0.7893518518518519 0.2371031746031746 0.7893518518518519 0.2261904761904762 0.7933201058201058 0.21651785714285715 0.8055555555555556 0.2058531746031746 0.8210978835978836 0.19940476190476192 0.8313492063492064 0.19816468253968253
0 0.6891534391534392 0.23511904761904762 0.7000661375661376 0.23685515873015872 0.7080026455026455 0.24057539682539683 0.7146164021164021 0.24677579365079366 0.7195767195767195 0.25793650793650796 0.7139550264550265 0.27653769841269843 0.7033730158730159 0.2847222222222222 0.6898148148148148 0.2874503968253968 0.6742724867724867 0.28720238095238093 0.6673280423280423 0.28521825396825395 0.6567460317460317 0.2775297619047619 0.6521164021164021 0.265625 0.6541005291005291 0.2542162698412698 0.6636904761904762 0.24156746031746032 0.6749338624338624 0.23586309523809523 0.6888227513227513 0.23511904761904762
0 0.8406084656084656 0.05406746031746032 0.8564814814814815 0.05654761904761905 0.8647486772486772 0.06076388888888889 0.8720238095238095 0.07118055555555555 0.8733465608465608 0.07886904761904762 0.8571428571428571 0.10243055555555555 0.8452380952380952 0.10863095238095238 0.8349867724867724 0.11011904761904762 0.8214285714285714 0.10838293650793651 0.8101851851851852 0.10267857142857142 0.8025793650793651 0.09325396825396826 0.8005952380952381 0.08407738095238096 0.8052248677248677 0.07093253968253968 0.810515873015873 0.06498015873015874 0.8240740740740741 0.05679563492063492 0.8402777777777778 0.05406746031746032
0 0.46726190476190477 0.8422619047619048 0.48544973544973546 0.8447420634920635 0.49537037037037035 0.8501984126984127 0.501984126984127 0.8586309523809523 0.5036375661375662 0.8702876984126984 0.4990079365079365 0.8782242063492064 0.484457671957672 0.8916170634920635 0.4669312169312169 0.8960813492063492 0.45701058201058203 0.8948412698412699 0.44576719576719576 0.8881448412698413 0.435515873015873 0.8663194444444444 0.43783068783068785 0.8556547619047619 0.44477513227513227 0.8487103174603174 0.45535714285714285 0.8430059523809523 0.4669312169312169 0.8422619047619048
0 0.48677248677248675 0.7829861111111112 0.49636243386243384 0.7857142857142857 0.5076058201058201 0.7926587301587301 0.5145502645502645 0.8028273809523809 0.5165343915343915 0.8127480158730159 0.5092592592592593 0.8293650793650794 0.4966931216931217 0.8392857142857143 0.48544973544973546 0.84375 0.458994708994709 0.839781746031746 0.44841269841269843 0.8286210317460317 0.44576719576719576 0.8149801587301587 0.4494047619047619 0.8000992063492064 0.4576719576719577 0.7894345238095238 0.4712301587301587 0.7837301587301587 0.48644179894179895 0.7829861111111112
0 0.5152116402116402 0.7026289682539683 0.5327380952380952 0.7132936507936508 0.5370370370370371 0.7219742063492064 0.5376984126984127 0.7333829365079365 0.5327380952380952 0.7450396825396826 0.5261243386243386 0.7495039682539683 0.5072751322751323 0.7564484126984127 0.48743386243386244 0.7527281746031746 0.4755291005291005 0.7450396825396826 0.47156084656084657 0.7378472222222222 0.47023809523809523 0.7266865079365079 0.47354497354497355 0.7165178571428571 0.48644179894179895 0.7058531746031746 0.4973544973544973 0.7021329365079365 0.5148809523809523 0.7026289682539683
0 0.4044312169312169 0.6418650793650794 0.41335978835978837 0.6438492063492064 0.4236111111111111 0.6498015873015873 0.4298941798941799 0.6577380952380952 0.4322089947089947 0.667906746031746 0.42757936507936506 0.6788194444444444 0.41898148148148145 0.6862599206349206 0.4093915343915344 0.6909722222222222 0.3974867724867725 0.6937003968253969 0.38855820105820105 0.6927083333333334 0.37202380952380953 0.6840277777777778 0.3687169312169312 0.6788194444444444 0.3673941798941799 0.6631944444444444 0.3723544973544973 0.654265873015873 0.38227513227513227 0.6473214285714286 0.3968253968253968 0.6423611111111112 0.4041005291005291 0.6418650793650794
0 0.3558201058201058 0.7028769841269841 0.3783068783068783 0.7120535714285714 0.38492063492063494 0.7199900793650794 0.3888888888888889 0.7296626984126984 0.38756613756613756 0.7380952380952381 0.38095238095238093 0.7490079365079365 0.37136243386243384 0.7554563492063492 0.35978835978835977 0.7586805555555556 0.3419312169312169 0.7569444444444444 0.3306878306878307 0.7524801587301587 0.32341269841269843 0.746031746031746 0.3167989417989418 0.7316468253968254 0.31746031746031744 0.7239583333333334 0.32407407407407407 0.7155257936507936 0.3386243386243386 0.7058531746031746 0.35548941798941797 0.7028769841269841
0 0.3429232804232804 0.6498015873015873 0.3521825396825397 0.652281746031746 0.3627645502645503 0.6609623015873016 0.36706349206349204 0.6716269841269841 0.36706349206349204 0.6793154761904762 0.36408730158730157 0.6865079365079365 0.3551587301587302 0.6961805555555556 0.3373015873015873 0.703125 0.3194444444444444 0.7008928571428571 0.3098544973544973 0.6971726190476191 0.29993386243386244 0.6875 0.29828042328042326 0.6785714285714286 0.30092592592592593 0.6684027777777778 0.31084656084656087 0.6577380952380952 0.3244047619047619 0.6512896825396826 0.3425925925925926 0.6498015873015873
0 0.2880291005291005 0.6929563492063492 0.30092592592592593 0.6981646825396826 0.3115079365079365 0.707093253968254 0.31547619047619047 0.7239583333333334 0.30224867724867727 0.7378472222222222 0.2767857142857143 0.7472718253968254 0.2662037037037037 0.7450396825396826 0.25165343915343913 0.7358630952380952 0.24636243386243387 0.7284226190476191 0.24603174603174602 0.7202380952380952 0.25066137566137564 0.7090773809523809 0.2585978835978836 0.7008928571428571 0.27414021164021163 0.6941964285714286 0.2876984126984127 0.6929563492063492
0 0.3187830687830688 0.37648809523809523 0.3349867724867725 0.38169642857142855 0.3468915343915344 0.39037698412698413 0.353505291005291 0.40674603174603174 0.353505291005291 0.4154265873015873 0.3498677248677249 0.4208829365079365 0.33895502645502645 0.4290674603174603 0.3290343915343915 0.4312996031746032 0.30886243386243384 0.4290674603174603 0.29828042328042326 0.4253472222222222 0.28869047619047616 0.4193948412698413 0.28406084656084657 0.4114583333333333 0.2843915343915344 0.40054563492063494 0.2916666666666667 0.38938492063492064 0.3058862433862434 0.3794642857142857 0.31845238095238093 0.37648809523809523
0 0.419973544973545 0.2400793650793651 0.4289021164021164 0.24206349206349206 0.44345238095238093 0.25024801587301587 0.4523809523809524 0.26884920634920634 0.45006613756613756 0.279265873015873 0.4427910052910053 0.28794642857142855 0.4332010582010582 0.2934027777777778 0.4255952380952381 0.294890873015873 0.40674603174603174 0.29191468253968256 0.3941798941798942 0.2864583333333333 0.38822751322751325 0.2795138888888889 0.38525132275132273 0.2698412698412698 0.38657407407407407 0.2552083333333333 0.3921957671957672 0.24702380952380953 0.40476190476190477 0.24057539682539683 0.41964285714285715 0.2400793650793651
0 0.4203042328042328 0.07589285714285714 0.4279100529100529 0.078125 0.44047619047619047 0.08804563492063493 0.44345238095238093 0.09449404761904762 0.44312169312169314 0.1029265873015873 0.43915343915343913 0.11433531746031746 0.43353174603174605 0.1212797619047619 0.42493386243386244 0.12698412698412698 0.4113756613756614 0.13020833333333334 0.3974867724867725 0.12698412698412698 0.3826058201058201 0.11631944444444445 0.37665343915343913 0.10813492063492064 0.37533068783068785 0.09722222222222222 0.3835978835978836 0.08581349206349206 0.3948412698412698 0.078125 0.419973544973545 0.07589285714285714
0 0.9756944444444444 0.19035218253968253 0.04861111111111111 0.38070436507936506
0 0.6111111111111112 0 0.6736111111111112 0 0.673941798941799 0.003720238095238095 0.6726190476190477 0.015128968253968254 0.6650132275132276 0.025297619047619048 0.6577380952380952 0.030257936507936508 0.6369047619047619 0.034722222222222224 0.6283068783068783 0.03298611111111111 0.6140873015873016 0.023313492063492064 0.6111111111111112 0.014136904761904762 0.6111111111111112 0.000248015873015873