0 0.7 0.3234375 0.7109375 0.3265625 0.7171875 0.3328125 0.7234375 0.3421875 0.7203125 0.35 0.7171875 0.353125 0.70625 0.353125 0.6953125 0.3453125 0.690625 0.3390625 0.690625 0.3296875 0.6921875 0.3265625 0.6984375 0.325
0 0.40625 0.534375 0.4109375 0.540625 0.409375 0.5515625 0.4015625 0.56875 0.396875 0.5734375 0.390625 0.575 0.38125 0.571875 0.3765625 0.5671875 0.375 0.55625 0.384375 0.5359375 0.3890625 0.5328125 0.4046875 0.534375
0 0.1984375 0.41875 0.203125 0.415625 0.2140625 0.4140625 0.21875 0.415625 0.225 0.425 0.2171875 0.4390625 0.209375 0.446875 0.196875 0.4484375 0.1921875 0.446875 0.1859375 0.440625 0.1859375 0.4359375 0.1984375 0.4203125
0 0.734375 0.6015625 0.7453125 0.6046875 0.7703125 0.6171875 0.775 0.621875 0.7765625 0.625 0.775 0.6328125 0.7640625 0.640625 0.7515625 0.6390625 0.7203125 0.6234375 0.71875 0.6109375 0.7234375 0.6046875 0.7328125 0.6015625
0 0.8203125 0.9421875 0.834375 0.946875 0.8421875 0.9546875 0.8609375 0.9875 0.8640625 0.9984375 0.8203125 0.9984375 0.8171875 0.9953125 0.803125 0.96875 0.8 0.9609375 0.8 0.953125 0.80625 0.9453125 0.81875 0.9421875
0 0.1828125 0.5 0.1875 0.503125 0.190625 0.509375 0.190625 0.515625 0.1859375 0.5203125 0.178125 0.5234375 0.14375 0.5234375 0.1359375 0.515625 0.1359375 0.5078125 0.1484375 0.5015625 0.18125 0.5
0 0.4140625 0.3859375 0.4234375 0.3921875 0.4234375 0.4 0.415625 0.4140625 0.409375 0.41875 0.396875 0.41875 0.3921875 0.4140625 0.3921875 0.4046875 0.396875 0.3953125 0.4046875 0.3875 0.4125 0.3859375
0 0.3390625 0.3875 0.3546875 0.3921875 0.3578125 0.396875 0.3578125 0.4046875 0.3453125 0.4109375 0.31875 0.4046875 0.3125 0.3984375 0.3125 0.39375 0.3171875 0.3875 0.321875 0.3859375 0.3375 0.3875
0 0.7109375 0.665625 0.721875 0.671875 0.7296875 0.6734375 0.74375 0.684375 0.7453125 0.6921875 0.7421875 0.696875 0.73125 0.703125 0.7234375 0.703125 0.6953125 0.690625 0.684375 0.68125 0.6859375 0.66875 0.690625 0.6640625 0.703125 0.6625 0.709375 0.665625
0 0.1328125 0.5390625 0.140625 0.5484375 0.140625 0.553125 0.13125 0.5609375 0.1125 0.5640625 0.090625 0.5640625 0.0796875 0.5546875 0.0796875 0.55 0.0859375 0.54375 0.096875 0.540625 0.11875 0.5375 0.13125 0.5390625
0 0.3875 0.3578125 0.3984375 0.365625 0.403125 0.371875 0.4015625 0.3796875 0.3953125 0.384375 0.3890625 0.384375 0.3734375 0.3765625 0.3671875 0.36875 0.3671875 0.359375 0.3734375 0.35625 0.3859375 0.3578125
0 0.359375 0.3734375 0.3796875 0.3796875 0.3890625 0.3859375 0.3890625 0.3921875 0.38125 0.3984375 0.371875 0.396875 0.3625 0.3921875 0.35625 0.3921875 0.3453125 0.3859375 0.3453125 0.3796875 0.353125 0.3734375 0.3578125 0.3734375
0 0.346875 0.415625 0.365625 0.4234375 0.3671875 0.434375 0.359375 0.440625 0.3453125 0.4390625 0.3234375 0.4296875 0.3234375 0.41875 0.3265625 0.415625 0.3296875 0.4140625 0.3453125 0.415625
0 0.865625 0.43125 0.8703125 0.434375 0.878125 0.4484375 0.878125 0.4578125 0.8703125 0.4640625 0.8578125 0.4640625 0.8515625 0.4609375 0.84375 0.44375 0.84375 0.4375 0.8484375 0.43125 0.8515625 0.4296875 0.8640625 0.43125
0 0.853125 0.4859375 0.8625 0.490625 0.878125 0.509375 0.878125 0.515625 0.8640625 0.525 0.8515625 0.5203125 0.834375 0.4984375 0.840625 0.4875 0.8515625 0.4859375
0 0.775 0.453125 0.7796875 0.4578125 0.7796875 0.4671875 0.7765625 0.4703125 0.7515625 0.4734375 0.7328125 0.471875 0.7296875 0.4671875 0.73125 0.45625 0.740625 0.453125 0.7734375 0.453125
0 0.4359375 0.321875 0.45 0.325 0.45625 0.3296875 0.45625 0.3359375 0.45 0.3421875 0.4359375 0.3421875 0.41875 0.3375 0.415625 0.334375 0.4140625 0.33125 0.415625 0.3234375 0.425 0.3203125 0.434375 0.321875
0 0.90859375 0.48828125 0.05703125 0.0234375
0 0.7375 0.71875 0.7421875 0.7234375 0.7453125 0.73125 0.7421875 0.7390625 0.734375 0.74375 0.690625 0.7421875 0.68125 0.7359375 0.678125 0.7296875 0.678125 0.7234375 0.6859375 0.7140625 0.721875 0.7140625 0.7359375 0.71875
0 0.5203125 0.3671875 0.5171875 0.359375 0.51875 0.353125 0.5390625 0.340625 0.5515625 0.3421875 0.5546875 0.3453125 0.5546875 0.353125 0.5515625 0.3578125 0.5328125 0.36875 0.521875 0.3671875
0 0.8234375 0.55625 0.8359375 0.5609375 0.8375 0.571875 0.83125 0.578125 0.821875 0.58125 0.7890625 0.5796875 0.7796875 0.571875 0.7796875 0.565625 0.7828125 0.559375 0.7890625 0.55625 0.821875 0.55625
0 0.7421875 0.640625 0.75 0.64375 0.7765625 0.646875 0.7859375 0.6515625 0.7875 0.6640625 0.7796875 0.671875 0.775 0.6734375 0.7546875 0.671875 0.7390625 0.6671875 0.73125 0.659375 0.728125 0.653125 0.728125 0.646875 0.740625 0.640625