0 0.6412037037037037 0.7006448412698413 0.6504629629629629 0.703125 0.6587301587301587 0.7098214285714286 0.6630291005291006 0.7175099206349206 0.6646825396825397 0.7286706349206349 0.6626984126984127 0.7361111111111112 0.656415343915344 0.7425595238095238 0.6378968253968254 0.7455357142857143 0.6273148148148148 0.7450396825396826 0.6183862433862434 0.7413194444444444 0.6058201058201058 0.7274305555555556 0.6044973544973545 0.7197420634920635 0.6081349206349206 0.7135416666666666 0.623015873015873 0.7078373015873016 0.6319444444444444 0.701140873015873 0.6408730158730159 0.7006448412698413
0 0.49702380952380953 0.6262400793650794 0.5056216931216931 0.6294642857142857 0.5125661375661376 0.6356646825396826 0.5178571428571429 0.6440972222222222 0.5181878306878307 0.6512896825396826 0.5125661375661376 0.6614583333333334 0.5052910052910053 0.6664186507936508 0.48214285714285715 0.6703869047619048 0.47453703703703703 0.6686507936507936 0.4626322751322751 0.6587301587301587 0.45866402116402116 0.6512896825396826 0.4593253968253968 0.6440972222222222 0.4632936507936508 0.6361607142857143 0.47255291005291006 0.6297123015873016 0.48412698412698413 0.6262400793650794 0.4966931216931217 0.6262400793650794
0 0.6101190476190477 0.6684027777777778 0.6193783068783069 0.6716269841269841 0.626984126984127 0.6770833333333334 0.6319444444444444 0.685515873015873 0.6335978835978836 0.6954365079365079 0.6316137566137566 0.7006448412698413 0.6233465608465608 0.7075892857142857 0.6058201058201058 0.7135416666666666 0.5882936507936508 0.7085813492063492 0.5813492063492064 0.7028769841269841 0.5773809523809523 0.6949404761904762 0.5777116402116402 0.6825396825396826 0.5869708994708994 0.6708829365079365 0.5985449735449735 0.6676587301587301 0.6097883597883598 0.6684027777777778
0 0.43584656084656087 0.6254960317460317 0.44576719576719576 0.6277281746031746 0.453042328042328 0.6326884920634921 0.458994708994709 0.6403769841269841 0.4593253968253968 0.6470734126984127 0.45337301587301587 0.6609623015873016 0.44212962962962965 0.6686507936507936 0.43187830687830686 0.6716269841269841 0.41898148148148145 0.6703869047619048 0.4070767195767196 0.6626984126984127 0.4021164021164021 0.6547619047619048 0.4011243386243386 0.6440972222222222 0.4037698412698413 0.6364087301587301 0.4113756613756614 0.6299603174603174 0.42228835978835977 0.6257440476190477 0.435515873015873 0.6254960317460317
0 0.4576719576719577 0.8134920634920635 0.4652777777777778 0.8177083333333334 0.4712301587301587 0.8244047619047619 0.47354497354497355 0.8338293650793651 0.47255291005291006 0.84375 0.4636243386243386 0.8563988095238095 0.455026455026455 0.861359126984127 0.4408068783068783 0.8645833333333334 0.4312169312169312 0.8630952380952381 0.4193121693121693 0.8526785714285714 0.41435185185185186 0.8412698412698413 0.4156746031746032 0.8313492063492064 0.4203042328042328 0.824156746031746 0.4348544973544973 0.8139880952380952 0.44543650793650796 0.8117559523809523 0.4573412698412698 0.8134920634920635
0 0.39021164021164023 0.8110119047619048 0.40476190476190477 0.8206845238095238 0.4097222222222222 0.8315972222222222 0.41005291005291006 0.8390376984126984 0.4060846560846561 0.8467261904761905 0.39880952380952384 0.8531746031746031 0.38095238095238093 0.8583829365079365 0.36937830687830686 0.8576388888888888 0.35912698412698413 0.8514384920634921 0.35383597883597884 0.8422619047619048 0.3525132275132275 0.8303571428571429 0.3558201058201058 0.8229166666666666 0.3673941798941799 0.8139880952380952 0.37896825396825395 0.8102678571428571 0.3898809523809524 0.8110119047619048
0 0.5079365079365079 0.917906746031746 0.5221560846560847 0.919890873015873 0.5297619047619048 0.9253472222222222 0.5360449735449735 0.9357638888888888 0.5376984126984127 0.9451884920634921 0.5360449735449735 0.955109126984127 0.5271164021164021 0.9672619047619048 0.5198412698412699 0.9719742063492064 0.5105820105820106 0.9744543650793651 0.5 0.9742063492063492 0.48842592592592593 0.970734126984127 0.4794973544973545 0.9635416666666666 0.47354497354497355 0.9516369047619048 0.4748677248677249 0.9389880952380952 0.4818121693121693 0.9285714285714286 0.49437830687830686 0.9201388888888888 0.5076058201058201 0.917906746031746
0 0.6583994708994709 0.7433035714285714 0.6752645502645502 0.7542162698412699 0.6802248677248677 0.7693452380952381 0.6726190476190477 0.7834821428571429 0.6574074074074074 0.7899305555555556 0.6408730158730159 0.7874503968253969 0.6292989417989417 0.7805059523809523 0.623015873015873 0.7698412698412699 0.6220238095238095 0.7586805555555556 0.6253306878306878 0.7512400793650794 0.6319444444444444 0.7465277777777778 0.658068783068783 0.7433035714285714
0 0.5036375661375662 0.6684027777777778 0.5234788359788359 0.6817956349206349 0.5267857142857143 0.6976686507936508 0.5244708994708994 0.7033730158730159 0.5188492063492064 0.7083333333333334 0.5105820105820106 0.7132936507936508 0.4976851851851852 0.716765873015873 0.48478835978835977 0.7150297619047619 0.4751984126984127 0.7100694444444444 0.4662698412698413 0.6999007936507936 0.46494708994708994 0.6899801587301587 0.4669312169312169 0.6820436507936508 0.4738756613756614 0.6753472222222222 0.48412698412698413 0.6706349206349206 0.5033068783068783 0.6684027777777778
0 0.5509259259259259 0.6656746031746031 0.5681216931216931 0.6713789682539683 0.5767195767195767 0.6825396825396826 0.5747354497354498 0.6961805555555556 0.5638227513227513 0.7073412698412699 0.5568783068783069 0.7085813492063492 0.5426587301587301 0.7080853174603174 0.5300925925925926 0.703125 0.5251322751322751 0.6827876984126984 0.5264550264550265 0.6753472222222222 0.531415343915344 0.6703869047619048 0.5505952380952381 0.6656746031746031
0 0.6382275132275133 0.7872023809523809 0.656084656084656 0.792906746031746 0.6620370370370371 0.798859126984127 0.6673280423280423 0.8097718253968254 0.6646825396825397 0.8246527777777778 0.6567460317460317 0.8318452380952381 0.6471560846560847 0.8348214285714286 0.6335978835978836 0.8340773809523809 0.6233465608465608 0.8306051587301587 0.6124338624338624 0.8221726190476191 0.607473544973545 0.8117559523809523 0.6091269841269841 0.8015873015873016 0.6140873015873016 0.7934027777777778 0.6266534391534392 0.7876984126984127 0.6378968253968254 0.7872023809523809