0 0.5744047619047619 0.7745535714285714 0.5866402116402116 0.7785218253968254 0.5945767195767195 0.7864583333333334 0.5958994708994709 0.7981150793650794 0.5916005291005291 0.8072916666666666 0.5783730158730159 0.8127480158730159 0.5674603174603174 0.8132440476190477 0.5572089947089947 0.8087797619047619 0.5496031746031746 0.8003472222222222 0.5492724867724867 0.7896825396825397 0.5519179894179894 0.7847222222222222 0.5625 0.7777777777777778 0.5740740740740741 0.7748015873015873
0 0.6342592592592593 0.5944940476190477 0.6478174603174603 0.5997023809523809 0.6517857142857143 0.6059027777777778 0.6521164021164021 0.6138392857142857 0.6455026455026455 0.6252480158730159 0.6309523809523809 0.6292162698412699 0.6233465608465608 0.6279761904761905 0.6137566137566137 0.6232638888888888 0.6078042328042328 0.6083829365079365 0.6147486772486772 0.5969742063492064 0.6339285714285714 0.5944940476190477
0 0.546957671957672 0.4972718253968254 0.5611772486772487 0.5076884920634921 0.5625 0.5158730158730159 0.5555555555555556 0.5257936507936508 0.5433201058201058 0.5305059523809523 0.5347222222222222 0.5302579365079365 0.5261243386243386 0.527281746031746 0.5208333333333334 0.5223214285714286 0.5171957671957672 0.5119047619047619 0.5198412698412699 0.5049603174603174 0.5291005291005291 0.498015873015873 0.5393518518518519 0.49603174603174605 0.5466269841269841 0.4972718253968254
0 0.4689153439153439 0.5813492063492064 0.48313492063492064 0.5885416666666666 0.48578042328042326 0.6019345238095238 0.48313492063492064 0.609375 0.4781746031746032 0.6143353174603174 0.4666005291005291 0.6185515873015873 0.4556878306878307 0.6183035714285714 0.44576719576719576 0.6148313492063492 0.43716931216931215 0.6059027777777778 0.435515873015873 0.5979662698412699 0.4384920634920635 0.5915178571428571 0.44642857142857145 0.5843253968253969 0.45535714285714285 0.5811011904761905 0.4685846560846561 0.5813492063492064
0 0.49867724867724866 0.5064484126984127 0.513558201058201 0.5119047619047619 0.5171957671957672 0.5171130952380952 0.517526455026455 0.527281746031746 0.5128968253968254 0.5364583333333334 0.5066137566137566 0.5406746031746031 0.49834656084656087 0.5424107142857143 0.48148148148148145 0.5399305555555556 0.4732142857142857 0.5329861111111112 0.4712301587301587 0.5277777777777778 0.4718915343915344 0.519593253968254 0.47619047619047616 0.513640873015873 0.4871031746031746 0.5074404761904762 0.49834656084656087 0.5064484126984127
0 0.392526455026455 0.5972222222222222 0.40575396825396826 0.6034226190476191 0.4093915343915344 0.6165674603174603 0.40674603174603174 0.6235119047619048 0.4017857142857143 0.6277281746031746 0.3869047619047619 0.6326884920634921 0.3723544973544973 0.6287202380952381 0.36408730158730157 0.6197916666666666 0.36243386243386244 0.6123511904761905 0.3726851851851852 0.6001984126984127 0.3835978835978836 0.5969742063492064 0.3921957671957672 0.5972222222222222
0 0.41865079365079366 0.5349702380952381 0.42923280423280424 0.542906746031746 0.4312169312169312 0.5538194444444444 0.4246031746031746 0.5620039682539683 0.41203703703703703 0.5662202380952381 0.4001322751322751 0.5654761904761905 0.39087301587301587 0.5620039682539683 0.3862433862433862 0.5567956349206349 0.3855820105820106 0.5496031746031746 0.3888888888888889 0.5424107142857143 0.3968253968253968 0.5364583333333334 0.40773809523809523 0.5337301587301587 0.4183201058201058 0.5349702380952381
0 0.5277777777777778 0.3802083333333333 0.5327380952380952 0.38169642857142855 0.541005291005291 0.3888888888888889 0.5446428571428571 0.3990575396825397 0.5383597883597884 0.40947420634920634 0.533068783068783 0.4131944444444444 0.5224867724867724 0.41592261904761907 0.5125661375661376 0.41418650793650796 0.5033068783068783 0.40947420634920634 0.49966931216931215 0.404265873015873 0.49834656084656087 0.3958333333333333 0.5052910052910053 0.38467261904761907 0.5168650793650794 0.3802083333333333 0.52744708994709 0.3802083333333333
0 0.4173280423280423 0.4742063492063492 0.42658730158730157 0.47668650793650796 0.43253968253968256 0.4809027777777778 0.4365079365079365 0.4937996031746032 0.43253968253968256 0.501984126984127 0.4252645502645503 0.5064484126984127 0.4150132275132275 0.5091765873015873 0.4050925925925926 0.5074404761904762 0.39715608465608465 0.5032242063492064 0.392526455026455 0.4982638888888889 0.3912037037037037 0.4913194444444444 0.39384920634920634 0.484375 0.4017857142857143 0.4774305555555556 0.4169973544973545 0.4742063492063492
0 0.4623015873015873 0.4255952380952381 0.4742063492063492 0.4320436507936508 0.478505291005291 0.44246031746031744 0.4712301587301587 0.45461309523809523 0.45866402116402116 0.4595734126984127 0.44642857142857145 0.45808531746031744 0.43915343915343913 0.4548611111111111 0.43353174603174605 0.4494047619047619 0.4322089947089947 0.44246031746031744 0.4351851851851852 0.43353174603174605 0.44113756613756616 0.4283234126984127 0.4497354497354497 0.42509920634920634 0.4619708994708995 0.4255952380952381
0 0.43816137566137564 0.2941468253968254 0.45006613756613756 0.3003472222222222 0.45337301587301587 0.3142361111111111 0.4503968253968254 0.32043650793650796 0.4441137566137566 0.32589285714285715 0.43716931216931215 0.3291170634920635 0.42956349206349204 0.32961309523809523 0.42162698412698413 0.32837301587301587 0.4146825396825397 0.32341269841269843 0.4103835978835979 0.3149801587301587 0.4097222222222222 0.30679563492063494 0.4113756613756614 0.30282738095238093 0.4212962962962963 0.2961309523809524 0.43783068783068785 0.2941468253968254