0 0.54375 0.234375 0.5546875 0.2421875 0.5765625 0.271875 0.5734375 0.2859375 0.5703125 0.290625 0.5609375 0.2953125 0.546875 0.2953125 0.540625 0.2921875 0.5265625 0.278125 0.51875 0.2609375 0.5125 0.2546875 0.5125 0.246875 0.51875 0.2375 0.525 0.234375 0.5421875 0.234375
0 0.265625 0.0984375 0.2765625 0.1046875 0.2796875 0.109375 0.2828125 0.1234375 0.28125 0.128125 0.275 0.1328125 0.25625 0.1375 0.2078125 0.1359375 0.196875 0.125 0.19375 0.1140625 0.2 0.1046875 0.209375 0.1 0.2640625 0.0984375
0 0.5703125 0.3390625 0.5828125 0.3453125 0.609375 0.378125 0.609375 0.3890625 0.60625 0.39375 0.6 0.4 0.5890625 0.4046875 0.5796875 0.4046875 0.5703125 0.4 0.5453125 0.371875 0.540625 0.3625 0.540625 0.3546875 0.546875 0.34375 0.5578125 0.3390625 0.56875 0.3390625
0 0.3953125 0.2734375 0.4 0.278125 0.403125 0.2890625 0.3984375 0.303125 0.375 0.33125 0.3625 0.3359375 0.346875 0.3328125 0.3390625 0.325 0.3359375 0.3109375 0.35625 0.2828125 0.365625 0.2734375 0.3734375 0.2703125 0.3875 0.2703125 0.39375 0.2734375
0 0.45625 0.2484375 0.4953125 0.253125 0.5125 0.2578125 0.51875 0.265625 0.51875 0.2796875 0.515625 0.2859375 0.5046875 0.2921875 0.4890625 0.2921875 0.45625 0.2875 0.44375 0.2828125 0.4375 0.275 0.4359375 0.2625 0.4421875 0.253125 0.446875 0.25 0.4546875 0.25
0 0.9609375 0.759375 0.978125 0.771875 0.984375 0.78125 0.9859375 0.7875 0.984375 0.7984375 0.978125 0.8046875 0.9671875 0.8078125 0.9265625 0.8125 0.90625 0.8109375 0.8859375 0.7984375 0.8765625 0.7859375 0.8765625 0.7765625 0.8796875 0.7671875 0.8859375 0.7609375 0.9234375 0.75625 0.953125 0.75625 0.959375 0.759375
0 0.5046875 0.3171875 0.515625 0.3234375 0.5265625 0.3265625 0.5359375 0.3375 0.5359375 0.34375 0.53125 0.353125 0.525 0.359375 0.515625 0.3625 0.5015625 0.3609375 0.4625 0.3421875 0.4578125 0.3375 0.4546875 0.3296875 0.4546875 0.321875 0.4578125 0.315625 0.4703125 0.3078125 0.48125 0.3078125 0.503125 0.3171875
0 0.375 0.1953125 0.3875 0.203125 0.3890625 0.221875 0.378125 0.246875 0.3703125 0.25625 0.3640625 0.259375 0.346875 0.259375 0.340625 0.25625 0.334375 0.2484375 0.3328125 0.2359375 0.346875 0.20625 0.3578125 0.196875 0.3734375 0.1953125
0 0.284375 0.0078125 0.3125 0.025 0.31875 0.0265625 0.325 0.03125 0.328125 0.0375 0.3296875 0.053125 0.31875 0.0609375 0.3078125 0.0625 0.2953125 0.059375 0.265625 0.040625 0.2609375 0.034375 0.2578125 0.025 0.2578125 0.015625 0.271875 0.0078125 0.2828125 0.0078125
0 0.2703125 0.1921875 0.2796875 0.2 0.2828125 0.2078125 0.2828125 0.2171875 0.2703125 0.2453125 0.2640625 0.2515625 0.2515625 0.25625 0.2421875 0.25625 0.2328125 0.253125 0.2234375 0.240625 0.2234375 0.2296875 0.2328125 0.20625 0.240625 0.1953125 0.25 0.190625 0.2671875 0.190625 0.26875 0.1921875
0 0.2125 0.2421875 0.221875 0.2453125 0.228125 0.2515625 0.2453125 0.2765625 0.25 0.2890625 0.246875 0.296875 0.2421875 0.3015625 0.234375 0.30625 0.2265625 0.3078125 0.2125 0.3046875 0.1984375 0.290625 0.18125 0.2640625 0.18125 0.25625 0.1875 0.2484375 0.196875 0.24375 0.2109375 0.2421875
0 0.3453125 0.06875 0.378125 0.09375 0.38125 0.103125 0.38125 0.1125 0.3765625 0.11875 0.365625 0.1234375 0.3484375 0.121875 0.325 0.103125 0.3140625 0.090625 0.3109375 0.08125 0.3125 0.0734375 0.325 0.0671875 0.3421875 0.0671875 0.34375 0.06875
0 0.259375 0 0.3265625 0 0.3296875 0.0078125 0.3296875 0.015625 0.3234375 0.021875 0.3109375 0.0234375 0.2875 0.0078125 0.2796875 0.00625 0.2625 0.0078125 0.259375 0.0015625
0 0.484375 0.209375 0.496875 0.215625 0.4984375 0.2359375 0.4921875 0.24375 0.4828125 0.246875 0.453125 0.246875 0.425 0.24375 0.41875 0.2390625 0.4140625 0.2265625 0.4171875 0.215625 0.4265625 0.209375 0.4328125 0.2078125 0.4828125 0.209375
0 0.6703125 0.3 0.678125 0.303125 0.6859375 0.3109375 0.6859375 0.321875 0.671875 0.3515625 0.659375 0.3640625 0.640625 0.3640625 0.628125 0.3546875 0.6265625 0.3484375 0.6296875 0.3359375 0.64375 0.3078125 0.6546875 0.3 0.66875 0.3
0 0.275 0.3515625 0.2828125 0.3546875 0.290625 0.3625 0.296875 0.3875 0.296875 0.409375 0.2890625 0.41875 0.2796875 0.4234375 0.2640625 0.4234375 0.2484375 0.4125 0.2453125 0.4046875 0.2421875 0.3765625 0.2421875 0.36875 0.25 0.3578125 0.2625 0.3515625 0.2734375 0.3515625