0 0.4670138888888889 0.103505291005291 0.47271825396825395 0.1078042328042328 0.4729662698412698 0.11607142857142858 0.47023809523809523 0.12202380952380952 0.4645337301587302 0.12334656084656084 0.45882936507936506 0.1207010582010582 0.45808531746031744 0.11144179894179894 0.46056547619047616 0.10582010582010581 0.466765873015873 0.103505291005291
0 0.7512400793650794 0.6494708994708994 0.7581845238095238 0.6541005291005291 0.7609126984126984 0.6603835978835979 0.7591765873015873 0.6736111111111112 0.7524801587301587 0.6785714285714286 0.7433035714285714 0.6755952380952381 0.738343253968254 0.6643518518518519 0.7413194444444444 0.6514550264550265 0.7509920634920635 0.6494708994708994
0 0.7559523809523809 0.5287698412698413 0.765625 0.531415343915344 0.7698412698412699 0.5419973544973545 0.7688492063492064 0.5492724867724867 0.7653769841269841 0.5539021164021164 0.7589285714285714 0.5562169312169312 0.7514880952380952 0.5535714285714286 0.7462797619047619 0.5443121693121693 0.7485119047619048 0.533068783068783 0.7514880952380952 0.5287698412698413 0.7557043650793651 0.5287698412698413
0 0.40922619047619047 0.19246031746031747 0.41418650793650796 0.19576719576719576 0.4166666666666667 0.20238095238095238 0.41517857142857145 0.2099867724867725 0.4114583333333333 0.21362433862433863 0.4020337301587302 0.2113095238095238 0.3993055555555556 0.20006613756613756 0.4025297619047619 0.19444444444444445 0.4089781746031746 0.19246031746031747
0 0.25992063492063494 0.6402116402116402 0.2666170634920635 0.6455026455026455 0.2690972222222222 0.6583994708994709 0.26612103174603174 0.666005291005291 0.2591765873015873 0.6703042328042328 0.2517361111111111 0.6693121693121693 0.24801587301587302 0.6650132275132276 0.24627976190476192 0.6488095238095238 0.2517361111111111 0.6408730158730159 0.25967261904761907 0.6402116402116402
0 0.48115079365079366 0.10085978835978836 0.48462301587301587 0.10218253968253968 0.4878472222222222 0.10945767195767196 0.486359126984127 0.11772486772486772 0.48115079365079366 0.12136243386243387 0.4749503968253968 0.11871693121693122 0.4732142857142857 0.11011904761904762 0.47643849206349204 0.10218253968253968 0.4809027777777778 0.10085978835978836
0 0.7596726190476191 0.5049603174603174 0.7651289682539683 0.5062830687830688 0.7708333333333334 0.5181878306878307 0.7703373015873016 0.5254629629629629 0.765625 0.531084656084656 0.7524801587301587 0.5284391534391535 0.7497519841269841 0.5248015873015873 0.7502480158730159 0.5112433862433863 0.7594246031746031 0.5049603174603174
0 0.45709325396825395 0.2251984126984127 0.46205357142857145 0.23115079365079366 0.4618055555555556 0.24074074074074073 0.45337301587301587 0.24636243386243387 0.4479166666666667 0.24305555555555555 0.44543650793650796 0.2361111111111111 0.4459325396825397 0.230489417989418 0.44990079365079366 0.22552910052910052 0.4568452380952381 0.2251984126984127
0 0.13392857142857142 0.5826719576719577 0.14360119047619047 0.5882936507936508 0.14508928571428573 0.5982142857142857 0.14087301587301587 0.6068121693121693 0.13343253968253968 0.6104497354497355 0.12450396825396826 0.6058201058201058 0.12251984126984126 0.593584656084656 0.12524801587301587 0.5859788359788359 0.13368055555555555 0.5826719576719577
0 0.47693452380952384 0.13988095238095238 0.4799107142857143 0.1474867724867725 0.4779265873015873 0.15542328042328044 0.4739583333333333 0.1593915343915344 0.46651785714285715 0.15806878306878308 0.46304563492063494 0.1474867724867725 0.4660218253968254 0.13988095238095238 0.47023809523809523 0.13558201058201058 0.47371031746031744 0.1359126984126984 0.47668650793650796 0.13988095238095238
0 0.7333829365079365 0.6233465608465608 0.7410714285714286 0.628968253968254 0.7425595238095238 0.6398809523809523 0.7385912698412699 0.6491402116402116 0.7331349206349206 0.6521164021164021 0.7237103174603174 0.6484788359788359 0.7204861111111112 0.6388888888888888 0.7239583333333334 0.625 0.7331349206349206 0.6233465608465608
0 0.6344246031746031 0.6329365079365079 0.6428571428571429 0.640542328042328 0.6438492063492064 0.6498015873015873 0.6408730158730159 0.6574074074074074 0.6309523809523809 0.6597222222222222 0.6264880952380952 0.6583994708994709 0.6217757936507936 0.6471560846560847 0.6267361111111112 0.6349206349206349 0.6341765873015873 0.6329365079365079
0 0.42311507936507936 0.1378968253968254 0.4288194444444444 0.14384920634920634 0.42931547619047616 0.15145502645502645 0.4283234126984127 0.15773809523809523 0.42237103174603174 0.16236772486772486 0.4149305555555556 0.15906084656084657 0.41220238095238093 0.15046296296296297 0.4149305555555556 0.1421957671957672 0.4228670634920635 0.1378968253968254
0 0.4645337301587302 0.2576058201058201 0.46875 0.2622354497354497 0.46850198412698413 0.2761243386243386 0.4670138888888889 0.2794312169312169 0.46056547619047616 0.28273809523809523 0.45337301587301587 0.2781084656084656 0.45262896825396826 0.2681878306878307 0.45535714285714285 0.25992063492063494 0.4642857142857143 0.2576058201058201
0 0.16170634920634921 0.5816798941798942 0.16865079365079366 0.5886243386243386 0.16939484126984128 0.595568783068783 0.16468253968253968 0.6058201058201058 0.15873015873015872 0.6091269841269841 0.1505456349206349 0.6068121693121693 0.1470734126984127 0.6011904761904762 0.14657738095238096 0.5945767195767195 0.15079365079365079 0.5843253968253969 0.16145833333333334 0.5816798941798942
0 0.43601190476190477 0.14054232804232805 0.4459325396825397 0.14186507936507936 0.4461805555555556 0.1455026455026455 0.4439484126984127 0.1583994708994709 0.4357638888888889 0.1650132275132275 0.43179563492063494 0.164021164021164 0.4288194444444444 0.15773809523809523 0.4310515873015873 0.1455026455026455 0.4357638888888889 0.14054232804232805
0 0.6736111111111112 0.6792328042328042 0.6790674603174603 0.6822089947089947 0.6837797619047619 0.6927910052910053 0.6822916666666666 0.703042328042328 0.6753472222222222 0.7099867724867724 0.6671626984126984 0.7080026455026455 0.6607142857142857 0.6957671957671958 0.6614583333333334 0.6868386243386243 0.6649305555555556 0.6818783068783069 0.6733630952380952 0.6792328042328042
0 0.6778273809523809 0.6332671957671958 0.685515873015873 0.640542328042328 0.6875 0.6507936507936508 0.6825396825396826 0.66005291005291 0.6765873015873016 0.6636904761904762 0.6713789682539683 0.6626984126984127 0.6666666666666666 0.658068783068783 0.6644345238095238 0.6468253968253969 0.6688988095238095 0.6352513227513228 0.6775793650793651 0.6332671957671958
0 0.8328373015873016 0.503968253968254 0.8385416666666666 0.5085978835978836 0.8400297619047619 0.5162037037037037 0.8375496031746031 0.5257936507936508 0.8315972222222222 0.5307539682539683 0.8221726190476191 0.52744708994709 0.8184523809523809 0.517526455026455 0.8244047619047619 0.5049603174603174 0.8325892857142857 0.503968253968254
0 0.45808531746031744 0.14715608465608465 0.4618055555555556 0.1498015873015873 0.4642857142857143 0.15773809523809523 0.46106150793650796 0.16666666666666666 0.45783730158730157 0.16832010582010581 0.4496527777777778 0.1669973544973545 0.4469246031746032 0.16104497354497355 0.44915674603174605 0.15013227513227514 0.45783730158730157 0.14715608465608465
0 0.435515873015873 0.12996031746031747 0.44419642857142855 0.12764550264550265 0.4489087301587302 0.1388888888888889 0.4459325396825397 0.14682539682539683 0.43526785714285715 0.14384920634920634 0.4320436507936508 0.1488095238095238 0.43253968253968256 0.13690476190476192 0.435515873015873 0.1302910052910053
0 0.7760416666666666 0.4966931216931217 0.7842261904761905 0.5033068783068783 0.7859623015873016 0.5119047619047619 0.7829861111111112 0.5208333333333334 0.7770337301587301 0.5244708994708994 0.7715773809523809 0.5234788359788359 0.769593253968254 0.5148809523809523 0.7643849206349206 0.5056216931216931 0.7681051587301587 0.49933862433862436 0.7757936507936508 0.4966931216931217
0 0.1371527777777778 0.36408730158730157 0.14384920634920634 0.3697089947089947 0.14583333333333334 0.3802910052910053 0.14434523809523808 0.38425925925925924 0.13690476190476192 0.38921957671957674 0.13045634920634921 0.3869047619047619 0.12549603174603174 0.3776455026455027 0.1277281746031746 0.3687169312169312 0.13690476190476192 0.36408730158730157
0 0.07142857142857142 0.6005291005291006 0.07564484126984126 0.6058201058201058 0.07663690476190477 0.6157407407407407 0.07465277777777778 0.6216931216931217 0.06746031746031746 0.626984126984127 0.05654761904761905 0.6233465608465608 0.05357142857142857 0.6190476190476191 0.05257936507936508 0.6101190476190477 0.05381944444444445 0.6058201058201058 0.060267857142857144 0.5998677248677249 0.07118055555555555 0.6005291005291006
0 0.09424603174603174 0.5162037037037037 0.10044642857142858 0.5224867724867724 0.10143849206349206 0.5297619047619048 0.09672619047619048 0.5406746031746031 0.09052579365079365 0.5436507936507936 0.08506944444444445 0.5433201058201058 0.08060515873015874 0.5396825396825397 0.07762896825396826 0.5337301587301587 0.07762896825396826 0.5261243386243386 0.08531746031746032 0.5165343915343915 0.09399801587301587 0.5162037037037037
0 0.13045634920634921 0.45337301587301587 0.13913690476190477 0.4580026455026455 0.1423611111111111 0.4695767195767196 0.13740079365079366 0.478505291005291 0.1324404761904762 0.48115079365079366 0.12549603174603174 0.4801587301587302 0.12177579365079365 0.47156084656084657 0.12227182539682539 0.4599867724867725 0.12624007936507936 0.4546957671957672 0.13020833333333334 0.45337301587301587
0 0.44146825396825395 0.23776455026455026 0.44717261904761907 0.24206349206349206 0.4486607142857143 0.2490079365079365 0.4392361111111111 0.2622354497354497 0.4320436507936508 0.2566137566137566 0.43080357142857145 0.24768518518518517 0.43452380952380953 0.23941798941798942 0.4412202380952381 0.23776455026455026
0 0.3385416666666667 0.6263227513227513 0.3454861111111111 0.6339285714285714 0.3462301587301587 0.6435185185185185 0.34226190476190477 0.65244708994709 0.3350694444444444 0.656415343915344 0.32862103174603174 0.654431216931217 0.3244047619047619 0.6474867724867724 0.32415674603174605 0.6418650793650794 0.32787698412698413 0.6309523809523809 0.3382936507936508 0.6263227513227513
0 0.4541170634920635 0.11904761904761904 0.4585813492063492 0.12268518518518519 0.45783730158730157 0.13425925925925927 0.4558531746031746 0.13855820105820105 0.4496527777777778 0.1412037037037037 0.4461805555555556 0.1378968253968254 0.4429563492063492 0.12400793650793651 0.4461805555555556 0.11970899470899471 0.4538690476190476 0.11904761904761904
0 0.4947916666666667 0.12367724867724868 0.5007440476190477 0.12665343915343916 0.5017361111111112 0.14186507936507936 0.4930555555555556 0.14649470899470898 0.4871031746031746 0.14054232804232805 0.48834325396825395 0.12665343915343916 0.4945436507936508 0.12400793650793651
0 0.8072916666666666 0.6554232804232805 0.814484126984127 0.6610449735449735 0.8169642857142857 0.6703042328042328 0.8147321428571429 0.6789021164021164 0.8075396825396826 0.6845238095238095 0.7963789682539683 0.6792328042328042 0.7931547619047619 0.6683201058201058 0.7973710317460317 0.6577380952380952 0.8070436507936508 0.6554232804232805
0 0.7388392857142857 0.5396825396825397 0.7452876984126984 0.5466269841269841 0.7465277777777778 0.5578703703703703 0.7433035714285714 0.5674603174603174 0.7380952380952381 0.5710978835978836 0.7306547619047619 0.5697751322751323 0.7266865079365079 0.5651455026455027 0.7247023809523809 0.5529100529100529 0.7299107142857143 0.5413359788359788 0.7385912698412699 0.5396825396825397
0 0.49603174603174605 0.11375661375661375 0.49975198412698413 0.11607142857142858 0.5014880952380952 0.12466931216931217 0.4915674603174603 0.12698412698412698 0.48735119047619047 0.12566137566137567 0.48660714285714285 0.11970899470899471 0.4905753968253968 0.11474867724867725 0.4957837301587302 0.11375661375661375
0 0.4826388888888889 0.2457010582010582 0.4888392857142857 0.25396825396825395 0.4878472222222222 0.26256613756613756 0.48412698412698413 0.26785714285714285 0.48115079365079366 0.26355820105820105 0.4732142857142857 0.25992063492063494 0.47197420634920634 0.2552910052910053 0.4756944444444444 0.24768518518518517 0.482390873015873 0.2457010582010582
0 0.2065972222222222 0.5773809523809523 0.21329365079365079 0.5830026455026455 0.2160218253968254 0.593584656084656 0.21354166666666666 0.5998677248677249 0.2048611111111111 0.6048280423280423 0.19593253968253968 0.6015211640211641 0.19295634920634921 0.5922619047619048 0.19791666666666666 0.580026455026455 0.20634920634920634 0.5773809523809523
0 0.15327380952380953 0.44841269841269843 0.15823412698412698 0.45337301587301587 0.16021825396825398 0.4623015873015873 0.1579861111111111 0.46825396825396826 0.15128968253968253 0.47255291005291006 0.14260912698412698 0.47023809523809523 0.1388888888888889 0.4576719576719577 0.14384920634920634 0.44841269841269843 0.15302579365079366 0.44841269841269843
0 0.1440972222222222 0.4236111111111111 0.15203373015873015 0.42857142857142855 0.15376984126984128 0.43816137566137564 0.15029761904761904 0.44642857142857145 0.14087301587301587 0.44907407407407407 0.13566468253968253 0.4460978835978836 0.13268849206349206 0.4348544973544973 0.1371527777777778 0.4252645502645503 0.14384920634920634 0.4236111111111111
0 0.5131448412698413 0.08895502645502645 0.5166170634920635 0.09060846560846561 0.519593253968254 0.09722222222222222 0.5188492063492064 0.10648148148148148 0.515625 0.11078042328042328 0.5084325396825397 0.10978835978835978 0.5044642857142857 0.10284391534391535 0.5062003968253969 0.09226190476190477 0.5128968253968254 0.08895502645502645
0 0.1185515873015873 0.5836640211640212 0.12375992063492064 0.5882936507936508 0.12400793650793651 0.6021825396825397 0.1195436507936508 0.609457671957672 0.11408730158730158 0.611441798941799 0.10912698412698413 0.6101190476190477 0.10441468253968254 0.6051587301587301 0.1029265873015873 0.5952380952380952 0.10838293650793651 0.5849867724867724 0.11284722222222222 0.5826719576719577 0.11830357142857142 0.5836640211640212
0 0.7517361111111112 0.7093253968253969 0.7581845238095238 0.7129629629629629 0.7619047619047619 0.7218915343915344 0.7609126984126984 0.7341269841269841 0.7532242063492064 0.7410714285714286 0.7440476190476191 0.7377645502645502 0.7390873015873016 0.7255291005291006 0.7440476190476191 0.7126322751322751 0.7514880952380952 0.7093253968253969
0 0.1684027777777778 0.3958333333333333 0.17559523809523808 0.40145502645502645 0.17857142857142858 0.41005291005291006 0.1765873015873016 0.41865079365079366 0.1684027777777778 0.4246031746031746 0.16145833333333334 0.421957671957672 0.15674603174603174 0.4117063492063492 0.1597222222222222 0.40244708994708994 0.1636904761904762 0.39715608465608465 0.16815476190476192 0.3958333333333333
0 0.3013392857142857 0.6263227513227513 0.3080357142857143 0.6306216931216931 0.31101190476190477 0.640542328042328 0.3005952380952381 0.6557539682539683 0.29389880952380953 0.654431216931217 0.2896825396825397 0.6501322751322751 0.2884424603174603 0.6362433862433863 0.2926587301587302 0.6299603174603174 0.3010912698412698 0.6263227513227513
0 0.15104166666666666 0.3869047619047619 0.15749007936507936 0.390542328042328 0.16046626984126985 0.3974867724867725 0.15674603174603174 0.4097222222222222 0.1515376984126984 0.4123677248677249 0.1440972222222222 0.41104497354497355 0.13864087301587302 0.4007936507936508 0.14360119047619047 0.390542328042328 0.15079365079365079 0.3869047619047619
0 0.47470238095238093 0.22916666666666666 0.4806547619047619 0.2347883597883598 0.48214285714285715 0.24173280423280424 0.4704861111111111 0.2523148148148148 0.4618055555555556 0.24107142857142858 0.4662698412698413 0.23115079365079366 0.47445436507936506 0.22916666666666666
0 0.4182787698412698 0.17410714285714285 0.01711309523809524 0.022817460317460316
0 0.39831349206349204 0.24107142857142858 0.4017857142857143 0.24603174603174602 0.40228174603174605 0.25496031746031744 0.3993055555555556 0.26091269841269843 0.3948412698412698 0.26355820105820105 0.3864087301587302 0.2585978835978836 0.38492063492063494 0.24834656084656084 0.3898809523809524 0.23974867724867724 0.39806547619047616 0.24107142857142858
0 0.6421130952380952 0.6838624338624338 0.6475694444444444 0.6917989417989417 0.6475694444444444 0.7027116402116402 0.6438492063492064 0.708994708994709 0.6374007936507936 0.7116402116402116 0.6326884920634921 0.7113095238095238 0.6279761904761905 0.7073412698412699 0.6257440476190477 0.6954365079365079 0.6302083333333334 0.6838624338624338 0.6418650793650794 0.6838624338624338
0 0.2785218253968254 0.6101190476190477 0.28621031746031744 0.6157407407407407 0.2874503968253968 0.628968253968254 0.28422619047619047 0.6339285714285714 0.2728174603174603 0.6355820105820106 0.2673611111111111 0.6335978835978836 0.26413690476190477 0.623015873015873 0.2710813492063492 0.6124338624338624 0.27827380952380953 0.6101190476190477
0 0.6416170634920635 0.6583994708994709 0.6465773809523809 0.6650132275132276 0.6475694444444444 0.6755952380952381 0.644593253968254 0.6825396825396826 0.640625 0.683531746031746 0.6299603174603174 0.6828703703703703 0.6264880952380952 0.6762566137566137 0.6262400793650794 0.6656746031746031 0.6294642857142857 0.6593915343915344 0.6413690476190477 0.6583994708994709
0 0.9032738095238095 0.5958994708994709 0.9094742063492064 0.6025132275132276 0.910218253968254 0.6117724867724867 0.9060019841269841 0.6197089947089947 0.8983134920634921 0.6246693121693122 0.8891369047619048 0.6216931216931217 0.8856646825396826 0.6167328042328042 0.8844246031746031 0.6087962962962963 0.8903769841269841 0.5978835978835979 0.8963293650793651 0.5952380952380952 0.9030257936507936 0.5958994708994709
0 0.4146825396825397 0.23941798941798942 0.419890873015873 0.24735449735449735 0.41865079365079366 0.25595238095238093 0.4146825396825397 0.25992063492063494 0.408234126984127 0.2576058201058201 0.4052579365079365 0.25 0.40773809523809523 0.24206349206349206 0.41443452380952384 0.23941798941798942
0 0.26686507936507936 0.5952380952380952 0.27232142857142855 0.5995370370370371 0.2748015873015873 0.609457671957672 0.26339285714285715 0.6233465608465608 0.25496031746031744 0.6173941798941799 0.25322420634920634 0.6058201058201058 0.2586805555555556 0.5968915343915344 0.2666170634920635 0.5952380952380952
0 0.4496527777777778 0.2523148148148148 0.4541170634920635 0.26025132275132273 0.45262896825396826 0.2708333333333333 0.44990079365079366 0.2751322751322751 0.44221230158730157 0.273478835978836 0.43898809523809523 0.265542328042328 0.4427083333333333 0.25595238095238093 0.4494047619047619 0.2523148148148148
0 0.11755952380952381 0.5105820105820106 0.1232638888888889 0.5181878306878307 0.12400793650793651 0.5267857142857143 0.12003968253968254 0.53505291005291 0.11458333333333333 0.5376984126984127 0.1039186507936508 0.533068783068783 0.10119047619047619 0.5211640211640212 0.109375 0.5119047619047619 0.11731150793650794 0.5105820105820106
0 0.21428571428571427 0.3412698412698413 0.2170138888888889 0.3462301587301587 0.21726190476190477 0.35648148148148145 0.21354166666666666 0.3630952380952381 0.21031746031746032 0.36408730158730157 0.20287698412698413 0.36044973544973546 0.19940476190476192 0.35383597883597884 0.19915674603174602 0.3482142857142857 0.20287698412698413 0.3412698412698413 0.2065972222222222 0.33895502645502645 0.2140376984126984 0.3412698412698413
0 0.46924603174603174 0.12334656084656084 0.4722222222222222 0.12863756613756613 0.47172619047619047 0.13525132275132276 0.4635416666666667 0.1455026455026455 0.45783730158730157 0.14054232804232805 0.45907738095238093 0.1283068783068783 0.4625496031746032 0.12301587301587301 0.46899801587301587 0.12334656084656084
0 0.7800099206349206 0.6474867724867724 0.7862103174603174 0.6517857142857143 0.7899305555555556 0.6607142857142857 0.7869543650793651 0.6722883597883598 0.7822420634920635 0.6752645502645502 0.7710813492063492 0.6729497354497355 0.7651289682539683 0.6613756613756614 0.7688492063492064 0.6491402116402116 0.7797619047619048 0.6474867724867724
0 0.3315972222222222 0.5892857142857143 0.33903769841269843 0.5929232804232805 0.34226190476190477 0.6021825396825397 0.3392857142857143 0.6124338624338624 0.3323412698412698 0.6177248677248677 0.3246527777777778 0.6160714285714286 0.3194444444444444 0.6028439153439153 0.3216765873015873 0.5952380952380952 0.33134920634920634 0.5892857142857143
0 0.171875 0.529431216931217 0.17857142857142858 0.5340608465608465 0.18129960317460317 0.5466269841269841 0.17609126984126985 0.5558862433862434 0.17162698412698413 0.558531746031746 0.16220238095238096 0.5545634920634921 0.15922619047619047 0.5472883597883598 0.16121031746031747 0.5360449735449735 0.17162698412698413 0.529431216931217
0 0.3943452380952381 0.19874338624338625 0.4000496031746032 0.20205026455026456 0.4017857142857143 0.20932539682539683 0.3975694444444444 0.22023809523809523 0.39459325396825395 0.22156084656084657 0.3913690476190476 0.2208994708994709 0.38566468253968256 0.21064814814814814 0.3871527777777778 0.20304232804232805 0.3940972222222222 0.19874338624338625
0 0.40848214285714285 0.21197089947089948 0.41220238095238093 0.2152777777777778 0.41393849206349204 0.22387566137566137 0.4114583333333333 0.22982804232804233 0.4052579365079365 0.23346560846560846 0.4000496031746032 0.23082010582010581 0.39732142857142855 0.22255291005291006 0.4010416666666667 0.21263227513227514 0.408234126984127 0.21197089947089948
0 0.06845238095238096 0.5572089947089947 0.07514880952380952 0.5631613756613757 0.07787698412698413 0.5710978835978836 0.0744047619047619 0.5806878306878307 0.06597222222222222 0.5859788359788359 0.05704365079365079 0.5833333333333334 0.053323412698412696 0.5783730158730159 0.051587301587301584 0.5710978835978836 0.053323412698412696 0.5641534391534392 0.057291666666666664 0.5588624338624338 0.06820436507936507 0.5572089947089947
0 0.7413194444444444 0.5046296296296297 0.7492559523809523 0.5119047619047619 0.75 0.5234788359788359 0.746031746031746 0.5304232804232805 0.7410714285714286 0.5333994708994709 0.7336309523809523 0.5304232804232805 0.7294146825396826 0.5224867724867724 0.7309027777777778 0.5122354497354498 0.734375 0.5076058201058201 0.7410714285714286 0.5046296296296297
0 0.28422619047619047 0.6352513227513228 0.2884424603174603 0.6408730158730159 0.28893849206349204 0.6511243386243386 0.28447420634920634 0.6597222222222222 0.2785218253968254 0.6623677248677249 0.26959325396825395 0.658068783068783 0.26686507936507936 0.6435185185185185 0.27058531746031744 0.6365740740740741 0.2839781746031746 0.6352513227513228
0 0.38392857142857145 0.21064814814814814 0.3878968253968254 0.21395502645502645 0.3916170634920635 0.22255291005291006 0.3896329365079365 0.230489417989418 0.3834325396825397 0.23412698412698413 0.376984126984127 0.23082010582010581 0.375 0.21957671957671956 0.3774801587301587 0.21296296296296297 0.3836805555555556 0.21064814814814814
0 0.8182043650793651 0.5486111111111112 0.826140873015873 0.5539021164021164 0.8283730158730159 0.5667989417989417 0.8244047619047619 0.5740740740740741 0.8179563492063492 0.5777116402116402 0.8070436507936508 0.5724206349206349 0.8040674603174603 0.564484126984127 0.8075396825396826 0.5515873015873016 0.8115079365079365 0.5486111111111112 0.8179563492063492 0.5486111111111112
0 0.7586805555555556 0.47255291005291006 0.7648809523809523 0.4771825396825397 0.7668650793650794 0.48644179894179895 0.765625 0.49503968253968256 0.7591765873015873 0.5003306878306878 0.7514880952380952 0.49834656084656087 0.746031746031746 0.48908730158730157 0.7482638888888888 0.4775132275132275 0.7514880952380952 0.47354497354497355 0.7584325396825397 0.47255291005291006
0 0.47445436507936506 0.25925925925925924 0.48139880952380953 0.2628968253968254 0.484375 0.26884920634920634 0.48313492063492064 0.2794312169312169 0.47767857142857145 0.2833994708994709 0.47346230158730157 0.2824074074074074 0.46850198412698413 0.2757936507936508 0.46875 0.26322751322751325 0.4742063492063492 0.25925925925925924
0 0.10243055555555555 0.4583333333333333 0.109375 0.46395502645502645 0.11135912698412699 0.4705687830687831 0.10664682539682539 0.4808201058201058 0.09970238095238096 0.48478835978835977 0.09102182539682539 0.48115079365079366 0.08779761904761904 0.4699074074074074 0.09151785714285714 0.46164021164021163 0.10218253968253968 0.4583333333333333
0 0.48387896825396826 0.12235449735449735 0.4878472222222222 0.12665343915343916 0.4878472222222222 0.13525132275132276 0.48660714285714285 0.1402116402116402 0.4809027777777778 0.14484126984126985 0.4732142857142857 0.13690476190476192 0.4729662698412698 0.1292989417989418 0.4779265873015873 0.12202380952380952 0.4836309523809524 0.12235449735449735
0 0.4632936507936508 0.24206349206349206 0.46825396825396826 0.24933862433862433 0.46850198412698413 0.2562830687830688 0.466765873015873 0.25892857142857145 0.45709325396825395 0.2595899470899471 0.453125 0.2569444444444444 0.4513888888888889 0.25132275132275134 0.4558531746031746 0.2447089947089947 0.46304563492063494 0.24206349206349206
0 0.11433531746031746 0.4791666666666667 0.12053571428571429 0.4818121693121693 0.12400793650793651 0.4904100529100529 0.1232638888888889 0.49834656084656087 0.1148313492063492 0.5062830687830688 0.10788690476190477 0.5052910052910053 0.09995039682539683 0.4947089947089947 0.10243055555555555 0.48412698412698413 0.10887896825396826 0.4791666666666667 0.11408730158730158 0.4791666666666667
0 0.31101190476190477 0.6435185185185185 0.31845238095238093 0.6474867724867724 0.32242063492063494 0.6610449735449735 0.31820436507936506 0.6696428571428571 0.31225198412698413 0.671957671957672 0.3062996031746032 0.6706349206349206 0.3005952380952381 0.6617063492063492 0.30183531746031744 0.6534391534391535 0.3107638888888889 0.6435185185185185
0 0.7450396825396826 0.39384920634920634 0.7507440476190477 0.3978174603174603 0.7527281746031746 0.4080687830687831 0.7482638888888888 0.41798941798941797 0.7418154761904762 0.42063492063492064 0.7336309523809523 0.4156746031746032 0.7318948412698413 0.4060846560846561 0.736359126984127 0.39715608465608465 0.7447916666666666 0.39384920634920634
0 0.18377976190476192 0.576058201058201 0.19146825396825398 0.582010582010582 0.19345238095238096 0.5912698412698413 0.18973214285714285 0.6018518518518519 0.18353174603174602 0.6058201058201058 0.17485119047619047 0.6031746031746031 0.16989087301587302 0.5922619047619048 0.1736111111111111 0.5806878306878307 0.18353174603174602 0.576058201058201
0 0.3603670634920635 0.5978835978835979 0.36706349206349204 0.6021825396825397 0.3695436507936508 0.6134259259259259 0.36731150793650796 0.6213624338624338 0.359375 0.6276455026455027 0.34771825396825395 0.6233465608465608 0.34424603174603174 0.6127645502645502 0.3489583333333333 0.6001984126984127 0.3601190476190476 0.5978835978835979
0 0.234375 0.6345899470899471 0.2408234126984127 0.640542328042328 0.24231150793650794 0.6494708994708994 0.2390873015873016 0.6583994708994709 0.2309027777777778 0.6646825396825397 0.2214781746031746 0.6583994708994709 0.21899801587301587 0.6474867724867724 0.2204861111111111 0.6408730158730159 0.22395833333333334 0.6365740740740741 0.23412698412698413 0.6345899470899471