0 0.43882275132275134 0.7098214285714286 0.44841269841269843 0.7162698412698413 0.45006613756613756 0.7239583333333334 0.4444444444444444 0.7316468253968254 0.4322089947089947 0.7341269841269841 0.42328042328042326 0.7306547619047619 0.419973544973545 0.7204861111111112 0.42592592592592593 0.7130456349206349 0.4322089947089947 0.7100694444444444 0.4384920634920635 0.7098214285714286
0 0.439484126984127 0.7562003968253969 0.4460978835978836 0.7596726190476191 0.44841269841269843 0.7673611111111112 0.4460978835978836 0.7752976190476191 0.43882275132275134 0.7805059523809523 0.4255952380952381 0.7782738095238095 0.419973544973545 0.7723214285714286 0.41865079365079366 0.7653769841269841 0.4252645502645503 0.7581845238095238 0.43915343915343913 0.7562003968253969
0 0.41104497354497355 0.5009920634920635 0.4173280423280423 0.5049603174603174 0.4193121693121693 0.5124007936507936 0.4150132275132275 0.5193452380952381 0.4093915343915344 0.5210813492063492 0.4011243386243386 0.5203373015873016 0.39451058201058203 0.5173611111111112 0.3912037037037037 0.5081845238095238 0.39384920634920634 0.5044642857142857 0.4011243386243386 0.5009920634920635 0.4107142857142857 0.5009920634920635
0 0.4771825396825397 0.7693452380952381 0.48578042328042326 0.7723214285714286 0.4930555555555556 0.779265873015873 0.4914021164021164 0.7904265873015873 0.4880952380952381 0.7938988095238095 0.4818121693121693 0.7951388888888888 0.4695767195767196 0.7934027777777778 0.46164021164021163 0.7837301587301587 0.4619708994708995 0.777281746031746 0.4652777777777778 0.7725694444444444 0.47685185185185186 0.7693452380952381
0 0.5228174603174603 0.3878968253968254 0.5281084656084656 0.39037698412698413 0.5317460317460317 0.4007936507936508 0.5271164021164021 0.40773809523809523 0.5191798941798942 0.41021825396825395 0.5076058201058201 0.40674603174603174 0.503968253968254 0.3968253968253968 0.5115740740740741 0.3888888888888889 0.5224867724867724 0.3878968253968254
0 0.48578042328042326 0.5280257936507936 0.4930555555555556 0.5324900793650794 0.4957010582010582 0.5399305555555556 0.4923941798941799 0.5453869047619048 0.484457671957672 0.5483630952380952 0.47354497354497355 0.5466269841269841 0.4685846560846561 0.5411706349206349 0.4675925925925926 0.5359623015873016 0.4738756613756614 0.5282738095238095 0.48544973544973546 0.5280257936507936
0 0.3998015873015873 0.25396825396825395 0.40773809523809523 0.25793650793650796 0.4103835978835979 0.2621527777777778 0.4083994708994709 0.2700892857142857 0.4011243386243386 0.2748015873015873 0.38855820105820105 0.2725694444444444 0.38293650793650796 0.26587301587301587 0.3835978835978836 0.2591765873015873 0.3872354497354497 0.25570436507936506 0.3994708994708995 0.25396825396825395
0 0.5085978835978836 0.7844742063492064 0.5185185185185185 0.7889384920634921 0.5211640211640212 0.7931547619047619 0.5188492063492064 0.8028273809523809 0.5095899470899471 0.8082837301587301 0.4973544973544973 0.8058035714285714 0.49206349206349204 0.7971230158730159 0.49437830687830686 0.7881944444444444 0.5006613756613757 0.7849702380952381 0.5082671957671958 0.7844742063492064
0 0.6170634920634921 0.47643849206349204 0.626984126984127 0.4809027777777778 0.6306216931216931 0.48759920634920634 0.6266534391534392 0.49429563492063494 0.6193783068783069 0.4975198412698413 0.6091269841269841 0.4957837301587302 0.6038359788359788 0.48834325396825395 0.6061507936507936 0.4799107142857143 0.6101190476190477 0.4771825396825397 0.6167328042328042 0.47643849206349204
0 0.4751984126984127 0.30009920634920634 0.4818121693121693 0.30357142857142855 0.48412698412698413 0.31101190476190477 0.4808201058201058 0.31746031746031744 0.4732142857142857 0.32018849206349204 0.46130952380952384 0.3179563492063492 0.4580026455026455 0.30952380952380953 0.4632936507936508 0.30158730158730157 0.4748677248677249 0.30009920634920634
0 0.4877645502645503 0.6039186507936508 0.49636243386243384 0.6076388888888888 0.4990079365079365 0.6140873015873016 0.4957010582010582 0.621031746031746 0.48743386243386244 0.6254960317460317 0.47685185185185186 0.6235119047619048 0.4699074074074074 0.6155753968253969 0.4738756613756614 0.605406746031746 0.48743386243386244 0.6039186507936508
0 0.5757275132275133 0.41369047619047616 0.5816798941798942 0.4176587301587302 0.5836640211640212 0.4255952380952381 0.5793650793650794 0.4320436507936508 0.5747354497354498 0.4340277777777778 0.5608465608465608 0.4303075396825397 0.5565476190476191 0.421875 0.5641534391534392 0.4149305555555556 0.5753968253968254 0.41369047619047616
0 0.44047619047619047 0.7336309523809523 0.4480820105820106 0.7375992063492064 0.45006613756613756 0.7445436507936508 0.44775132275132273 0.7514880952380952 0.43882275132275134 0.7557043650793651 0.4252645502645503 0.7522321428571429 0.42228835978835977 0.7425595238095238 0.42824074074074076 0.7346230158730159 0.4401455026455027 0.7336309523809523
0 0.482473544973545 0.43526785714285715 0.49107142857142855 0.44047619047619047 0.49206349206349204 0.4466765873015873 0.48743386243386244 0.453125 0.4808201058201058 0.455109126984127 0.46924603174603174 0.45163690476190477 0.4662698412698413 0.4427083333333333 0.4708994708994709 0.4367559523809524 0.48214285714285715 0.43526785714285715
0 0.5234788359788359 0.4722222222222222 0.529431216931217 0.4749503968253968 0.5324074074074074 0.48115079365079366 0.529431216931217 0.4878472222222222 0.5188492063492064 0.49330357142857145 0.5099206349206349 0.49206349206349204 0.5026455026455027 0.48487103174603174 0.501984126984127 0.4799107142857143 0.5042989417989417 0.4756944444444444 0.5082671957671958 0.4739583333333333 0.5231481481481481 0.4722222222222222
0 0.3792989417989418 0.482390873015873 0.3869047619047619 0.486359126984127 0.38921957671957674 0.49206349206349204 0.3869047619047619 0.49776785714285715 0.3783068783068783 0.5027281746031746 0.3664021164021164 0.5007440476190477 0.36177248677248675 0.49231150793650796 0.36507936507936506 0.48462301587301587 0.37896825396825395 0.482390873015873
0 0.5793650793650794 0.46279761904761907 0.5863095238095238 0.4670138888888889 0.5882936507936508 0.4749503968253968 0.5849867724867724 0.4826388888888889 0.576058201058201 0.4885912698412698 0.5681216931216931 0.48759920634920634 0.5621693121693122 0.48412698412698413 0.5582010582010583 0.47346230158730157 0.5634920634920635 0.4670138888888889 0.5790343915343915 0.46279761904761907
0 0.4503968253968254 0.6187996031746031 0.458994708994709 0.6232638888888888 0.460978835978836 0.6304563492063492 0.4576719576719577 0.6361607142857143 0.44642857142857145 0.6391369047619048 0.44212962962962965 0.6391369047619048 0.4341931216931217 0.6349206349206349 0.4312169312169312 0.6262400793650794 0.4365079365079365 0.6197916666666666 0.44543650793650796 0.6175595238095238 0.45006613756613756 0.6187996031746031
0 0.4947089947089947 0.48412698412698413 0.5023148148148148 0.48561507936507936 0.5089285714285714 0.4908234126984127 0.5085978835978836 0.4982638888888889 0.5056216931216931 0.5022321428571429 0.498015873015873 0.5049603174603174 0.4877645502645503 0.5029761904761905 0.4828042328042328 0.4992559523809524 0.4818121693121693 0.49107142857142855 0.4871031746031746 0.486359126984127 0.49437830687830686 0.484375
0 0.4308862433862434 0.39012896825396826 0.43915343915343913 0.3933531746031746 0.4408068783068783 0.40128968253968256 0.43783068783068785 0.408234126984127 0.4289021164021164 0.41096230158730157 0.41865079365079366 0.4079861111111111 0.41435185185185186 0.4007936507936508 0.41865079365079366 0.3933531746031746 0.4305555555555556 0.39012896825396826
0 0.3644179894179894 0.8209325396825397 0.3726851851851852 0.824156746031746 0.376984126984127 0.8298611111111112 0.37433862433862436 0.8420138888888888 0.36507936507936506 0.845734126984127 0.3551587301587302 0.845734126984127 0.3498677248677249 0.84375 0.3449074074074074 0.8325892857142857 0.3521825396825397 0.8239087301587301 0.36408730158730157 0.8209325396825397
0 0.46395502645502645 0.732390873015873 0.4738756613756614 0.7341269841269841 0.4794973544973545 0.7400793650793651 0.47619047619047616 0.7517361111111112 0.4646164021164021 0.7557043650793651 0.45271164021164023 0.7527281746031746 0.45006613756613756 0.7482638888888888 0.45205026455026454 0.7378472222222222 0.45634920634920634 0.7341269841269841 0.4636243386243386 0.732390873015873
0 0.458994708994709 0.49503968253968256 0.4666005291005291 0.49851190476190477 0.46924603174603174 0.5032242063492064 0.4669312169312169 0.5119047619047619 0.45965608465608465 0.5163690476190477 0.45271164021164023 0.5161210317460317 0.4460978835978836 0.5131448412698413 0.44246031746031744 0.5064484126984127 0.4437830687830688 0.5014880952380952 0.44907407407407407 0.49677579365079366 0.45866402116402116 0.49503968253968256
0 0.43882275132275134 0.3678075396825397 0.44642857142857145 0.37177579365079366 0.44907407407407407 0.37723214285714285 0.44477513227513227 0.3869047619047619 0.43683862433862436 0.3896329365079365 0.42658730158730157 0.38839285714285715 0.42063492063492064 0.37822420634920634 0.4269179894179894 0.3697916666666667 0.4384920634920635 0.3678075396825397
0 0.5929232804232805 0.482390873015873 0.5998677248677249 0.4851190476190476 0.6038359788359788 0.49330357142857145 0.6005291005291006 0.4992559523809524 0.591931216931217 0.5029761904761905 0.5846560846560847 0.5022321428571429 0.580026455026455 0.49950396825396826 0.5770502645502645 0.49107142857142855 0.5849867724867724 0.48313492063492064 0.5925925925925926 0.482390873015873
0 0.39914021164021163 0.5751488095238095 0.4050925925925926 0.5786210317460317 0.4087301587301587 0.5850694444444444 0.4050925925925926 0.5939980158730159 0.398478835978836 0.5969742063492064 0.3872354497354497 0.59375 0.38062169312169314 0.5843253968253969 0.3872354497354497 0.576140873015873 0.39880952380952384 0.5751488095238095
0 0.42956349206349204 0.5250496031746031 0.43716931216931215 0.5280257936507936 0.43915343915343913 0.5349702380952381 0.435515873015873 0.5426587301587301 0.4262566137566138 0.5451388888888888 0.41633597883597884 0.5431547619047619 0.4123677248677249 0.5394345238095238 0.41104497354497355 0.5337301587301587 0.41798941798941797 0.5252976190476191 0.42923280423280424 0.5250496031746031
0 0.5125661375661376 0.45337301587301587 0.5224867724867724 0.45709325396825395 0.5254629629629629 0.4635416666666667 0.5221560846560847 0.470734126984127 0.5089285714285714 0.47346230158730157 0.5009920634920635 0.4704861111111111 0.4976851851851852 0.4623015873015873 0.501984126984127 0.45610119047619047 0.5122354497354498 0.45337301587301587
0 0.4771825396825397 0.8005952380952381 0.48544973544973546 0.8035714285714286 0.4894179894179894 0.8107638888888888 0.4877645502645503 0.8214285714285714 0.47883597883597884 0.8258928571428571 0.46593915343915343 0.8244047619047619 0.45965608465608465 0.8157242063492064 0.4599867724867725 0.8107638888888888 0.46593915343915343 0.8038194444444444 0.47685185185185186 0.8005952380952381
0 0.4880952380952381 0.5027281746031746 0.49404761904761907 0.5042162698412699 0.5 0.511656746031746 0.49603174603174605 0.5203373015873016 0.4894179894179894 0.5230654761904762 0.4775132275132275 0.5208333333333334 0.4732142857142857 0.5158730158730159 0.47685185185185186 0.5057043650793651 0.4877645502645503 0.5027281746031746
0 0.3544973544973545 0.4771825396825397 0.36044973544973546 0.4806547619047619 0.36342592592592593 0.4878472222222222 0.36078042328042326 0.4947916666666667 0.3521825396825397 0.49975198412698413 0.33895502645502645 0.498015873015873 0.33465608465608465 0.49404761904761907 0.3330026455026455 0.4871031746031746 0.3382936507936508 0.47867063492063494 0.3458994708994709 0.47668650793650796 0.3541666666666667 0.4771825396825397
0 0.5400132275132276 0.37996031746031744 0.546957671957672 0.38095238095238093 0.5539021164021164 0.3869047619047619 0.5545634920634921 0.39211309523809523 0.5512566137566137 0.39806547619047616 0.5416666666666666 0.4010416666666667 0.5317460317460317 0.39732142857142855 0.5284391534391535 0.3864087301587302 0.5327380952380952 0.38169642857142855 0.5396825396825397 0.3802083333333333
0 0.45965608465608465 0.6374007936507936 0.4675925925925926 0.6403769841269841 0.4708994708994709 0.6490575396825397 0.4646164021164021 0.6577380952380952 0.45701058201058203 0.6592261904761905 0.44841269841269843 0.6579861111111112 0.44345238095238093 0.6547619047619048 0.44113756613756616 0.6468253968253969 0.4470899470899471 0.6393849206349206 0.4593253968253968 0.6374007936507936