0 0.39042658730158736 0.24639136904761905 0.017162698412698442 0.019444444444444466
0 0.4590740740740741 0.2439781746031746 0.034322089947089934 0.017837301587301607
0 0.457037037037037 0.2656150793650794 0.028101851851851857 0.020887896825396775
0 0.5933630952380952 0.23689980158730156 0.04547949735449742 0.022986111111111127
0 0.5882142857142857 0.299156746031746 0.018019179894179824 0.022003968253968203
0 0.5070205026455027 0.2982713293650794 0.020806878306878333 0.025062003968254015
0 0.5367294973544974 0.31275049603174604 0.018019179894179824 0.021840277777777764
0 0.5689087301587302 0.3207936507936508 0.02231150793650787 0.01862103174603173
0 0.41059193121693127 0.30422371031746037 0.014586640211640254 0.01444196428571429
0 0.48653108465608463 0.32384920634920633 0.020595238095238163 0.015079365079365125
0 0.5142063492063492 0.3306076388888889 0.02016534391534392 0.015721726190476158
0 0.5538921957671957 0.3378447420634921 0.026600529100529118 0.020545634920634957
0 0.5729828042328042 0.32553819444444443 0.01758928571428573 0.016850198412698428
0 0.5291137566137566 0.34564732142857146 0.017804232804232854 0.015235615079365038
0 0.48427910052910056 0.34862351190476193 0.018234126984126943 0.013142361111111058
0 0.4290410052910053 0.33390376984126985 0.017162698412698442 0.014273313492063537
0 0.3808796296296296 0.33157242063492065 0.01737764550264556 0.0176512896825397
0 0.40201058201058204 0.3503943452380952 0.0231679894179894 0.013464781746031737
0 0.4256084656084656 0.35811507936507936 0.0188789682539683 0.016036706349206314
0 0.45467592592592593 0.365515873015873 0.01909391534391527 0.01796378968253964
0 0.5109887566137566 0.35900049603174605 0.018019179894179824 0.012978670634920617
0 0.5636541005291005 0.3624603174603175 0.013945105820105844 0.008633432539682526
0 0.5322255291005291 0.3688938492063492 0.013300264550264484 0.015066964285714286
0 0.3056911375661376 0.349749503968254 0.04075727513227513 0.02504712301587296
0 0.3241402116402117 0.3688938492063492 0.026170634920634955 0.021502976190476145
0 0.3792724867724868 0.37500744047619045 0.020595238095238163 0.01442212301587304
0 0.40737433862433864 0.3884375 0.021021825396825452 0.017152777777777743
0 0.4294708994708995 0.3818427579365079 0.026600529100529118 0.013616071428571451
0 0.4298974867724868 0.3580357142857143 0.0188789682539683 0.011049107142857189
0 0.4580026455026455 0.3886805555555556 0.019305555555555593 0.012810019841269863
0 0.48717592592592596 0.3719494047619048 0.02617063492063488 0.0243973214285714
0 0.5062698412698413 0.3853819444444444 0.017162698412698442 0.014258432539682486
0 0.5324404761904762 0.398172123015873 0.018019179894179824 0.015701884920634908
0 0.5315806878306878 0.3697792658730159 0.016302910052910114 0.01201140873015869
0 0.5528207671957672 0.38634672619047616 0.02016534391534392 0.016187996031746026
0 0.5792063492063492 0.3790277777777778 0.017162698412698442 0.012812499999999965
0 0.5632242063492063 0.3626190476190476 0.013085317460317514 0.01217261904761903
0 0.6059126984126985 0.3935069444444444 0.016947751322751323 0.016026785714285688
0 0.5731977513227513 0.40122767857142855 0.02231150793650787 0.018596230158730163
0 0.5367294973544974 0.39937748015873015 0.018019179894179824 0.013288690476190457
0 0.5477777777777778 0.4153844246031746 0.025099206349206378 0.02116815476190474
0 0.5549636243386243 0.43155257936507935 0.015873015873015872 0.013281250000000045
0 0.5772751322751323 0.42374999999999996 0.02617063492063488 0.01215525793650799
0 0.5837103174603175 0.4371006944444445 0.013300264550264484 0.009900793650793669
0 0.6114914021164022 0.4252777777777778 0.019520502645502712 0.016820436507936548
0 0.6038756613756613 0.4467534722222222 0.019305555555555593 0.009898313492063457
0 0.5941137566137565 0.46557539682539684 0.03196428571428567 0.01857886904761901
0 0.5272916666666666 0.4478794642857143 0.016302910052910114 0.015367063492063501
0 0.5178538359788359 0.41281001984126986 0.014586640211640254 0.009585813492063515
0 0.49833002645502644 0.4040426587301587 0.02273809523809531 0.012966269841269891
0 0.46915674603174606 0.41256944444444443 0.033035714285714314 0.013928571428571393
0 0.40201058201058204 0.4239905753968254 0.0231679894179894 0.020682043650793618
0 0.40844576719576725 0.38980654761904765 0.0188789682539683 0.018278769841269797
0 0.3821693121693122 0.3745238095238095 0.0199503968253968 0.010240575396825389
0 0.3136276455026455 0.40919146825396824 0.04376322751322748 0.010391865079365101
0 0.2308234126984127 0.39519593253968255 0.015446428571428583 0.017795138888888888
0 0.30086640211640214 0.4268055555555556 0.02466931216931214 0.008616071428571374
0 0.33057539682539683 0.44401785714285713 0.030462962962963 0.01408234126984132
0 0.4758068783068783 0.4305853174603174 0.03346560846560841 0.01778521825396826
0 0.5075562169312169 0.43629712301587303 0.019735449735449682 0.01794394841269839
0 0.5264318783068783 0.4461904761904762 0.0231679894179894 0.020032242063492058
0 0.5533564814814814 0.4383878968253968 0.01909391534391527 0.018908730158730104
0 0.6176058201058201 0.4533482142857143 0.029603174603174597 0.01987103174603172
0 0.6162103174603175 0.4289781746031746 0.02896164021164019 0.021001984126984088
0 0.5984060846560846 0.468469742063492 0.03196428571428567 0.011500496031746004
0 0.47687830687830685 0.4291393849206349 0.02273809523809531 0.01167162698412697
0 0.511739417989418 0.43549355158730163 0.03024801587301581 0.019553571428571465
0 0.5251455026455026 0.44626984126984126 0.012013888888888866 0.018583829365079324
0 0.5337268518518519 0.47007936507936504 0.020595238095238163 0.014717261904761941
0 0.5789914021164021 0.49453125000000003 0.029603174603174597 0.0185714285714286
0 0.5370535714285715 0.4916344246031746 0.020806878306878333 0.019216269841269847
0 0.509699074074074 0.46404761904761904 0.006865079365079438 0.013913690476190453
0 0.45692791005291006 0.4485218253968254 0.02145171957671954 0.016654265873015897
0 0.48749669312169314 0.468953373015873 0.02896164021164019 0.015682043650793655
0 0.4407308201058201 0.46718501984126987 0.012655423280423274 0.008926091269841216
0 0.45960978835978833 0.4769965277777778 0.01608796296296299 0.01246279761904762
0 0.47999007936507937 0.488015873015873 0.018234126984126943 0.013586309523809573
0 0.5098082010582011 0.496140873015873 0.013515211640211603 0.008918650793650803
0 0.5384457671957672 0.4909126984126984 0.012870370370370395 0.012941468253968214
0 0.5838161375661376 0.49420882936507937 0.0285317460317461 0.01792906746031745
0 0.5750231481481481 0.5197073412698413 0.02381283068783076 0.015830853174603157
0 0.5515310846560846 0.526061507936508 0.01758928571428573 0.01727678571428568
0 0.5193551587301587 0.514719742063492 0.03904431216931222 0.015508432539682532
0 0.48031084656084655 0.5100545634920635 0.021021825396825452 0.01583333333333337
0 0.45177910052910053 0.5067559523809524 0.028316798941798976 0.017281746031745992
0 0.41617063492063494 0.5051488095238095 0.034322089947089934 0.020498511904761926
0 0.45027777777777783 0.5269469246031746 0.021021825396825452 0.014218749999999981
0 0.49543650793650795 0.5308060515873015 0.02338293650793652 0.01550595238095249
0 0.5284722222222222 0.5393328373015873 0.012228835978835985 0.01003224206349202
0 0.5513161375661376 0.5251760912698413 0.02145171957671954 0.013898809523809515
0 0.5778108465608466 0.5190625 0.025099206349206378 0.014543650793650874
0 0.5804927248677249 0.5448015873015872 0.028316798941798976 0.014536210317460236
0 0.5088425925925926 0.5515600198412698 0.02231150793650787 0.015176091269841171
0 0.5010119047619047 0.531530257936508 0.02595568783068776 0.015344742063492036
0 0.46604497354497354 0.5411011904761904 0.02896164021164019 0.016788194444444345
0 0.45467592592592593 0.5307266865079365 0.01909391534391527 0.010518353174603139
0 0.4175628306878307 0.5106994047619048 0.026385582010581998 0.01711805555555561
0 0.38324074074074077 0.5176165674603175 0.026385582010581998 0.01486607142857133
0 0.4164914021164021 0.5436755952380952 0.0285317460317461 0.015500992063492064
0 0.47452050264550266 0.5641071428571428 0.030889550264550217 0.014531250000000035
0 0.4676554232804233 0.5427926587301587 0.017162698412698442 0.0121230158730159
0 0.5073412698412698 0.552202380952381 0.02359788359788364 0.016463293650793676
0 0.5500297619047619 0.5257390873015874 0.0188789682539683 0.016631944444444543
0 0.5723412698412699 0.5438368055555556 0.020595238095238163 0.012606646825396807
0 0.5444543650793651 0.5678869047619047 0.016302910052910114 0.01082837301587298
0 0.5161375661375661 0.5744816468253968 0.019735449735449682 0.014367559523809597
0 0.509593253968254 0.5936259920634921 0.02595568783068776 0.017256944444444425
0 0.4726951058201058 0.5896031746031747 0.020806878306878333 0.01886656746031739
0 0.38838955026455024 0.5633010912698413 0.019520502645502712 0.016138392857142785
0 0.3320767195767196 0.566922123015873 0.020595238095238125 0.015334821428571411
0 0.3623247354497355 0.5817212301587301 0.0253141534391535 0.01919146825396828
0 0.38924603174603173 0.5952356150793651 0.021236772486772422 0.01404017857142849
0 0.43343915343915346 0.6114012896825397 0.015231481481481464 0.012586805555555556
0 0.5426289682539683 0.5966021825396826 0.014801587301587375 0.021599702380952417
0 0.5416633597883598 0.5702207341269842 0.015016534391534343 0.013886408730158676
0 0.5586111111111112 0.5868700396825397 0.0188789682539683 0.01661458333333328
0 0.5770601851851852 0.5748859126984127 0.012870370370370395 0.013561507936508009
0 0.6096660052910053 0.5672445436507937 0.018019179894179824 0.01597718253968256
0 0.6245767195767196 0.5878348214285715 0.02423941798941805 0.018546626984126922
0 0.5728769841269842 0.6081051587301588 0.019520502645502712 0.01403521825396829
0 0.6053769841269842 0.6017485119047619 0.035181878306878266 0.01902529761904763
0 0.606984126984127 0.6191245039682539 0.02338293650793652 0.015158730158730132
0 0.6135284391534391 0.638266369047619 0.02574404761904759 0.018048115079365188
0 0.5609722222222222 0.6253174603174604 0.019305555555555593 0.013065476190476263
0 0.5783465608465609 0.6451041666666667 0.02402777777777773 0.0172420634920636
0 0.540162037037037 0.6367385912698412 0.02488425925925926 0.019818948412698375
0 0.536087962962963 0.6550768849206349 0.021021825396825452 0.017884424603174524
0 0.4804199735449735 0.6335218253968254 0.01909391534391527 0.01338541666666673
0 0.5148478835978836 0.6461483134920635 0.017162698412698442 0.01772569444444451
0 0.5040145502645503 0.6634424603174603 0.02338293650793652 0.015307539682539745
0 0.48234788359788355 0.6780803571428572 0.035823412698412674 0.022058531746031645
0 0.44856150793650795 0.6808978174603175 0.01758928571428573 0.016428571428571376
0 0.4174570105820106 0.6935243055555556 0.019735449735449682 0.014332837301587293
0 0.37583994708994706 0.6799305555555556 0.013730158730158724 0.014499007936507945
0 0.4028703703703704 0.6688318452380952 0.016302910052910114 0.008387896825396753
0 0.4130588624338624 0.6504935515873016 0.02166666666666666 0.01032490079365082
0 0.4380522486772487 0.63875 0.018019179894179824 0.015796130952380853
0 0.38045304232804233 0.6393129960317461 0.025099206349206378 0.012095734126984236
0 0.4004034391534391 0.6223412698412699 0.017804232804232854 0.008722718253968273
0 0.5370535714285715 0.6562028769841269 0.012228835978835985 0.01048363095238106
0 0.5762003968253968 0.6434151785714286 0.019735449735449682 0.009037698412698313
0 0.6159953703703703 0.6430927579365079 0.02423941798941805 0.014828869047619039
0 0.6519279100529101 0.6871701388888889 0.029603174603174597 0.012886904761904771
0 0.5070205026455027 0.46485119047619045 0.012228835978835985 0.018740079365079352
0 0.41059193121693127 0.715483630952381 0.031749338624338694 0.01802827380952371
0 0.5071263227513227 0.6623164682539683 0.0188789682539683 0.016272321428571348