0 0 0.1171875 0.0140625 0.1234375 0.04375 0.1515625 0.04375 0.1578125 0.040625 0.1625 0.028125 0.16875 0.01875 0.16875 0 0.159375 0 0.11875
0 0.4125 0.5015625 0.4375 0.5109375 0.45 0.5234375 0.45 0.53125 0.446875 0.5359375 0.434375 0.5421875 0.415625 0.540625 0.3921875 0.5296875 0.3875 0.5296875 0.375 0.5234375 0.36875 0.5171875 0.3671875 0.509375 0.3703125 0.503125 0.378125 0.4984375 0.4 0.496875 0.4109375 0.5015625
0 0.3109375 0.5109375 0.35 0.521875 0.3609375 0.5296875 0.3640625 0.540625 0.3578125 0.5484375 0.346875 0.553125 0.3265625 0.5515625 0.3109375 0.5453125 0.290625 0.540625 0.28125 0.534375 0.278125 0.5296875 0.278125 0.521875 0.2859375 0.5125 0.29375 0.509375 0.309375 0.5109375
0 0.75625 0.509375 0.7640625 0.515625 0.7671875 0.5265625 0.74375 0.575 0.7375 0.5828125 0.7234375 0.5890625 0.7125 0.5890625 0.6984375 0.5828125 0.690625 0.5734375 0.690625 0.5625 0.709375 0.5265625 0.7203125 0.5125 0.734375 0.50625 0.7484375 0.50625 0.7546875 0.509375
0 0.475 0.4703125 0.484375 0.475 0.49375 0.484375 0.525 0.5234375 0.525 0.5359375 0.5171875 0.54375 0.509375 0.546875 0.4859375 0.5453125 0.4734375 0.5328125 0.4421875 0.4921875 0.4421875 0.484375 0.4515625 0.4734375 0.459375 0.4703125 0.4734375 0.4703125
0 0.478125 0.5390625 0.4859375 0.55 0.4921875 0.5875 0.4859375 0.596875 0.4734375 0.6015625 0.459375 0.6 0.45 0.5921875 0.446875 0.5859375 0.440625 0.55 0.4421875 0.5453125 0.453125 0.5359375 0.4703125 0.5359375 0.4765625 0.5390625
0 0.0375 0 0.1265625 0 0.128125 0.0046875 0.1203125 0.0203125 0.1 0.0203125 0.06875 0.0125 0.059375 0.0125 0.0375 0.0015625
0 0.3328125 0.5609375 0.3390625 0.56875 0.3390625 0.575 0.3421875 0.5796875 0.3421875 0.5875 0.346875 0.5984375 0.346875 0.6109375 0.3390625 0.61875 0.33125 0.621875 0.3140625 0.621875 0.303125 0.6140625 0.29375 0.5796875 0.29375 0.56875 0.3 0.5609375 0.315625 0.55625 0.33125 0.5609375
0 0.5984375 0.45 0.6078125 0.453125 0.6421875 0.4875 0.6515625 0.5 0.653125 0.5046875 0.6515625 0.515625 0.6421875 0.5234375 0.6328125 0.5265625 0.61875 0.525 0.6078125 0.51875 0.5671875 0.4734375 0.565625 0.4671875 0.5671875 0.4609375 0.575 0.453125 0.5828125 0.45 0.596875 0.45
0 0.5609375 0.5578125 0.571875 0.5640625 0.5765625 0.571875 0.5765625 0.58125 0.571875 0.5890625 0.534375 0.61875 0.5203125 0.628125 0.509375 0.63125 0.4921875 0.628125 0.4828125 0.6203125 0.48125 0.6171875 0.4828125 0.603125 0.5 0.5875 0.5359375 0.5609375 0.5421875 0.5578125 0.559375 0.5578125
0 0.6140625 0.53125 0.6546875 0.5625 0.6671875 0.575 0.6671875 0.5828125 0.6625 0.5921875 0.6515625 0.5984375 0.640625 0.6 0.625 0.5953125 0.58125 0.5609375 0.5703125 0.5484375 0.571875 0.5375 0.5828125 0.528125 0.6046875 0.5265625 0.6125 0.53125
0 0.34375 0.6375 0.378125 0.64375 0.3921875 0.6546875 0.39375 0.6640625 0.390625 0.671875 0.384375 0.678125 0.371875 0.6828125 0.346875 0.68125 0.3296875 0.6765625 0.296875 0.671875 0.2859375 0.6671875 0.278125 0.659375 0.278125 0.646875 0.2890625 0.6359375 0.2984375 0.6328125 0.315625 0.6328125 0.325 0.6359375 0.3421875 0.6375