0 0.6087962962962963 0.7405753968253969 0.623015873015873 0.7512400793650794 0.6259920634920635 0.7621527777777778 0.6203703703703703 0.7718253968253969 0.6064814814814815 0.7770337301587301 0.5922619047619048 0.7750496031746031 0.5823412698412699 0.765625 0.5787037037037037 0.7581845238095238 0.580026455026455 0.7537202380952381 0.5916005291005291 0.7433035714285714 0.6084656084656085 0.7405753968253969
0 0.6283068783068783 0.5372023809523809 0.6365740740740741 0.5396825396825397 0.6441798941798942 0.5451388888888888 0.6478174603174603 0.5500992063492064 0.6478174603174603 0.5555555555555556 0.644510582010582 0.5637400793650794 0.6395502645502645 0.5674603174603174 0.6243386243386243 0.5714285714285714 0.6164021164021164 0.5701884920634921 0.6091269841269841 0.5662202380952381 0.6048280423280423 0.5607638888888888 0.6031746031746031 0.5525793650793651 0.605489417989418 0.5466269841269841 0.6134259259259259 0.5396825396825397 0.6279761904761905 0.5372023809523809
0 0.5777116402116402 0.550843253968254 0.5849867724867724 0.5520833333333334 0.5912698412698413 0.5565476190476191 0.595568783068783 0.5642361111111112 0.5958994708994709 0.5709325396825397 0.5892857142857143 0.5786210317460317 0.5744047619047619 0.5833333333333334 0.5608465608465608 0.5815972222222222 0.5555555555555556 0.578125 0.5525793650793651 0.5704365079365079 0.5555555555555556 0.5595238095238095 0.5598544973544973 0.5543154761904762 0.5681216931216931 0.5510912698412699 0.5773809523809523 0.550843253968254
0 0.5363756613756614 0.5796130952380952 0.5486111111111112 0.5875496031746031 0.5509259259259259 0.5984623015873016 0.5472883597883598 0.6061507936507936 0.5327380952380952 0.613343253968254 0.521494708994709 0.6128472222222222 0.5122354497354498 0.609375 0.5056216931216931 0.6024305555555556 0.5049603174603174 0.5982142857142857 0.5066137566137566 0.591765873015873 0.515542328042328 0.5806051587301587 0.5360449735449735 0.5796130952380952
0 0.5816798941798942 0.511656746031746 0.595568783068783 0.5193452380952381 0.5995370370370371 0.5275297619047619 0.5962301587301587 0.5414186507936508 0.5836640211640212 0.5486111111111112 0.5674603174603174 0.5463789682539683 0.5595238095238095 0.5404265873015873 0.5548941798941799 0.5310019841269841 0.5582010582010583 0.5218253968253969 0.566468253968254 0.5141369047619048 0.5813492063492064 0.511656746031746
0 0.5317460317460317 0.5441468253968254 0.5466269841269841 0.5481150793650794 0.5545634920634921 0.5572916666666666 0.5509259259259259 0.5706845238095238 0.5443121693121693 0.576140873015873 0.5343915343915344 0.5793650793650794 0.5224867724867724 0.5788690476190477 0.515542328042328 0.5753968253968254 0.5082671957671958 0.566468253968254 0.5069444444444444 0.5610119047619048 0.5105820105820106 0.5515873015873016 0.5171957671957672 0.5458829365079365 0.531415343915344 0.5441468253968254
0 0.4365079365079365 0.6480654761904762 0.4513888888888889 0.6545138888888888 0.4566798941798942 0.6649305555555556 0.45105820105820105 0.6788194444444444 0.44642857142857145 0.6825396825396826 0.43783068783068785 0.6850198412698413 0.4226190476190476 0.6827876984126984 0.41435185185185186 0.675843253968254 0.4103835978835979 0.6686507936507936 0.4113756613756614 0.6589781746031746 0.41798941798941797 0.6510416666666666 0.4279100529100529 0.6475694444444444 0.43617724867724866 0.6480654761904762
0 0.4947089947089947 0.5622519841269841 0.5076058201058201 0.5679563492063492 0.5132275132275133 0.5768849206349206 0.5132275132275133 0.5818452380952381 0.5085978835978836 0.5895337301587301 0.49503968253968256 0.5952380952380952 0.47784391534391535 0.5920138888888888 0.4705687830687831 0.5853174603174603 0.4679232804232804 0.5786210317460317 0.4712301587301587 0.5657242063492064 0.49437830687830686 0.5622519841269841
0 0.5535714285714286 0.48586309523809523 0.5671296296296297 0.4908234126984127 0.5720899470899471 0.49776785714285715 0.5687830687830688 0.5101686507936508 0.560515873015873 0.5166170634920635 0.5535714285714286 0.5181051587301587 0.5363756613756614 0.5146329365079365 0.529431216931217 0.5099206349206349 0.5281084656084656 0.5052083333333334 0.5340608465608465 0.49032738095238093 0.5426587301587301 0.486359126984127 0.5532407407407407 0.48586309523809523
0 0.48115079365079366 0.5295138888888888 0.498015873015873 0.5384424603174603 0.5013227513227513 0.5510912698412699 0.49933862433862436 0.5572916666666666 0.4947089947089947 0.5612599206349206 0.476521164021164 0.564484126984127 0.4669312169312169 0.5629960317460317 0.4599867724867725 0.5580357142857143 0.45601851851851855 0.5466269841269841 0.46296296296296297 0.5347222222222222 0.4751984126984127 0.529265873015873 0.4808201058201058 0.5295138888888888
0 0.49173280423280424 0.5029761904761905 0.5082671957671958 0.5071924603174603 0.515542328042328 0.5193452380952381 0.5132275132275133 0.5270337301587301 0.4973544973544973 0.5334821428571429 0.4771825396825397 0.527281746031746 0.4722222222222222 0.5193452380952381 0.47255291005291006 0.5089285714285714 0.478505291005291 0.5047123015873016 0.4914021164021164 0.5029761904761905
0 0.5085978835978836 0.46899801587301587 0.5261243386243386 0.4759424603174603 0.531084656084656 0.48462301587301587 0.5300925925925926 0.49007936507936506 0.5228174603174603 0.4982638888888889 0.5062830687830688 0.5044642857142857 0.4947089947089947 0.5029761904761905 0.4877645502645503 0.49875992063492064 0.4834656084656085 0.48561507936507936 0.4914021164021164 0.4732142857142857 0.4973544973544973 0.47023809523809523 0.5082671957671958 0.46899801587301587
0 0.4497354497354497 0.49404761904761907 0.46296296296296297 0.49776785714285715 0.4705687830687831 0.5081845238095238 0.4705687830687831 0.5153769841269841 0.4669312169312169 0.5225694444444444 0.4540343915343915 0.5280257936507936 0.439484126984127 0.5257936507936508 0.43187830687830686 0.5208333333333334 0.4279100529100529 0.5151289682539683 0.42857142857142855 0.5071924603174603 0.4332010582010582 0.5012400793650794 0.43915343915343913 0.49677579365079366 0.4494047619047619 0.49404761904761907
0 0.3802910052910053 0.5617559523809523 0.3898809523809524 0.5642361111111112 0.40046296296296297 0.5746527777777778 0.39880952380952384 0.5823412698412699 0.3941798941798942 0.5880456349206349 0.3878968253968254 0.5930059523809523 0.3802910052910053 0.5952380952380952 0.3726851851851852 0.5952380952380952 0.3627645502645503 0.5922619047619048 0.353505291005291 0.5818452380952381 0.35912698412698413 0.5672123015873016 0.36574074074074076 0.5634920634920635 0.37996031746031744 0.5617559523809523
0 0.29298941798941797 0.6884920634920635 0.30158730158730157 0.6919642857142857 0.30522486772486773 0.6959325396825397 0.30687830687830686 0.7098214285714286 0.2996031746031746 0.7212301587301587 0.28273809523809523 0.7266865079365079 0.27314814814814814 0.7254464285714286 0.2648809523809524 0.7202380952380952 0.2605820105820106 0.7135416666666666 0.26025132275132273 0.7061011904761905 0.26455026455026454 0.6984126984126984 0.27215608465608465 0.6917162698412699 0.28075396825396826 0.6889880952380952 0.2926587301587302 0.6884920634920635
0 0.4044312169312169 0.5250496031746031 0.41534391534391535 0.5302579365079365 0.42162698412698413 0.5436507936507936 0.4173280423280423 0.5533234126984127 0.4041005291005291 0.5582837301587301 0.3869047619047619 0.5562996031746031 0.37962962962962965 0.5510912698412699 0.37632275132275134 0.5443948412698413 0.3773148148148148 0.5364583333333334 0.3835978835978836 0.5290178571428571 0.3921957671957672 0.5257936507936508 0.4041005291005291 0.5250496031746031
0 0.3177910052910053 0.6183035714285714 0.33035714285714285 0.6225198412698413 0.33994708994708994 0.6336805555555556 0.335978835978836 0.6463293650793651 0.33101851851851855 0.6512896825396826 0.3247354497354497 0.6527777777777778 0.31382275132275134 0.6525297619047619 0.3012566137566138 0.6473214285714286 0.29398148148148145 0.640625 0.2919973544973545 0.6344246031746031 0.29298941798941797 0.6277281746031746 0.3002645502645503 0.6212797619047619 0.31746031746031744 0.6183035714285714
0 0.47453703703703703 0.43601190476190477 0.49007936507936506 0.44246031746031744 0.49603174603174605 0.45262896825396826 0.4947089947089947 0.4585813492063492 0.4877645502645503 0.466765873015873 0.4755291005291005 0.46924603174603174 0.4666005291005291 0.46850198412698413 0.458994708994709 0.4652777777777778 0.45105820105820105 0.4548611111111111 0.45271164021164023 0.4459325396825397 0.458994708994709 0.43898809523809523 0.4662698412698413 0.4357638888888889 0.4742063492063492 0.43601190476190477
0 0.4441137566137566 0.46056547619047616 0.44907407407407407 0.4623015873015873 0.4566798941798942 0.46999007936507936 0.4583333333333333 0.4806547619047619 0.45105820105820105 0.48908730158730157 0.43882275132275134 0.49330357142857145 0.42956349206349204 0.4928075396825397 0.42228835978835977 0.4895833333333333 0.4166666666666667 0.48412698412698413 0.4146825396825397 0.47643849206349204 0.4173280423280423 0.4697420634920635 0.4269179894179894 0.46304563492063494 0.4437830687830688 0.46056547619047616
0 0.42162698412698413 0.42311507936507936 0.4351851851851852 0.4320436507936508 0.43783068783068785 0.44221230158730157 0.4341931216931217 0.45362103174603174 0.4289021164021164 0.4583333333333333 0.421957671957672 0.46081349206349204 0.4113756613756614 0.4600694444444444 0.4007936507936508 0.4558531746031746 0.39384920634920634 0.44990079365079366 0.3912037037037037 0.44345238095238093 0.39285714285714285 0.43353174603174605 0.40046296296296297 0.42509920634920634 0.41005291005291006 0.4228670634920635 0.4212962962962963 0.42311507936507936
0 0.3568121693121693 0.44518849206349204 0.3716931216931217 0.4489087301587302 0.3812830687830688 0.46056547619047616 0.3773148148148148 0.4722222222222222 0.37003968253968256 0.4779265873015873 0.3611111111111111 0.48040674603174605 0.34424603174603174 0.4774305555555556 0.3343253968253968 0.4635416666666667 0.3353174603174603 0.4568452380952381 0.34093915343915343 0.4496527777777778 0.3488756613756614 0.4459325396825397 0.35648148148148145 0.44518849206349204
0 0.3611111111111111 0.3539186507936508 0.37665343915343913 0.36061507936507936 0.38326719576719576 0.3663194444444444 0.38525132275132273 0.3712797619047619 0.3812830687830688 0.3841765873015873 0.36243386243386244 0.3916170634920635 0.35548941798941797 0.39112103174603174 0.3449074074074074 0.38566468253968256 0.3382936507936508 0.37822420634920634 0.335978835978836 0.3705357142857143 0.3376322751322751 0.36408730158730157 0.3435846560846561 0.35887896825396826 0.36078042328042326 0.3539186507936508
0 0.3548280423280423 0.30679563492063494 0.36574074074074076 0.3142361111111111 0.3716931216931217 0.3236607142857143 0.3664021164021164 0.33705357142857145 0.35648148148148145 0.3430059523809524 0.33895502645502645 0.33878968253968256 0.330026455026455 0.3315972222222222 0.32671957671957674 0.3244047619047619 0.328042328042328 0.31746031746031744 0.3349867724867725 0.3082837301587302 0.34424603174603174 0.30580357142857145 0.3544973544973545 0.30679563492063494