0 0.4609375 0.8625 0.4703125 0.865625 0.4796875 0.8734375 0.4828125 0.8796875 0.4828125 0.8875 0.4765625 0.8953125 0.4546875 0.9109375 0.4328125 0.921875 0.4234375 0.9203125 0.415625 0.915625 0.4078125 0.9046875 0.4078125 0.896875 0.415625 0.8859375 0.434375 0.871875 0.4453125 0.865625 0.459375 0.8625
0 0.446875 0.384375 0.4515625 0.378125 0.4734375 0.3703125 0.4796875 0.36875 0.4953125 0.3703125 0.5015625 0.3765625 0.5015625 0.384375 0.4953125 0.3890625 0.4703125 0.396875 0.4578125 0.396875 0.4484375 0.3890625 0.4484375 0.3859375
0 0.8625 0.6296875 0.890625 0.6375 0.9171875 0.6484375 0.9234375 0.653125 0.9265625 0.6609375 0.9234375 0.66875 0.9109375 0.675 0.9015625 0.675 0.8578125 0.659375 0.8484375 0.6515625 0.8453125 0.640625 0.8515625 0.6328125 0.8609375 0.63125
0 0.634375 0.221875 0.6390625 0.2234375 0.6390625 0.228125 0.6296875 0.2328125 0.6234375 0.240625 0.6 0.240625 0.5921875 0.2359375 0.590625 0.2296875 0.59375 0.225 0.603125 0.221875 0.6328125 0.221875
0 0.5125 0.1875 0.521875 0.1921875 0.5234375 0.2015625 0.5140625 0.20625 0.5 0.2078125 0.4828125 0.2078125 0.478125 0.203125 0.4765625 0.1953125 0.4796875 0.1921875 0.490625 0.1890625 0.5109375 0.1875
0 0.6859375 0.121875 0.690625 0.1234375 0.6921875 0.134375 0.6828125 0.1453125 0.671875 0.15 0.659375 0.1484375 0.65625 0.1375 0.66875 0.125 0.6765625 0.121875 0.684375 0.121875
0 0.384375 0.5640625 0.390625 0.5671875 0.396875 0.575 0.3953125 0.5828125 0.3890625 0.5875 0.3515625 0.5859375 0.340625 0.58125 0.334375 0.575 0.3359375 0.565625 0.3421875 0.5609375 0.353125 0.559375 0.3828125 0.5640625
0 0.5109375 0.25 0.5171875 0.2609375 0.51875 0.2734375 0.5125 0.278125 0.5046875 0.2796875 0.4921875 0.2734375 0.4859375 0.25625 0.49375 0.2484375 0.509375 0.25
0 0.6921875 0.2015625 0.7 0.2046875 0.7015625 0.209375 0.7 0.2171875 0.690625 0.221875 0.6671875 0.228125 0.6546875 0.225 0.6515625 0.2203125 0.6515625 0.2140625 0.6578125 0.209375 0.690625 0.2015625
0 0.4859375 0.2140625 0.4921875 0.2171875 0.49375 0.228125 0.484375 0.2328125 0.4734375 0.234375 0.453125 0.234375 0.4484375 0.228125 0.446875 0.2234375 0.4484375 0.2203125 0.459375 0.215625 0.484375 0.2140625
0 0.63125 0.203125 0.6421875 0.2078125 0.6421875 0.2171875 0.6375 0.221875 0.625 0.2203125 0.5953125 0.221875 0.59375 0.21875 0.59375 0.209375 0.5984375 0.20625 0.6296875 0.203125
0 0.671875 0.2359375 0.675 0.240625 0.675 0.2453125 0.6671875 0.253125 0.6515625 0.253125 0.63125 0.2484375 0.6265625 0.24375 0.6265625 0.2390625 0.6296875 0.234375 0.640625 0.2296875 0.6703125 0.2359375
0 0.671875 0.1796875 0.675 0.18125 0.6765625 0.1859375 0.6765625 0.2015625 0.6625 0.2078125 0.653125 0.2078125 0.65 0.2046875 0.6484375 0.1859375 0.65 0.1828125 0.65625 0.1796875 0.6703125 0.1796875
0 0.4984375 0.9515625 0.5140625 0.95625 0.5234375 0.965625 0.525 0.9796875 0.5234375 0.9890625 0.51875 0.9984375 0.46875 0.9984375 0.4703125 0.984375 0.4765625 0.9625 0.484375 0.953125 0.496875 0.9515625