0 0.56875 0.3453125 0.5734375 0.346875 0.5796875 0.353125 0.5796875 0.359375 0.575 0.365625 0.5625 0.36875 0.5375 0.36875 0.5296875 0.3625 0.528125 0.3515625 0.534375 0.346875 0.54375 0.3453125 0.5671875 0.3453125
0 0.521875 0.4328125 0.5265625 0.4375 0.53125 0.45 0.53125 0.4625 0.5265625 0.4671875 0.5171875 0.4671875 0.50625 0.4640625 0.5 0.4546875 0.496875 0.4421875 0.496875 0.4375 0.5046875 0.43125 0.5203125 0.4328125
0 0.51875 0.534375 0.521875 0.5375 0.5203125 0.540625 0.509375 0.5390625 0.5125 0.534375 0.5171875 0.534375
0 0 0.3734375 0.0078125 0.3734375 0.0140625 0.3765625 0.0203125 0.384375 0.0203125 0.3890625 0.0140625 0.3953125 0 0.3984375 0 0.375
0 0.45 0.484375 0.4578125 0.490625 0.4625 0.5078125 0.4625 0.515625 0.4546875 0.5234375 0.440625 0.5234375 0.434375 0.5171875 0.434375 0.5125 0.428125 0.5015625 0.428125 0.4890625 0.43125 0.4859375 0.4484375 0.484375
0 0.5578125 0.39375 0.56875 0.4 0.5703125 0.4078125 0.5640625 0.415625 0.5453125 0.4265625 0.528125 0.425 0.525 0.421875 0.5234375 0.4125 0.528125 0.40625 0.540625 0.3984375 0.55625 0.39375
0 0.2796875 0.303125 0.290625 0.3046875 0.290625 0.309375 0.28125 0.309375 0.2796875 0.3046875
0 0.4765625 0.78125 0.4859375 0.7890625 0.484375 0.8 0.478125 0.80625 0.453125 0.821875 0.4375 0.821875 0.43125 0.81875 0.428125 0.8140625 0.4296875 0.803125 0.4609375 0.78125 0.475 0.78125
0 0.1515625 0.8609375 0.1703125 0.8671875 0.18125 0.875 0.18125 0.88125 0.178125 0.8875 0.165625 0.8953125 0.146875 0.8953125 0.1421875 0.8921875 0.125 0.8890625 0.115625 0.884375 0.1140625 0.88125 0.1125 0.8765625 0.1171875 0.8671875 0.1234375 0.8625 0.13125 0.859375 0.15 0.8609375
0 0.4 0.56953125 0.040625 0.04375
0 0.4078125 0.51640625 0.05625 0.0265625
0 0.553125 0.428125 0.575 0.434375 0.584375 0.440625 0.5859375 0.446875 0.5765625 0.45625 0.5609375 0.45625 0.5390625 0.45 0.5359375 0.446875 0.5328125 0.4390625 0.534375 0.434375 0.54375 0.428125 0.5515625 0.428125
0 0.3234375 0.409375 0.03515625 0.03828125
0 0.421875 0.371875 0.4265625 0.375 0.4375 0.39375 0.4375 0.4 0.43125 0.4046875 0.415625 0.4046875 0.4078125 0.396875 0.3984375 0.38125 0.3984375 0.375 0.403125 0.371875 0.4078125 0.3703125 0.4203125 0.371875
0 0 0.2703125 0.0109375 0.271875 0.01875 0.28125 0.0171875 0.290625 0.00625 0.3015625 0 0.303125 0 0.271875
0 0.515625 0.4671875 0.528125 0.4703125 0.5328125 0.4765625 0.5296875 0.4859375 0.525 0.4890625 0.4984375 0.4890625 0.4890625 0.4875 0.48125 0.4828125 0.478125 0.4765625 0.478125 0.4703125 0.484375 0.465625 0.4984375 0.4640625 0.5140625 0.4671875
0 0.553125 0.4890625 0.03203125 0.0421875
0 0.6421875 0.409375 0.6453125 0.4125 0.64375 0.425 0.6140625 0.4296875 0.603125 0.4296875 0.5953125 0.4265625 0.59375 0.4125 0.6 0.409375 0.615625 0.4078125 0.6390625 0.4078125 0.640625 0.409375
0 0.3640625 0.43125 0.36875 0.4359375 0.3765625 0.4546875 0.3765625 0.4640625 0.36875 0.4671875 0.359375 0.4671875 0.353125 0.4609375 0.3453125 0.4390625 0.3453125 0.4359375 0.3515625 0.43125 0.3625 0.43125