0 0.6795634920634921 0.6423611111111112 0.689484126984127 0.6500496031746031 0.6924603174603174 0.660218253968254 0.6865079365079365 0.6693948412698413 0.6752645502645502 0.6746031746031746 0.6593915343915344 0.671875 0.6507936507936508 0.6646825396825397 0.6474867724867724 0.6577380952380952 0.654431216931217 0.6468253968253969 0.6590608465608465 0.6438492063492064 0.6709656084656085 0.6408730158730159 0.6792328042328042 0.6423611111111112
0 0.6388888888888888 0.6584821428571429 0.6484788359788359 0.6626984126984127 0.6554232804232805 0.6716269841269841 0.6554232804232805 0.675843253968254 0.6491402116402116 0.6857638888888888 0.6375661375661376 0.6907242063492064 0.6213624338624338 0.6884920634920635 0.6147486772486772 0.6803075396825397 0.6140873015873016 0.6750992063492064 0.6154100529100529 0.667906746031746 0.6203703703703703 0.6626984126984127 0.6296296296296297 0.6589781746031746 0.638558201058201 0.6584821428571429
0 0.6031746031746031 0.6748511904761905 0.6157407407407407 0.6815476190476191 0.6200396825396826 0.6924603174603174 0.6140873015873016 0.7028769841269841 0.6091269841269841 0.7063492063492064 0.6031746031746031 0.7073412698412699 0.5922619047619048 0.7068452380952381 0.5853174603174603 0.7043650793650794 0.5763888888888888 0.6929563492063492 0.5777116402116402 0.6872519841269841 0.5922619047619048 0.6753472222222222 0.6028439153439153 0.6748511904761905
0 0.6312830687830688 0.6225198412698413 0.6451719576719577 0.6264880952380952 0.6514550264550265 0.6304563492063492 0.654431216931217 0.6346726190476191 0.6550925925925926 0.6431051587301587 0.6455026455026455 0.6560019841269841 0.6306216931216931 0.6574900793650794 0.6213624338624338 0.6547619047619048 0.6154100529100529 0.6502976190476191 0.6121031746031746 0.6359126984126984 0.6157407407407407 0.6279761904761905 0.6309523809523809 0.6225198412698413
0 0.5684523809523809 0.6989087301587301 0.5783730158730159 0.7016369047619048 0.5833333333333334 0.7056051587301587 0.5876322751322751 0.7170138888888888 0.5790343915343915 0.7286706349206349 0.5667989417989417 0.7316468253968254 0.5572089947089947 0.7309027777777778 0.5502645502645502 0.7279265873015873 0.5433201058201058 0.7219742063492064 0.5393518518518519 0.7130456349206349 0.5446428571428571 0.7056051587301587 0.5512566137566137 0.7018849206349206 0.5681216931216931 0.6989087301587301
0 0.5710978835978836 0.6520337301587301 0.5823412698412699 0.6564980158730159 0.5906084656084656 0.6693948412698413 0.5889550264550265 0.6765873015873016 0.5744047619047619 0.6872519841269841 0.5575396825396826 0.6832837301587301 0.5456349206349206 0.6691468253968254 0.5512566137566137 0.6574900793650794 0.560515873015873 0.6530257936507936 0.5707671957671958 0.6520337301587301
0 0.6438492063492064 0.5696924603174603 0.654431216931217 0.5711805555555556 0.6653439153439153 0.5783730158730159 0.6663359788359788 0.5885416666666666 0.6617063492063492 0.5987103174603174 0.6537698412698413 0.6026785714285714 0.6418650793650794 0.6034226190476191 0.6319444444444444 0.6011904761904762 0.625 0.5959821428571429 0.6226851851851852 0.5868055555555556 0.6256613756613757 0.5756448412698413 0.6332671957671958 0.5706845238095238 0.6435185185185185 0.5699404761904762
0 0.6150793650793651 0.5947420634920635 0.6299603174603174 0.6019345238095238 0.6335978835978836 0.6128472222222222 0.6299603174603174 0.6202876984126984 0.6124338624338624 0.6267361111111112 0.6025132275132276 0.6247519841269841 0.5949074074074074 0.6195436507936508 0.5912698412698413 0.6091269841269841 0.5988756613756614 0.5967261904761905 0.6147486772486772 0.5947420634920635
0 0.5879629629629629 0.6197916666666666 0.6028439153439153 0.6267361111111112 0.6084656084656085 0.636656746031746 0.6031746031746031 0.6475694444444444 0.5952380952380952 0.6530257936507936 0.5886243386243386 0.6547619047619048 0.576058201058201 0.6517857142857143 0.5658068783068783 0.6413690476190477 0.5674603174603174 0.6287202380952381 0.5710978835978836 0.6232638888888888 0.578042328042328 0.6200396825396826 0.5876322751322751 0.6197916666666666
0 0.5390211640211641 0.6708829365079365 0.5466269841269841 0.6731150793650794 0.5522486772486772 0.6785714285714286 0.5548941798941799 0.6827876984126984 0.5548941798941799 0.6907242063492064 0.548941798941799 0.6999007936507936 0.5370370370370371 0.7041170634920635 0.5171957671957672 0.6969246031746031 0.5138888888888888 0.6924603174603174 0.513558201058201 0.6837797619047619 0.5158730158730159 0.6778273809523809 0.5201719576719577 0.6750992063492064 0.5327380952380952 0.6708829365079365 0.5386904761904762 0.6708829365079365
0 0.5158730158730159 0.6979166666666666 0.533068783068783 0.7053571428571429 0.5367063492063492 0.7137896825396826 0.5297619047619048 0.7274305555555556 0.5152116402116402 0.732390873015873 0.5049603174603174 0.7316468253968254 0.49636243386243384 0.7271825396825397 0.49107142857142855 0.7127976190476191 0.4947089947089947 0.7061011904761905 0.5006613756613757 0.7016369047619048 0.515542328042328 0.6979166666666666
0 0.6927910052910053 0.513640873015873 0.7027116402116402 0.515625 0.7099867724867724 0.5198412698412699 0.7132936507936508 0.5252976190476191 0.7132936507936508 0.5322420634920635 0.7060185185185185 0.5414186507936508 0.6908068783068783 0.5458829365079365 0.6818783068783069 0.5451388888888888 0.6749338624338624 0.5414186507936508 0.6693121693121693 0.533234126984127 0.6689814814814815 0.5285218253968254 0.6752645502645502 0.5181051587301587 0.6822089947089947 0.5146329365079365 0.6924603174603174 0.513640873015873
0 0.6408730158730159 0.5349702380952381 0.6534391534391535 0.5394345238095238 0.6613756613756614 0.5498511904761905 0.658068783068783 0.5592757936507936 0.6418650793650794 0.5672123015873016 0.6299603174603174 0.5652281746031746 0.6233465608465608 0.5615079365079365 0.6197089947089947 0.5572916666666666 0.6183862433862434 0.5503472222222222 0.6197089947089947 0.544890873015873 0.6266534391534392 0.5384424603174603 0.6326058201058201 0.535218253968254 0.640542328042328 0.5349702380952381
0 0.5992063492063492 0.5620039682539683 0.6124338624338624 0.5639880952380952 0.6207010582010583 0.5704365079365079 0.6226851851851852 0.5746527777777778 0.6207010582010583 0.5865575396825397 0.6121031746031746 0.5930059523809523 0.603505291005291 0.5947420634920635 0.5902777777777778 0.5932539682539683 0.5806878306878307 0.5860615079365079 0.5773809523809523 0.5791170634920635 0.5773809523809523 0.5731646825396826 0.5813492063492064 0.5672123015873016 0.5988756613756614 0.5620039682539683
0 0.546957671957672 0.6170634920634921 0.5591931216931217 0.6192956349206349 0.5654761904761905 0.623015873015873 0.5671296296296297 0.6264880952380952 0.5621693121693122 0.6438492063492064 0.5552248677248677 0.6478174603174603 0.5479497354497355 0.6490575396825397 0.5340608465608465 0.6455853174603174 0.5264550264550265 0.6388888888888888 0.5248015873015873 0.6339285714285714 0.5251322751322751 0.6264880952380952 0.5284391534391535 0.6217757936507936 0.5363756613756614 0.6180555555555556 0.5466269841269841 0.6170634920634921
0 0.5753968253968254 0.5865575396825397 0.5856481481481481 0.5905257936507936 0.5925925925925926 0.5982142857142857 0.5896164021164021 0.6103670634920635 0.5859788359788359 0.6140873015873016 0.576058201058201 0.6175595238095238 0.5595238095238095 0.6165674603174603 0.5496031746031746 0.609375 0.5466269841269841 0.6021825396825397 0.5482804232804233 0.5947420634920635 0.5522486772486772 0.5912698412698413 0.5641534391534392 0.5860615079365079 0.5750661375661376 0.5865575396825397
0 0.5234788359788359 0.6393849206349206 0.5363756613756614 0.6465773809523809 0.5396825396825397 0.6567460317460317 0.5340608465608465 0.6693948412698413 0.5191798941798942 0.6750992063492064 0.5095899470899471 0.6733630952380952 0.5006613756613757 0.6664186507936508 0.49702380952380953 0.6537698412698413 0.5042989417989417 0.6433531746031746 0.5152116402116402 0.6396329365079365 0.5231481481481481 0.6393849206349206
0 0.49636243386243384 0.6676587301587301 0.5099206349206349 0.6753472222222222 0.5128968253968254 0.6870039682539683 0.5092592592592593 0.6961805555555556 0.49173280423280424 0.7033730158730159 0.4801587301587302 0.701140873015873 0.47354497354497355 0.6956845238095238 0.4708994708994709 0.6815476190476191 0.47354497354497355 0.6746031746031746 0.4808201058201058 0.6688988095238095 0.49603174603174605 0.6676587301587301
0 0.6101190476190477 0.5133928571428571 0.6180555555555556 0.5153769841269841 0.6273148148148148 0.5215773809523809 0.6302910052910053 0.5327380952380952 0.6197089947089947 0.5443948412698413 0.6097883597883598 0.5458829365079365 0.5968915343915344 0.5431547619047619 0.5892857142857143 0.5260416666666666 0.591931216931217 0.5203373015873016 0.5982142857142857 0.5153769841269841 0.6097883597883598 0.5133928571428571
0 0.529431216931217 0.5865575396825397 0.5443121693121693 0.5942460317460317 0.5453042328042328 0.6061507936507936 0.5373677248677249 0.6163194444444444 0.5257936507936508 0.621031746031746 0.515542328042328 0.6197916666666666 0.5069444444444444 0.6138392857142857 0.5042989417989417 0.6019345238095238 0.5076058201058201 0.5952380952380952 0.5181878306878307 0.5875496031746031 0.5291005291005291 0.5865575396825397
0 0.5476190476190477 0.5577876984126984 0.5641534391534392 0.5642361111111112 0.5684523809523809 0.574156746031746 0.564484126984127 0.5845734126984127 0.5482804232804233 0.5910218253968254 0.5396825396825397 0.589781746031746 0.5297619047619048 0.5850694444444444 0.5244708994708994 0.5758928571428571 0.5271164021164021 0.5669642857142857 0.5393518518518519 0.5587797619047619 0.5472883597883598 0.5577876984126984
0 0.45072751322751325 0.6731150793650794 0.4603174603174603 0.6748511904761905 0.4666005291005291 0.6785714285714286 0.47156084656084657 0.6889880952380952 0.46726190476190477 0.7013888888888888 0.45965608465608465 0.7063492063492064 0.45072751322751325 0.7075892857142857 0.4408068783068783 0.7063492063492064 0.43386243386243384 0.7028769841269841 0.42857142857142855 0.6961805555555556 0.42724867724867727 0.6897321428571429 0.43022486772486773 0.6822916666666666 0.43584656084656087 0.6765873015873016 0.44212962962962965 0.6736111111111112 0.4503968253968254 0.6731150793650794
0 0.478505291005291 0.6220238095238095 0.49007936507936506 0.6257440476190477 0.5009920634920635 0.6401289682539683 0.49537037037037035 0.6527777777777778 0.4887566137566138 0.6579861111111112 0.48148148148148145 0.6599702380952381 0.4742063492063492 0.6599702380952381 0.4636243386243386 0.6560019841269841 0.45601851851851855 0.6473214285714286 0.4546957671957672 0.6413690476190477 0.455026455026455 0.6349206349206349 0.45965608465608465 0.6284722222222222 0.4705687830687831 0.6227678571428571 0.4781746031746032 0.6220238095238095
0 0.5734126984126984 0.5208333333333334 0.5889550264550265 0.5280257936507936 0.593584656084656 0.5359623015873016 0.593915343915344 0.5416666666666666 0.5916005291005291 0.5451388888888888 0.5753968253968254 0.5535714285714286 0.5681216931216931 0.5548115079365079 0.5582010582010583 0.5535714285714286 0.548941798941799 0.5483630952380952 0.5433201058201058 0.5406746031746031 0.542989417989418 0.5337301587301587 0.5499338624338624 0.5250496031746031 0.5615079365079365 0.5208333333333334 0.5730820105820106 0.5208333333333334
0 0.48578042328042326 0.5907738095238095 0.501984126984127 0.5982142857142857 0.5033068783068783 0.6066468253968254 0.5016534391534392 0.6165674603174603 0.4877645502645503 0.6237599206349206 0.4738756613756614 0.6195436507936508 0.4632936507936508 0.6098710317460317 0.4642857142857143 0.6024305555555556 0.46924603174603174 0.5954861111111112 0.47685185185185186 0.5912698412698413 0.48544973544973546 0.5907738095238095
0 0.5066137566137566 0.5625 0.5191798941798942 0.5699404761904762 0.5221560846560847 0.5818452380952381 0.5208333333333334 0.5850694444444444 0.5049603174603174 0.595734126984127 0.4957010582010582 0.5939980158730159 0.4837962962962963 0.5885416666666666 0.4801587301587302 0.5768849206349206 0.48412698412698413 0.5682043650793651 0.4894179894179894 0.5642361111111112 0.5009920634920635 0.5617559523809523 0.5062830687830688 0.5625
0 0.5201719576719577 0.5334821428571429 0.53505291005291 0.5399305555555556 0.5400132275132276 0.5486111111111112 0.5376984126984127 0.5592757936507936 0.5228174603174603 0.5677083333333334 0.5049603174603174 0.5617559523809523 0.5006613756613757 0.5577876984126984 0.4990079365079365 0.550843253968254 0.5036375661375662 0.5364583333333334 0.5085978835978836 0.5334821428571429 0.5198412698412699 0.5334821428571429
0 0.5453042328042328 0.49702380952380953 0.5572089947089947 0.5014880952380952 0.5611772486772487 0.5052083333333334 0.5625 0.5121527777777778 0.5598544973544973 0.5198412698412699 0.5416666666666666 0.5282738095238095 0.5320767195767195 0.5270337301587301 0.5244708994708994 0.5228174603174603 0.5181878306878307 0.5163690476190477 0.5171957671957672 0.5104166666666666 0.5231481481481481 0.5014880952380952 0.5337301587301587 0.4975198412698413 0.544973544973545 0.49702380952380953
0 0.4365079365079365 0.6148313492063492 0.44742063492063494 0.6195436507936508 0.45337301587301587 0.6302083333333334 0.4497354497354497 0.6396329365079365 0.4365079365079365 0.6475694444444444 0.4252645502645503 0.6470734126984127 0.41798941798941797 0.644593253968254 0.4103835978835979 0.6359126984126984 0.4123677248677249 0.6245039682539683 0.416005291005291 0.6197916666666666 0.42493386243386244 0.6158234126984127 0.43617724867724866 0.6148313492063492
0 0.5882936507936508 0.4330357142857143 0.6011904761904762 0.4384920634920635 0.6044973544973545 0.4429563492063492 0.6051587301587301 0.44990079365079366 0.603505291005291 0.45634920634920634 0.5978835978835979 0.46304563492063494 0.5833333333333334 0.46875 0.5727513227513228 0.4680059523809524 0.5634920634920635 0.4618055555555556 0.560515873015873 0.4489087301587302 0.5677910052910053 0.43799603174603174 0.5777116402116402 0.4340277777777778 0.5879629629629629 0.4330357142857143
0 0.5529100529100529 0.4593253968253968 0.5634920634920635 0.46205357142857145 0.5714285714285714 0.4704861111111111 0.5691137566137566 0.48115079365079366 0.5568783068783069 0.48834325396825395 0.5383597883597884 0.4853670634920635 0.5291005291005291 0.47693452380952384 0.531415343915344 0.4650297619047619 0.5419973544973545 0.4595734126984127 0.5525793650793651 0.4593253968253968
0 0.39814814814814814 0.6527777777777778 0.4083994708994709 0.6577380952380952 0.41335978835978837 0.6723710317460317 0.4074074074074074 0.6803075396825397 0.3978174603174603 0.6857638888888888 0.39021164021164023 0.6875 0.3835978835978836 0.6867559523809523 0.37665343915343913 0.6825396825396826 0.3697089947089947 0.6716269841269841 0.3697089947089947 0.6646825396825397 0.373015873015873 0.6592261904761905 0.3812830687830688 0.6540178571428571 0.3978174603174603 0.6527777777777778
0 0.4540343915343915 0.5617559523809523 0.4689153439153439 0.5677083333333334 0.4718915343915344 0.5793650793650794 0.4695767195767196 0.5848214285714286 0.4642857142857143 0.5890376984126984 0.45105820105820105 0.59375 0.44212962962962965 0.5930059523809523 0.43386243386243384 0.5882936507936508 0.4305555555555556 0.5840773809523809 0.4298941798941799 0.5753968253968254 0.43287037037037035 0.5677083333333334 0.43783068783068785 0.5639880952380952 0.4537037037037037 0.5617559523809523
0 0.4818121693121693 0.5233134920634921 0.49107142857142855 0.5267857142857143 0.49933862433862436 0.5362103174603174 0.49537037037037035 0.5505952380952381 0.4818121693121693 0.5572916666666666 0.4699074074074074 0.5570436507936508 0.4632936507936508 0.5545634920634921 0.45601851851851855 0.5491071428571429 0.45271164021164023 0.5434027777777778 0.4546957671957672 0.5334821428571429 0.45866402116402116 0.5287698412698413 0.4666005291005291 0.5245535714285714 0.48148148148148145 0.5233134920634921
0 0.3912037037037037 0.605406746031746 0.4060846560846561 0.6106150793650794 0.4103835978835979 0.6197916666666666 0.4097222222222222 0.6267361111111112 0.40476190476190477 0.6346726190476191 0.39914021164021163 0.6374007936507936 0.38855820105820105 0.6383928571428571 0.37996031746031744 0.6376488095238095 0.3716931216931217 0.6331845238095238 0.36772486772486773 0.6282242063492064 0.3673941798941799 0.6212797619047619 0.37665343915343913 0.609375 0.39087301587301587 0.605406746031746
0 0.4113756613756614 0.5771329365079365 0.42328042328042326 0.5843253968253969 0.42724867724867727 0.5952380952380952 0.42328042328042326 0.6021825396825397 0.4080687830687831 0.6098710317460317 0.38822751322751325 0.6034226190476191 0.38425925925925924 0.591765873015873 0.3941798941798942 0.5806051587301587 0.41104497354497355 0.5771329365079365
0 0.4712301587301587 0.48933531746031744 0.47784391534391535 0.49107142857142855 0.48644179894179895 0.4975198412698413 0.4880952380952381 0.5089285714285714 0.48313492063492064 0.5163690476190477 0.4685846560846561 0.5210813492063492 0.45601851851851855 0.5198412698412699 0.45006613756613756 0.5166170634920635 0.44543650793650796 0.5111607142857143 0.4444444444444444 0.5037202380952381 0.4460978835978836 0.4982638888888889 0.45105820105820105 0.4937996031746032 0.4708994708994709 0.48933531746031744
0 0.43022486772486773 0.5171130952380952 0.44246031746031744 0.5190972222222222 0.45337301587301587 0.529265873015873 0.4497354497354497 0.544890873015873 0.435515873015873 0.5510912698412699 0.4226190476190476 0.5496031746031746 0.4113756613756614 0.5399305555555556 0.41005291005291006 0.5357142857142857 0.4107142857142857 0.5262896825396826 0.41335978835978837 0.5225694444444444 0.4193121693121693 0.5186011904761905 0.4298941798941799 0.5171130952380952
0 0.40773809523809523 0.5394345238095238 0.41534391534391535 0.5431547619047619 0.421957671957672 0.5513392857142857 0.4183201058201058 0.564484126984127 0.4080687830687831 0.5701884920634921 0.3921957671957672 0.5679563492063492 0.38591269841269843 0.5639880952380952 0.3819444444444444 0.5575396825396826 0.38293650793650796 0.5466269841269841 0.3869047619047619 0.5424107142857143 0.3955026455026455 0.5396825396825397 0.4074074074074074 0.5394345238095238
0 0.44642857142857145 0.4558531746031746 0.453042328042328 0.4575892857142857 0.4599867724867725 0.46304563492063494 0.4632936507936508 0.4742063492063492 0.45205026455026454 0.48908730158730157 0.43915343915343913 0.4915674603174603 0.4289021164021164 0.48834325396825395 0.42162698412698413 0.4833829365079365 0.4166666666666667 0.4771825396825397 0.41534391534391535 0.46924603174603174 0.4183201058201058 0.46279761904761907 0.42493386243386244 0.4583333333333333 0.4384920634920635 0.45535714285714285 0.4460978835978836 0.4558531746031746
0 0.3541666666666667 0.5602678571428571 0.3673941798941799 0.5677083333333334 0.37103174603174605 0.5783730158730159 0.3637566137566138 0.5895337301587301 0.3488756613756614 0.5949900793650794 0.33101851851851855 0.5907738095238095 0.3244047619047619 0.5811011904761905 0.3237433862433862 0.5731646825396826 0.33134920634920634 0.5639880952380952 0.3429232804232804 0.5602678571428571 0.35383597883597884 0.5602678571428571