0 0.6640625 0.14375 0.66875 0.146875 0.671875 0.15625 0.6703125 0.16875 0.6640625 0.1765625 0.6515625 0.1765625 0.6453125 0.1671875 0.646875 0.1484375 0.6515625 0.14375 0.6625 0.14375
0 0.90234375 0.04140625 0.0296875 0.0359375
0 0.9546875 0.5265625 0.9671875 0.53125 0.9734375 0.5375 0.9734375 0.5421875 0.9671875 0.5546875 0.9546875 0.56875 0.9390625 0.56875 0.9328125 0.565625 0.928125 0.5578125 0.928125 0.553125 0.9421875 0.5296875 0.953125 0.5265625
0 0.9625 0.503125 0.9984375 0.515625 0.9984375 0.5375 0.9953125 0.5390625 0.978125 0.5359375 0.96875 0.5296875 0.95625 0.5265625 0.9484375 0.521875 0.946875 0.51875 0.9484375 0.509375 0.9609375 0.503125
0 0.6546875 0.1015625 0.6640625 0.103125 0.66875 0.109375 0.6703125 0.11875 0.6671875 0.1234375 0.6625 0.125 0.6359375 0.1234375 0.6328125 0.121875 0.6296875 0.115625 0.628125 0.109375 0.6296875 0.1046875 0.6390625 0.1015625 0.653125 0.1015625
0 0.8578125 0.125 0.8765625 0.140625 0.8765625 0.1515625 0.875 0.1546875 0.86875 0.1578125 0.859375 0.1578125 0.853125 0.1546875 0.8390625 0.140625 0.8390625 0.13125 0.8453125 0.125 0.85625 0.125
0 0.9984375 0.5421875 0.9984375 0.56875 0.9859375 0.5671875 0.9796875 0.5640625 0.975 0.5578125 0.9765625 0.546875 0.9828125 0.5421875 0.996875 0.5421875
0 0.8765625 0.0296875 0.88125 0.03125 0.884375 0.0359375 0.884375 0.0484375 0.8703125 0.0625 0.8640625 0.0640625 0.8578125 0.0640625 0.8515625 0.059375 0.85 0.046875 0.8640625 0.0328125 0.875 0.0296875
0 0.9984375 0.384375 0.9984375 0.4109375 0.9890625 0.409375 0.98125 0.403125 0.98125 0.390625 0.9859375 0.3859375 0.996875 0.384375
0 0.696875 0.078125 0.7046875 0.08125 0.709375 0.0921875 0.7078125 0.0984375 0.7015625 0.1015625 0.6765625 0.1 0.6703125 0.096875 0.6671875 0.090625 0.6671875 0.08125 0.671875 0.078125 0.6953125 0.078125
0 0.8015625 0.0703125 0.8078125 0.0734375 0.81875 0.084375 0.8203125 0.09375 0.8140625 0.1015625 0.8015625 0.1015625 0.7921875 0.0953125 0.7859375 0.0875 0.784375 0.0796875 0.7859375 0.075 0.7921875 0.0703125 0.8 0.0703125