0 0.50625 0.534375 0.5109375 0.5390625 0.5109375 0.546875 0.50625 0.5546875 0.490625 0.56875 0.48125 0.56875 0.4765625 0.565625 0.4734375 0.559375 0.475 0.553125 0.4890625 0.534375 0.4921875 0.5328125 0.5046875 0.534375
0 0.696875 0.8234375 0.703125 0.83125 0.7015625 0.840625 0.678125 0.853125 0.6625 0.8515625 0.6578125 0.84375 0.6578125 0.8359375 0.665625 0.8296875 0.6828125 0.821875 0.6953125 0.8234375
0 0.528125 0.4578125 0.55 0.4625 0.55625 0.4671875 0.5578125 0.4703125 0.55625 0.4765625 0.5453125 0.48125 0.515625 0.4765625 0.509375 0.471875 0.5078125 0.4625 0.5109375 0.459375 0.5203125 0.45625 0.5265625 0.4578125
0 0.5546875 0.0671875 0.55625 0.0703125 0.5546875 0.0796875 0.5359375 0.0984375 0.5296875 0.1015625 0.5203125 0.1015625 0.515625 0.0984375 0.5125 0.090625 0.5171875 0.08125 0.528125 0.0703125 0.5390625 0.0640625 0.55 0.0640625 0.553125 0.0671875
0 0.6046875 0.0921875 0.6125 0.0953125 0.6203125 0.0953125 0.6328125 0.1015625 0.634375 0.1109375 0.6234375 0.121875 0.6140625 0.121875 0.5953125 0.1171875 0.5859375 0.1109375 0.584375 0.1 0.5875 0.0953125 0.5921875 0.0921875 0.603125 0.0921875
0 0.55625 0.7578125 0.565625 0.7640625 0.5671875 0.7734375 0.5578125 0.790625 0.5484375 0.796875 0.5359375 0.7953125 0.5328125 0.790625 0.53125 0.78125 0.5421875 0.7625 0.5546875 0.7578125
0 0.4171875 0.78125 0.4328125 0.803125 0.43125 0.8125 0.425 0.8171875 0.4125 0.8171875 0.396875 0.796875 0.396875 0.784375 0.4 0.78125 0.403125 0.7796875 0.415625 0.78125
0 0.3296875 0.07421875 0.0296875 0.04609375
0 0.6390625 0.9546875 0.646875 0.9609375 0.65 0.971875 0.6453125 0.978125 0.6234375 0.9859375 0.60625 0.984375 0.6015625 0.9703125 0.60625 0.9640625 0.6125 0.9609375 0.6375 0.9546875
0 0.50625 0.465625 0.509375 0.4734375 0.5078125 0.48125 0.5015625 0.496875 0.4953125 0.5 0.484375 0.5 0.4796875 0.496875 0.478125 0.490625 0.4796875 0.4828125 0.4828125 0.471875 0.4890625 0.4640625 0.5046875 0.465625
0 0.5890625 0.078125 0.5921875 0.0828125 0.5921875 0.090625 0.584375 0.0984375 0.5609375 0.1078125 0.55 0.1078125 0.54375 0.1015625 0.5453125 0.0890625 0.5546875 0.0828125 0.56875 0.078125 0.575 0.0765625 0.5875 0.078125
0 0.60625 0.7734375 0.6140625 0.78125 0.6140625 0.790625 0.6015625 0.8 0.5859375 0.8078125 0.58125 0.8078125 0.5734375 0.8015625 0.571875 0.7890625 0.590625 0.775 0.5984375 0.771875 0.6046875 0.7734375
0 0.5265625 0.4984375 0.525 0.4890625 0.5296875 0.484375 0.54375 0.4828125 0.55625 0.478125 0.56875 0.4796875 0.5734375 0.484375 0.575 0.490625 0.56875 0.496875 0.546875 0.503125 0.534375 0.503125 0.528125 0.4984375
0 0.4296875 0.4640625 0.4390625 0.4671875 0.44375 0.471875 0.45 0.4921875 0.4484375 0.496875 0.440625 0.503125 0.4296875 0.5015625 0.425 0.496875 0.41875 0.48125 0.41875 0.4703125 0.4234375 0.465625 0.428125 0.465625
0 0.6375 0.6625 0.64375 0.6703125 0.6421875 0.678125 0.6140625 0.6890625 0.6015625 0.6875 0.5953125 0.6796875 0.5953125 0.6734375 0.6046875 0.6671875 0.6234375 0.6609375 0.6359375 0.6625