0 0.5746527777777778 0.5400132275132276 0.5840773809523809 0.5426587301587301 0.5895337301587301 0.5502645502645502 0.5912698412698413 0.560515873015873 0.5875496031746031 0.5704365079365079 0.5791170634920635 0.576058201058201 0.5709325396825397 0.5753968253968254 0.566468253968254 0.5710978835978836 0.5629960317460317 0.5591931216931217 0.5642361111111112 0.5502645502645502 0.5689484126984127 0.5426587301587301 0.5744047619047619 0.5403439153439153
0 0.566468253968254 0.7166005291005291 0.5746527777777778 0.72255291005291 0.578125 0.7308201058201058 0.5788690476190477 0.7410714285714286 0.5746527777777778 0.7566137566137566 0.5642361111111112 0.7628968253968254 0.5567956349206349 0.7622354497354498 0.5496031746031746 0.7576058201058201 0.5458829365079365 0.751984126984127 0.5438988095238095 0.7407407407407407 0.5458829365079365 0.730489417989418 0.5535714285714286 0.7195767195767195 0.560515873015873 0.7159391534391535 0.5662202380952381 0.7166005291005291
0 0.5228174603174603 0.4041005291005291 0.5295138888888888 0.4097222222222222 0.5329861111111112 0.419973544973545 0.5302579365079365 0.4341931216931217 0.5240575396825397 0.4375 0.5143849206349206 0.435515873015873 0.5101686507936508 0.4289021164021164 0.5086805555555556 0.419973544973545 0.5124007936507936 0.4087301587301587 0.5225694444444444 0.4041005291005291
0 0.5729166666666666 0.6703042328042328 0.5813492063492064 0.6765873015873016 0.5855654761904762 0.6898148148148148 0.5823412698412699 0.707010582010582 0.5729166666666666 0.7152777777777778 0.5642361111111112 0.71494708994709 0.5587797619047619 0.7109788359788359 0.5553075396825397 0.7063492063492064 0.5515873015873016 0.6934523809523809 0.5528273809523809 0.6848544973544973 0.5577876984126984 0.6749338624338624 0.5639880952380952 0.6703042328042328 0.5726686507936508 0.6703042328042328
0 0.5572916666666666 0.5773809523809523 0.5667162698412699 0.5882936507936508 0.5684523809523809 0.6015211640211641 0.5647321428571429 0.6104497354497355 0.5555555555555556 0.6150793650793651 0.542906746031746 0.6097883597883598 0.5394345238095238 0.5985449735449735 0.5441468253968254 0.5836640211640212 0.5570436507936508 0.5773809523809523
0 0.8033234126984127 0.396494708994709 0.810515873015873 0.4027777777777778 0.8125 0.4150132275132275 0.8095238095238095 0.4226190476190476 0.800843253968254 0.42923280423280424 0.7934027777777778 0.42757936507936506 0.7876984126984127 0.42162698412698413 0.7854662698412699 0.4074074074074074 0.7899305555555556 0.39914021164021163 0.8030753968253969 0.396494708994709
0 0.5438988095238095 0.6868386243386243 0.5528273809523809 0.6954365079365079 0.5553075396825397 0.7063492063492064 0.5520833333333334 0.7212301587301587 0.5461309523809523 0.7294973544973545 0.5411706349206349 0.7318121693121693 0.5297619047619048 0.7281746031746031 0.5250496031746031 0.7208994708994709 0.5228174603174603 0.7086640211640212 0.5250496031746031 0.6994047619047619 0.529265873015873 0.6924603174603174 0.5364583333333334 0.6875 0.5436507936507936 0.6868386243386243
0 0.5870535714285714 0.4871031746031746 0.5930059523809523 0.4914021164021164 0.5959821428571429 0.5052910052910053 0.5925099206349206 0.515542328042328 0.5848214285714286 0.5208333333333334 0.5736607142857143 0.5165343915343915 0.5699404761904762 0.5109126984126984 0.5689484126984127 0.5029761904761905 0.5746527777777778 0.48974867724867727 0.5868055555555556 0.4871031746031746
0 0.47941468253968256 0.36574074074074076 0.4851190476190476 0.373015873015873 0.4861111111111111 0.38293650793650796 0.4818948412698413 0.39186507936507936 0.47470238095238093 0.3951719576719577 0.46875 0.39451058201058203 0.4645337301587302 0.390542328042328 0.46304563492063494 0.37632275132275134 0.4652777777777778 0.36937830687830686 0.47023809523809523 0.36342592592592593 0.4791666666666667 0.36574074074074076
0 0.5528273809523809 0.5492724867724867 0.5570436507936508 0.5515873015873016 0.5597718253968254 0.5568783068783069 0.5610119047619048 0.5667989417989417 0.5592757936507936 0.5753968253968254 0.5434027777777778 0.5846560846560847 0.5344742063492064 0.5744047619047619 0.5344742063492064 0.5601851851851852 0.5419146825396826 0.5502645502645502 0.5525793650793651 0.5492724867724867
0 0.4632936507936508 0.34424603174603174 0.4724702380952381 0.3521825396825397 0.47371031746031744 0.35978835978835977 0.4645337301587302 0.37466931216931215 0.46106150793650796 0.376984126984127 0.45262896825396826 0.37003968253968256 0.45014880952380953 0.35615079365079366 0.4556051587301587 0.3458994708994709 0.46304563492063494 0.34424603174603174
0 0.6812996031746031 0.533068783068783 0.6882440476190477 0.5396825396825397 0.6897321428571429 0.5542328042328042 0.6845238095238095 0.5648148148148148 0.6768353174603174 0.5684523809523809 0.6716269841269841 0.5681216931216931 0.6639384920634921 0.5628306878306878 0.6612103174603174 0.5575396825396826 0.6607142857142857 0.5479497354497355 0.6654265873015873 0.5357142857142857 0.6746031746031746 0.531415343915344 0.6810515873015873 0.533068783068783
0 0.5190972222222222 0.521494708994709 0.5282738095238095 0.529431216931217 0.5302579365079365 0.5436507936507936 0.5257936507936508 0.5552248677248677 0.5163690476190477 0.5611772486772487 0.5091765873015873 0.5588624338624338 0.5042162698412699 0.5539021164021164 0.501984126984127 0.5390211640211641 0.5032242063492064 0.5320767195767195 0.5076884920634921 0.5254629629629629 0.5188492063492064 0.521494708994709
0 0.45634920634920634 0.2863756613756614 0.46081349206349204 0.28835978835978837 0.4645337301587302 0.29662698412698413 0.46106150793650796 0.31084656084656087 0.4565972222222222 0.314484126984127 0.4489087301587302 0.31316137566137564 0.4439484126984127 0.30423280423280424 0.4459325396825397 0.2916666666666667 0.45610119047619047 0.2867063492063492
0 0.39012896825396826 0.41633597883597884 0.39632936507936506 0.4255952380952381 0.39657738095238093 0.4351851851851852 0.390625 0.4460978835978836 0.3836805555555556 0.4480820105820106 0.37624007936507936 0.4451058201058201 0.373015873015873 0.44047619047619047 0.37103174603174605 0.4341931216931217 0.3715277777777778 0.4269179894179894 0.375 0.4203042328042328 0.37996031746031744 0.4166666666666667 0.3898809523809524 0.41633597883597884
0 0.5024801587301587 0.42757936507936506 0.5086805555555556 0.4305555555555556 0.5128968253968254 0.43882275132275134 0.5111607142857143 0.45337301587301587 0.5024801587301587 0.46064814814814814 0.49255952380952384 0.45701058201058203 0.4878472222222222 0.4451058201058201 0.4880952380952381 0.439484126984127 0.4915674603174603 0.43253968253968256 0.5022321428571429 0.42757936507936506
0 0.6034226190476191 0.3855820105820106 0.611359126984127 0.39384920634920634 0.6138392857142857 0.40476190476190477 0.609375 0.4156746031746032 0.6011904761904762 0.41964285714285715 0.5952380952380952 0.4193121693121693 0.5900297619047619 0.4156746031746032 0.5875496031746031 0.40674603174603174 0.5935019841269841 0.390542328042328 0.6031746031746031 0.3855820105820106
0 0.5548115079365079 0.42658730158730157 0.5634920634920635 0.43287037037037035 0.5654761904761905 0.4437830687830688 0.5625 0.45337301587301587 0.5538194444444444 0.4593253968253968 0.5431547619047619 0.453042328042328 0.5404265873015873 0.43816137566137564 0.5463789682539683 0.4289021164021164 0.5545634920634921 0.42658730158730157
0 0.5639880952380952 0.3323412698412698 0.5704365079365079 0.3382936507936508 0.5721726190476191 0.3468915343915344 0.5699404761904762 0.35615079365079366 0.5620039682539683 0.36243386243386244 0.5538194444444444 0.35978835978835977 0.5503472222222222 0.35548941798941797 0.5491071428571429 0.3449074074074074 0.5503472222222222 0.3396164021164021 0.5545634920634921 0.33465608465608465 0.5637400793650794 0.3323412698412698
0 0.582093253968254 0.3621031746031746 0.5882936507936508 0.36574074074074076 0.591765873015873 0.3776455026455027 0.5885416666666666 0.3869047619047619 0.5815972222222222 0.3915343915343915 0.5714285714285714 0.3869047619047619 0.5689484126984127 0.37334656084656087 0.5729166666666666 0.36342592592592593 0.5818452380952381 0.3621031746031746
0 0.5813492063492064 0.34226190476190477 0.5863095238095238 0.3435846560846561 0.5907738095238095 0.34854497354497355 0.5920138888888888 0.357473544973545 0.589781746031746 0.36342592592592593 0.5882936507936508 0.3654100529100529 0.5811011904761905 0.3630952380952381 0.5706845238095238 0.36408730158730157 0.5691964285714286 0.35548941798941797 0.5719246031746031 0.3472222222222222 0.5811011904761905 0.3425925925925926
0 0.43601190476190477 0.4209656084656085 0.44419642857142855 0.42493386243386244 0.4476686507936508 0.43584656084656087 0.4439484126984127 0.4487433862433862 0.4332837301587302 0.45535714285714285 0.4280753968253968 0.4540343915343915 0.42311507936507936 0.44907407407407407 0.4201388888888889 0.4348544973544973 0.42584325396825395 0.42493386243386244 0.4357638888888889 0.4209656084656085