0 0.7414021164021164 0.7309027777777778 0.753968253968254 0.7378472222222222 0.7556216931216931 0.7455357142857143 0.7516534391534392 0.751984126984127 0.7384259259259259 0.7574404761904762 0.7268518518518519 0.7542162698412699 0.7218915343915344 0.7445436507936508 0.7232142857142857 0.7393353174603174 0.7288359788359788 0.7333829365079365 0.7410714285714286 0.7309027777777778
0 0.4427910052910053 0.48586309523809523 0.44907407407407407 0.49107142857142855 0.45006613756613756 0.49677579365079366 0.44642857142857145 0.503968253968254 0.4398148148148148 0.5069444444444444 0.4262566137566138 0.5024801587301587 0.42328042328042326 0.4945436507936508 0.42857142857142855 0.48759920634920634 0.44246031746031744 0.48586309523809523
0 0.3458994708994709 0.6267361111111112 0.3544973544973545 0.6304563492063492 0.3558201058201058 0.6374007936507936 0.351521164021164 0.6443452380952381 0.3419312169312169 0.6483134920634921 0.33465608465608465 0.6478174603174603 0.328042328042328 0.6440972222222222 0.32705026455026454 0.6369047619047619 0.33465608465608465 0.6282242063492064 0.3455687830687831 0.6267361111111112
0 0.6071428571428571 0.7844742063492064 0.6150793650793651 0.7901785714285714 0.6177248677248677 0.8025793650793651 0.6137566137566137 0.8075396825396826 0.6058201058201058 0.8102678571428571 0.5988756613756614 0.8095238095238095 0.5912698412698413 0.8055555555555556 0.5876322751322751 0.7951388888888888 0.591931216931217 0.7876984126984127 0.5995370370370371 0.7844742063492064 0.6068121693121693 0.7844742063492064
0 0.6306216931216931 0.6302083333333334 0.6388888888888888 0.6354166666666666 0.640542328042328 0.6440972222222222 0.6369047619047619 0.6490575396825397 0.6273148148148148 0.6527777777777778 0.6154100529100529 0.6485615079365079 0.611441798941799 0.6401289682539683 0.6147486772486772 0.6334325396825397 0.623015873015873 0.6302083333333334 0.6302910052910053 0.6302083333333334
0 0.3158068783068783 0.7098214285714286 0.32142857142857145 0.7130456349206349 0.32572751322751325 0.7204861111111112 0.3237433862433862 0.7274305555555556 0.31382275132275134 0.7331349206349206 0.3002645502645503 0.7309027777777778 0.2962962962962963 0.7274305555555556 0.294973544973545 0.7197420634920635 0.29993386243386244 0.7130456349206349 0.30687830687830686 0.7100694444444444 0.31547619047619047 0.7098214285714286
0 0.5367063492063492 0.47172619047619047 0.544973544973545 0.47693452380952384 0.5459656084656085 0.484375 0.542989417989418 0.4878472222222222 0.5333994708994709 0.4913194444444444 0.5221560846560847 0.48933531746031744 0.5185185185185185 0.48586309523809523 0.5178571428571429 0.4799107142857143 0.5254629629629629 0.4714781746031746 0.5363756613756614 0.47172619047619047
0 0.6266534391534392 0.8271329365079365 0.6345899470899471 0.8313492063492064 0.6375661375661376 0.8392857142857143 0.6335978835978836 0.8472222222222222 0.6253306878306878 0.8499503968253969 0.6160714285714286 0.8474702380952381 0.611441798941799 0.8368055555555556 0.6160714285714286 0.8293650793650794 0.6263227513227513 0.8271329365079365
0 0.5896164021164021 0.4585813492063492 0.5992063492063492 0.4625496031746032 0.6008597883597884 0.470734126984127 0.5952380952380952 0.47643849206349204 0.5856481481481481 0.47941468253968256 0.5744047619047619 0.4751984126984127 0.5717592592592593 0.46651785714285715 0.5777116402116402 0.4600694444444444 0.5892857142857143 0.4585813492063492
0 0.6283068783068783 0.7021329365079365 0.6342592592592593 0.7061011904761905 0.6369047619047619 0.714781746031746 0.6345899470899471 0.7194940476190477 0.6236772486772487 0.7251984126984127 0.6157407407407407 0.7242063492063492 0.6111111111111112 0.7212301587301587 0.6058201058201058 0.7135416666666666 0.6058201058201058 0.7090773809523809 0.6130952380952381 0.7023809523809523 0.6279761904761905 0.7021329365079365
0 0.25826719576719576 0.4625496031746032 0.2665343915343915 0.4670138888888889 0.2671957671957672 0.47445436507936506 0.26256613756613756 0.4801587301587302 0.25165343915343913 0.4826388888888889 0.24206349206349206 0.4779265873015873 0.2400793650793651 0.46999007936507936 0.24503968253968253 0.46403769841269843 0.25793650793650796 0.4625496031746032
0 0.5958994708994709 0.7619047619047619 0.6041666666666666 0.7658730158730159 0.6071428571428571 0.7790178571428571 0.605489417989418 0.783234126984127 0.5889550264550265 0.7881944444444444 0.5813492063492064 0.7849702380952381 0.5770502645502645 0.7725694444444444 0.583994708994709 0.7641369047619048 0.595568783068783 0.7619047619047619
0 0.2830687830687831 0.4635416666666667 0.29034391534391535 0.46726190476190477 0.2959656084656085 0.4756944444444444 0.2933201058201058 0.4826388888888889 0.28406084656084657 0.4853670634920635 0.2757936507936508 0.484375 0.26785714285714285 0.47470238095238093 0.2698412698412698 0.466765873015873 0.27546296296296297 0.46403769841269843 0.28273809523809523 0.4635416666666667
0 0.42923280423280424 0.6520337301587301 0.43882275132275134 0.6577380952380952 0.4401455026455027 0.6656746031746031 0.435515873015873 0.671875 0.4252645502645503 0.675843253968254 0.41435185185185186 0.6726190476190477 0.4117063492063492 0.6644345238095238 0.41865079365079366 0.654265873015873 0.4289021164021164 0.6520337301587301
0 0.6504629629629629 0.7202380952380952 0.654431216931217 0.7234623015873016 0.6557539682539683 0.7309027777777778 0.6441798941798942 0.7423115079365079 0.6369047619047619 0.7408234126984127 0.6266534391534392 0.7346230158730159 0.625 0.7269345238095238 0.6369047619047619 0.7189980158730159 0.6501322751322751 0.7202380952380952
0 0.6316137566137566 0.78125 0.640542328042328 0.7876984126984127 0.642526455026455 0.796875 0.6375661375661376 0.8035714285714286 0.6302910052910053 0.8060515873015873 0.6223544973544973 0.8043154761904762 0.6193783068783069 0.8015873015873016 0.6164021164021164 0.7896825396825397 0.6226851851851852 0.7814980158730159 0.6312830687830688 0.78125
0 0.5572089947089947 0.810515873015873 0.5654761904761905 0.8139880952380952 0.5701058201058201 0.8234126984126984 0.5674603174603174 0.8330853174603174 0.5578703703703703 0.8385416666666666 0.5459656084656085 0.8353174603174603 0.5393518518518519 0.8246527777777778 0.5433201058201058 0.8154761904761905 0.5496031746031746 0.8117559523809523 0.5568783068783069 0.810515873015873
0 0.6071428571428571 0.6768353174603174 0.6197089947089947 0.6827876984126984 0.6220238095238095 0.6887400793650794 0.6170634920634921 0.6966765873015873 0.609457671957672 0.6994047619047619 0.5985449735449735 0.6969246031746031 0.591931216931217 0.689484126984127 0.5942460317460317 0.6812996031746031 0.5992063492063492 0.6778273809523809 0.6068121693121693 0.6768353174603174
0 0.30357142857142855 0.7316468253968254 0.31382275132275134 0.7328869047619048 0.31812169312169314 0.7398313492063492 0.31547619047619047 0.7495039682539683 0.3048941798941799 0.7549603174603174 0.2919973544973545 0.7527281746031746 0.2853835978835979 0.7447916666666666 0.2863756613756614 0.7390873015873016 0.2919973544973545 0.7338789682539683 0.30324074074074076 0.7316468253968254
0 0.2833994708994709 0.6810515873015873 0.29034391534391535 0.6924603174603174 0.2867063492063492 0.6984126984126984 0.27843915343915343 0.7021329365079365 0.26455026455026454 0.6989087301587301 0.2628968253968254 0.6892361111111112 0.26785714285714285 0.6822916666666666 0.2751322751322751 0.6803075396825397 0.2830687830687831 0.6810515873015873
0 0.6273148148148148 0.4174107142857143 0.6372354497354498 0.421875 0.6392195767195767 0.42981150793650796 0.6329365079365079 0.4367559523809524 0.6259920634920635 0.439484126984127 0.6157407407407407 0.43700396825396826 0.6107804232804233 0.42857142857142855 0.6164021164021164 0.42038690476190477 0.626984126984127 0.4174107142857143
0 0.718584656084656 0.7571924603174603 0.7275132275132276 0.761656746031746 0.7308201058201058 0.7673611111111112 0.7288359788359788 0.7760416666666666 0.7242063492063492 0.7795138888888888 0.718584656084656 0.7805059523809523 0.7056878306878307 0.7775297619047619 0.7007275132275133 0.7698412698412699 0.705026455026455 0.7599206349206349 0.7099867724867724 0.7574404761904762 0.7182539682539683 0.7571924603174603
0 0.6164021164021164 0.6505456349206349 0.6263227513227513 0.6564980158730159 0.6279761904761905 0.6649305555555556 0.6226851851851852 0.671875 0.6140873015873016 0.6741071428571429 0.6021825396825397 0.6716269841269841 0.5972222222222222 0.6651785714285714 0.5968915343915344 0.6604662698412699 0.603505291005291 0.6532738095238095 0.6160714285714286 0.6505456349206349
0 0.32771164021164023 0.6584821428571429 0.3349867724867725 0.6622023809523809 0.3373015873015873 0.6681547619047619 0.3353174603174603 0.6753472222222222 0.3244047619047619 0.6805555555555556 0.31382275132275134 0.6775793650793651 0.3082010582010582 0.667906746031746 0.3148148148148148 0.660218253968254 0.3210978835978836 0.6579861111111112 0.3273809523809524 0.6584821428571429
0 0.271494708994709 0.6334325396825397 0.2761243386243386 0.6369047619047619 0.2777777777777778 0.6443452380952381 0.27314814814814814 0.6510416666666666 0.26587301587301587 0.6545138888888888 0.25 0.6488095238095238 0.24801587301587302 0.640625 0.2552910052910053 0.6331845238095238 0.27116402116402116 0.6334325396825397
0 0.6772486772486772 0.7088293650793651 0.6865079365079365 0.7132936507936508 0.689484126984127 0.7199900793650794 0.6878306878306878 0.7271825396825397 0.6795634920634921 0.732390873015873 0.6666666666666666 0.7313988095238095 0.6617063492063492 0.7274305555555556 0.6590608465608465 0.7204861111111112 0.6650132275132276 0.7108134920634921 0.6769179894179894 0.7088293650793651
0 0.4947089947089947 0.7336309523809523 0.5016534391534392 0.7375992063492064 0.5046296296296297 0.7452876984126984 0.501984126984127 0.7522321428571429 0.49173280423280424 0.7569444444444444 0.478505291005291 0.7514880952380952 0.4755291005291005 0.7445436507936508 0.4808201058201058 0.7366071428571429 0.48743386243386244 0.7336309523809523 0.49437830687830686 0.7336309523809523
0 0.42658730158730157 0.5027281746031746 0.43882275132275134 0.5064484126984127 0.44246031746031744 0.5131448412698413 0.439484126984127 0.5213293650793651 0.42857142857142855 0.5252976190476191 0.419973544973545 0.5238095238095238 0.41369047619047616 0.5163690476190477 0.4173280423280423 0.5066964285714286 0.4262566137566138 0.5027281746031746
0 0.40906084656084657 0.5146329365079365 0.416005291005291 0.5183531746031746 0.4183201058201058 0.5262896825396826 0.41369047619047616 0.5329861111111112 0.4044312169312169 0.5359623015873016 0.39384920634920634 0.5324900793650794 0.38955026455026454 0.5228174603174603 0.39814814814814814 0.5158730158730159 0.4087301587301587 0.5146329365079365
0 0.623015873015873 0.7549603174603174 0.6339285714285714 0.7621527777777778 0.6352513227513228 0.7698412698412699 0.6302910052910053 0.7775297619047619 0.6200396825396826 0.7795138888888888 0.6091269841269841 0.7745535714285714 0.605489417989418 0.7653769841269841 0.6117724867724867 0.7566964285714286 0.6226851851851852 0.7549603174603174
0 0.359457671957672 0.6604662698412699 0.36673280423280424 0.6654265873015873 0.36772486772486773 0.6750992063492064 0.3621031746031746 0.6820436507936508 0.353505291005291 0.6837797619047619 0.3419312169312169 0.6795634920634921 0.3402777777777778 0.6693948412698413 0.3492063492063492 0.6612103174603174 0.35912698412698413 0.6604662698412699
0 0.7099867724867724 0.7301587301587301 0.7166005291005291 0.7336309523809523 0.7192460317460317 0.7415674603174603 0.7162698412698413 0.7485119047619048 0.7076719576719577 0.7522321428571429 0.6994047619047619 0.7522321428571429 0.6924603174603174 0.7485119047619048 0.6888227513227513 0.7373511904761905 0.6947751322751323 0.7296626984126984 0.7096560846560847 0.7301587301587301
0 0.6481481481481481 0.43179563492063494 0.6567460317460317 0.435515873015873 0.6587301587301587 0.44320436507936506 0.6534391534391535 0.4496527777777778 0.6461640211640212 0.4521329365079365 0.6359126984126984 0.45089285714285715 0.6309523809523809 0.4459325396825397 0.6302910052910053 0.4412202380952381 0.6369047619047619 0.4332837301587302 0.6478174603174603 0.43179563492063494
0 0.37533068783068785 0.689484126984127 0.38492063492063494 0.6929563492063492 0.38756613756613756 0.6961805555555556 0.3878968253968254 0.7033730158730159 0.38227513227513227 0.7100694444444444 0.37103174603174605 0.7130456349206349 0.3601190476190476 0.7100694444444444 0.3584656084656085 0.7003968253968254 0.36408730158730157 0.6917162698412699 0.375 0.689484126984127
0 0.15376984126984128 0.5044642857142857 0.16335978835978837 0.5089285714285714 0.16468253968253968 0.5168650793650794 0.1597222222222222 0.5228174603174603 0.15211640211640212 0.5248015873015873 0.14417989417989419 0.5243055555555556 0.13955026455026456 0.5218253968253969 0.1349206349206349 0.5153769841269841 0.1349206349206349 0.5111607142857143 0.14252645502645503 0.5049603174603174 0.15343915343915343 0.5044642857142857
0 0.6613756613756614 0.7564484126984127 0.669973544973545 0.7599206349206349 0.6736111111111112 0.7693452380952381 0.6696428571428571 0.777281746031746 0.6587301587301587 0.78125 0.6511243386243386 0.7797619047619048 0.6461640211640212 0.7760416666666666 0.6428571428571429 0.7643849206349206 0.6471560846560847 0.7579365079365079 0.6610449735449735 0.7564484126984127
0 0.25595238095238093 0.6723710317460317 0.26256613756613756 0.6746031746031746 0.2665343915343915 0.6827876984126984 0.25925925925925924 0.6932043650793651 0.25 0.6949404761904762 0.23941798941798942 0.6919642857142857 0.23677248677248677 0.6815476190476191 0.2414021164021164 0.673859126984127 0.25562169312169314 0.6723710317460317
0 0.6653439153439153 0.7338789682539683 0.6749338624338624 0.7410714285714286 0.6755952380952381 0.748015873015873 0.6646825396825397 0.7559523809523809 0.6507936507936508 0.7534722222222222 0.6458333333333334 0.7437996031746031 0.6468253968253969 0.7405753968253969 0.6554232804232805 0.7341269841269841 0.6650132275132276 0.7338789682539683
0 0.2619047619047619 0.48115079365079366 0.26884920634920634 0.4833829365079365 0.2728174603174603 0.48735119047619047 0.27314814814814814 0.49429563492063494 0.2701719576719577 0.4992559523809524 0.26521164021164023 0.5014880952380952 0.25595238095238093 0.5014880952380952 0.2466931216931217 0.4947916666666667 0.24636243386243387 0.49007936507936506 0.25033068783068785 0.484375 0.26157407407407407 0.48139880952380953
0 0.6861772486772487 0.751984126984127 0.6960978835978836 0.7547123015873016 0.6997354497354498 0.7609126984126984 0.6967592592592593 0.7715773809523809 0.6878306878306878 0.7760416666666666 0.6825396825396826 0.7757936507936508 0.6759259259259259 0.7723214285714286 0.6722883597883598 0.7626488095238095 0.6752645502645502 0.7544642857142857 0.6858465608465608 0.751984126984127
0 0.5426587301587301 0.6669146825396826 0.5502645502645502 0.6726190476190477 0.5509259259259259 0.6822916666666666 0.5466269841269841 0.6870039682539683 0.5370370370370371 0.6899801587301587 0.5251322751322751 0.685515873015873 0.5224867724867724 0.6820436507936508 0.5224867724867724 0.6753472222222222 0.5291005291005291 0.667906746031746 0.5423280423280423 0.6669146825396826
0 0.4113756613756614 0.3447420634920635 0.4193121693121693 0.3489583333333333 0.421957671957672 0.35813492063492064 0.41798941798941797 0.36408730158730157 0.40773809523809523 0.36706349206349204 0.39616402116402116 0.36408730158730157 0.3921957671957672 0.3549107142857143 0.3974867724867725 0.3472222222222222 0.41104497354497355 0.3447420634920635
0 0.2526455026455027 0.6502976190476191 0.26256613756613756 0.6557539682539683 0.26355820105820105 0.6626984126984127 0.2585978835978836 0.6708829365079365 0.24867724867724866 0.671875 0.23875661375661375 0.6686507936507936 0.23677248677248677 0.6577380952380952 0.24173280423280424 0.652281746031746 0.24801587301587302 0.6498015873015873 0.2523148148148148 0.6502976190476191
0 0.4087301587301587 0.6768353174603174 0.41534391534391535 0.6820436507936508 0.4156746031746032 0.6884920634920635 0.4080687830687831 0.6961805555555556 0.4007936507936508 0.6974206349206349 0.39384920634920634 0.6966765873015873 0.38921957671957674 0.6934523809523809 0.3872354497354497 0.6845238095238095 0.3941798941798942 0.6770833333333334 0.4083994708994709 0.6768353174603174
0 0.7053571428571429 0.705109126984127 0.7132936507936508 0.7078373015873016 0.7215608465608465 0.716765873015873 0.7172619047619048 0.7266865079365079 0.7083333333333334 0.7299107142857143 0.6954365079365079 0.7274305555555556 0.6871693121693122 0.7135416666666666 0.6944444444444444 0.7063492063492064 0.705026455026455 0.705109126984127
0 0.7063492063492064 0.7854662698412699 0.7159391534391535 0.7894345238095238 0.7199074074074074 0.7961309523809523 0.7152777777777778 0.8070436507936508 0.707010582010582 0.8102678571428571 0.6947751322751323 0.8075396825396826 0.6891534391534392 0.8005952380952381 0.6934523809523809 0.7899305555555556 0.7000661375661376 0.7859623015873016 0.7060185185185185 0.7854662698412699
0 0.5370370370370371 0.5756448412698413 0.5462962962962963 0.5808531746031746 0.5479497354497355 0.5885416666666666 0.5433201058201058 0.5942460317460317 0.533068783068783 0.5969742063492064 0.5221560846560847 0.5922619047619048 0.5198412698412699 0.5848214285714286 0.5257936507936508 0.5771329365079365 0.5367063492063492 0.5756448412698413
0 0.7771164021164021 0.5399305555555556 0.7863756613756614 0.542906746031746 0.792989417989418 0.550843253968254 0.7860449735449735 0.5595238095238095 0.7761243386243386 0.5620039682539683 0.7678571428571429 0.5607638888888888 0.7632275132275133 0.5577876984126984 0.7609126984126984 0.5496031746031746 0.767526455026455 0.5419146825396826 0.7767857142857143 0.5399305555555556
0 0.5 0.48040674603174605 0.5079365079365079 0.484375 0.5102513227513228 0.4913194444444444 0.5056216931216931 0.4982638888888889 0.4947089947089947 0.5007440476190477 0.4877645502645503 0.4992559523809524 0.4837962962962963 0.49603174603174605 0.4808201058201058 0.48834325396825395 0.49007936507936506 0.4809027777777778 0.49966931216931215 0.48040674603174605
0 0.5995370370370371 0.6336805555555556 0.6081349206349206 0.6403769841269841 0.6087962962962963 0.6478174603174603 0.6071428571428571 0.6510416666666666 0.5972222222222222 0.6564980158730159 0.591931216931217 0.6560019841269841 0.583994708994709 0.6515376984126984 0.5813492063492064 0.6438492063492064 0.5886243386243386 0.6351686507936508 0.5992063492063492 0.6336805555555556
0 0.23644179894179895 0.5203373015873016 0.2443783068783069 0.5233134920634921 0.24834656084656084 0.5285218253968254 0.24537037037037038 0.5364583333333334 0.23644179894179895 0.5411706349206349 0.22387566137566137 0.5396825396825397 0.2166005291005291 0.5295138888888888 0.22387566137566137 0.5215773809523809 0.2361111111111111 0.5203373015873016
0 0.5062830687830688 0.7529761904761905 0.515542328042328 0.7574404761904762 0.5181878306878307 0.7668650793650794 0.5125661375661376 0.7757936507936508 0.5026455026455027 0.779265873015873 0.4947089947089947 0.7775297619047619 0.4904100529100529 0.7743055555555556 0.4877645502645503 0.7646329365079365 0.49173280423280424 0.7564484126984127 0.5059523809523809 0.7529761904761905
0 0.30257936507936506 0.669890873015873 0.310515873015873 0.6736111111111112 0.31415343915343913 0.6805555555555556 0.31084656084656087 0.6870039682539683 0.3002645502645503 0.691468253968254 0.2906746031746032 0.689484126984127 0.2857142857142857 0.6783234126984127 0.2916666666666667 0.6716269841269841 0.30224867724867727 0.669890873015873
0 0.5677910052910053 0.7517361111111112 0.578042328042328 0.7557043650793651 0.5830026455026455 0.7646329365079365 0.5790343915343915 0.7728174603174603 0.5687830687830688 0.7757936507936508 0.5578703703703703 0.7728174603174603 0.5539021164021164 0.765625 0.5575396825396826 0.7552083333333334 0.5674603174603174 0.7517361111111112
0 0.33994708994708994 0.7368551587301587 0.34424603174603174 0.7413194444444444 0.34523809523809523 0.7497519841269841 0.3416005291005291 0.7554563492063492 0.3330026455026455 0.7586805555555556 0.32506613756613756 0.7584325396825397 0.3191137566137566 0.7552083333333334 0.31712962962962965 0.7485119047619048 0.3187830687830688 0.7408234126984127 0.32837301587301587 0.7351190476190477 0.3396164021164021 0.7368551587301587