0 0.3654100529100529 0.7562003968253969 0.3776455026455027 0.7611607142857143 0.38227513227513227 0.7720734126984127 0.37996031746031744 0.7837301587301587 0.37334656084656087 0.7896825396825397 0.3673941798941799 0.7911706349206349 0.3587962962962963 0.7909226190476191 0.3478835978835979 0.7869543650793651 0.34325396825396826 0.783234126984127 0.3402777777777778 0.7760416666666666 0.3425925925925926 0.7678571428571429 0.3498677248677249 0.7606646825396826 0.3587962962962963 0.7562003968253969 0.36507936507936506 0.7562003968253969
0 0.5701058201058201 0.32415674603174605 0.5777116402116402 0.326140873015873 0.5843253968253969 0.33134920634920634 0.5859788359788359 0.3444940476190476 0.5783730158730159 0.35342261904761907 0.5654761904761905 0.3568948412698413 0.558531746031746 0.35615079365079366 0.5496031746031746 0.35119047619047616 0.5459656084656085 0.3462301587301587 0.5456349206349206 0.3400297619047619 0.5519179894179894 0.33035714285714285 0.5608465608465608 0.3253968253968254 0.5697751322751323 0.32415674603174605
0 0.544973544973545 0.4697420634920635 0.5582010582010583 0.47371031746031744 0.564484126984127 0.4806547619047619 0.5641534391534392 0.48735119047619047 0.5601851851851852 0.4945436507936508 0.5456349206349206 0.5007440476190477 0.5284391534391535 0.498015873015873 0.5244708994708994 0.4945436507936508 0.5228174603174603 0.4885912698412698 0.5234788359788359 0.48115079365079366 0.5287698412698413 0.47371031746031744 0.5363756613756614 0.47023809523809523 0.5446428571428571 0.4697420634920635
0 0.5459656084656085 0.36731150793650796 0.5575396825396826 0.373015873015873 0.5608465608465608 0.38070436507936506 0.5558862433862434 0.3916170634920635 0.5446428571428571 0.39657738095238093 0.5370370370370371 0.3958333333333333 0.5281084656084656 0.39087301587301587 0.5238095238095238 0.3802083333333333 0.529431216931217 0.3712797619047619 0.5396825396825397 0.36731150793650796 0.5456349206349206 0.36731150793650796
0 0.5059523809523809 0.4427083333333333 0.5119047619047619 0.4437003968253968 0.5188492063492064 0.4489087301587302 0.521494708994709 0.45982142857142855 0.5158730158730159 0.46850198412698413 0.5026455026455027 0.4724702380952381 0.49437830687830686 0.4712301587301587 0.4871031746031746 0.466765873015873 0.48313492063492064 0.4556051587301587 0.4851190476190476 0.4496527777777778 0.4894179894179894 0.4459325396825397 0.5056216931216931 0.4427083333333333
0 0.46726190476190477 0.8439980158730159 0.47354497354497355 0.8454861111111112 0.4808201058201058 0.8511904761904762 0.4851190476190476 0.8628472222222222 0.478505291005291 0.8767361111111112 0.4669312169312169 0.8816964285714286 0.45601851851851855 0.8804563492063492 0.45006613756613756 0.8767361111111112 0.44576719576719576 0.8720238095238095 0.4437830687830688 0.8630952380952381 0.4494047619047619 0.8489583333333334 0.4566798941798942 0.8452380952380952 0.4669312169312169 0.8439980158730159
0 0.2761243386243386 0.3375496031746032 0.2857142857142857 0.34151785714285715 0.2923280423280423 0.34970238095238093 0.2900132275132275 0.3618551587301587 0.2833994708994709 0.36607142857142855 0.2767857142857143 0.36731150793650796 0.2665343915343915 0.3663194444444444 0.25992063492063494 0.3630952380952381 0.25297619047619047 0.35615079365079366 0.25132275132275134 0.3499503968253968 0.2562830687830688 0.34151785714285715 0.265542328042328 0.33779761904761907 0.2757936507936508 0.3375496031746032
0 0.4705687830687831 0.527281746031746 0.484457671957672 0.5310019841269841 0.48908730158730157 0.5386904761904762 0.4887566137566138 0.5463789682539683 0.48478835978835977 0.5528273809523809 0.4742063492063492 0.5577876984126984 0.4642857142857143 0.5572916666666666 0.45634920634920634 0.5540674603174603 0.4503968253968254 0.5443948412698413 0.4556878306878307 0.5322420634920635 0.4603174603174603 0.529265873015873 0.47023809523809523 0.527281746031746
0 0.5112433862433863 0.6304563492063492 0.519510582010582 0.6371527777777778 0.5201719576719577 0.6473214285714286 0.5148809523809523 0.6557539682539683 0.49834656084656087 0.6624503968253969 0.48842592592592593 0.6617063492063492 0.48048941798941797 0.6579861111111112 0.47685185185185186 0.652281746031746 0.4771825396825397 0.6428571428571429 0.48115079365079366 0.6356646825396826 0.4877645502645503 0.6324404761904762 0.5013227513227513 0.6294642857142857 0.5109126984126984 0.6304563492063492
0 0.5241402116402116 0.5622519841269841 0.53505291005291 0.5672123015873016 0.5380291005291006 0.5783730158730159 0.5307539682539683 0.5885416666666666 0.5168650793650794 0.5930059523809523 0.5092592592592593 0.5920138888888888 0.5006613756613757 0.5870535714285714 0.49834656084656087 0.5758928571428571 0.5013227513227513 0.5699404761904762 0.5089285714285714 0.564484126984127 0.5238095238095238 0.5622519841269841
0 0.30753968253968256 0.8447420634920635 0.3201058201058201 0.847718253968254 0.3253968253968254 0.8524305555555556 0.32837301587301587 0.859375 0.32175925925925924 0.875 0.30522486772486773 0.8841765873015873 0.2959656084656085 0.8821924603174603 0.2863756613756614 0.8764880952380952 0.2810846560846561 0.8628472222222222 0.2833994708994709 0.855406746031746 0.2916666666666667 0.8479662698412699 0.3072089947089947 0.8447420634920635
0 0.36607142857142855 0.5922619047619048 0.3776455026455027 0.5944940476190477 0.3826058201058201 0.5987103174603174 0.38657407407407407 0.6088789682539683 0.38293650793650796 0.6165674603174603 0.3723544973544973 0.6225198412698413 0.36408730158730157 0.6232638888888888 0.35548941798941797 0.6220238095238095 0.3455687830687831 0.6163194444444444 0.34226190476190477 0.6081349206349206 0.3445767195767196 0.6001984126984127 0.3531746031746032 0.5942460317460317 0.36574074074074076 0.5925099206349206
0 0.40674603174603174 0.6746031746031746 0.41898148148148145 0.6805555555555556 0.421957671957672 0.6850198412698413 0.421957671957672 0.6917162698412699 0.4146825396825397 0.7013888888888888 0.4007936507936508 0.7065972222222222 0.39087301587301587 0.7053571428571429 0.38326719576719576 0.7006448412698413 0.3812830687830688 0.6862599206349206 0.38855820105820105 0.6783234126984127 0.4011243386243386 0.6743551587301587 0.4064153439153439 0.6746031746031746
0 0.5317460317460317 0.4990079365079365 0.5439814814814815 0.5012400793650794 0.5525793650793651 0.5111607142857143 0.5472883597883598 0.5260416666666666 0.533068783068783 0.53125 0.515542328042328 0.5265376984126984 0.5085978835978836 0.519593253968254 0.5095899470899471 0.511656746031746 0.5145502645502645 0.5047123015873016 0.5264550264550265 0.4990079365079365 0.531415343915344 0.4990079365079365
0 0.4246031746031746 0.5979662698412699 0.4351851851851852 0.6059027777777778 0.43683862433862436 0.613343253968254 0.43154761904761907 0.623015873015873 0.42592592592592593 0.626984126984127 0.4193121693121693 0.6284722222222222 0.40773809523809523 0.6279761904761905 0.4007936507936508 0.6245039682539683 0.39616402116402116 0.6197916666666666 0.3948412698412698 0.6111111111111112 0.39715608465608465 0.605406746031746 0.4044312169312169 0.5997023809523809 0.4146825396825397 0.5974702380952381 0.42427248677248675 0.5979662698412699
0 0.3601190476190476 0.6388888888888888 0.37037037037037035 0.6440972222222222 0.373015873015873 0.6552579365079365 0.36772486772486773 0.6654265873015873 0.3544973544973545 0.669890873015873 0.3455687830687831 0.6688988095238095 0.3382936507936508 0.6656746031746031 0.3330026455026455 0.6607142857142857 0.33134920634920634 0.6540178571428571 0.333994708994709 0.6465773809523809 0.34226190476190477 0.6403769841269841 0.35119047619047616 0.6376488095238095 0.35978835978835977 0.6388888888888888
0 0.33201058201058203 0.4756944444444444 0.34325396825396826 0.4809027777777778 0.3445767195767196 0.4888392857142857 0.3406084656084656 0.4990079365079365 0.3306878306878307 0.5052083333333334 0.32076719576719576 0.5052083333333334 0.3125 0.5027281746031746 0.3062169312169312 0.4972718253968254 0.30423280423280424 0.4885912698412698 0.3058862433862434 0.48412698412698413 0.31415343915343913 0.4774305555555556 0.3316798941798942 0.4756944444444444
0 0.4050925925925926 0.6302083333333334 0.4183201058201058 0.6374007936507936 0.42063492063492064 0.6450892857142857 0.41964285714285715 0.6505456349206349 0.4150132275132275 0.6560019841269841 0.4113756613756614 0.6587301587301587 0.4021164021164021 0.6604662698412699 0.3941798941798942 0.6599702380952381 0.38525132275132273 0.6552579365079365 0.3819444444444444 0.6510416666666666 0.3812830687830688 0.6438492063492064 0.3898809523809524 0.6334325396825397 0.3978174603174603 0.6302083333333334 0.40476190476190477 0.6302083333333334
0 0.4914021164021164 0.4806547619047619 0.5009920634920635 0.48834325396825395 0.5029761904761905 0.4992559523809524 0.49603174603174605 0.5091765873015873 0.4851190476190476 0.5128968253968254 0.47585978835978837 0.5121527777777778 0.4675925925925926 0.5089285714285714 0.4599867724867725 0.5012400793650794 0.45965608465608465 0.49404761904761907 0.4626322751322751 0.48834325396825395 0.4699074074074074 0.482390873015873 0.4818121693121693 0.47941468253968256 0.49107142857142855 0.4806547619047619
0 0.3343253968253968 0.7313988095238095 0.3419312169312169 0.7326388888888888 0.3498677248677249 0.7371031746031746 0.353505291005291 0.7502480158730159 0.3455687830687831 0.7631448412698413 0.33201058201058203 0.7690972222222222 0.3244047619047619 0.7686011904761905 0.31415343915343913 0.7641369047619048 0.30853174603174605 0.7586805555555556 0.30687830687830686 0.7504960317460317 0.3091931216931217 0.7430555555555556 0.31646825396825395 0.7361111111111112 0.333994708994709 0.7313988095238095
0 0.5102513227513228 0.6641865079365079 0.5228174603174603 0.6706349206349206 0.5271164021164021 0.6827876984126984 0.5201719576719577 0.6934523809523809 0.5069444444444444 0.6974206349206349 0.49834656084656087 0.6961805555555556 0.4904100529100529 0.6907242063492064 0.48644179894179895 0.6788194444444444 0.4933862433862434 0.6676587301587301 0.5006613756613757 0.6644345238095238 0.5099206349206349 0.6641865079365079
0 0.453042328042328 0.6922123015873016 0.46494708994708994 0.6946924603174603 0.4742063492063492 0.7028769841269841 0.4738756613756614 0.7127976190476191 0.4685846560846561 0.720734126984127 0.4599867724867725 0.7259424603174603 0.44841269841269843 0.7274305555555556 0.4427910052910053 0.7254464285714286 0.4348544973544973 0.7175099206349206 0.43287037037037035 0.7083333333333334 0.4365079365079365 0.6996527777777778 0.4427910052910053 0.6946924603174603 0.45271164021164023 0.6924603174603174
0 0.5539021164021164 0.6391369047619048 0.5628306878306878 0.6468253968253969 0.5625 0.654265873015873 0.5542328042328042 0.6626984126984127 0.5423280423280423 0.6671626984126984 0.5291005291005291 0.6644345238095238 0.5224867724867724 0.6567460317460317 0.5221560846560847 0.6512896825396826 0.5281084656084656 0.6428571428571429 0.5353835978835979 0.638640873015873 0.544973544973545 0.6376488095238095 0.5535714285714286 0.6391369047619048
0 0.44312169312169314 0.6336805555555556 0.455026455026455 0.6369047619047619 0.4599867724867725 0.6416170634920635 0.46130952380952384 0.6473214285714286 0.4576719576719577 0.6589781746031746 0.4444444444444444 0.6641865079365079 0.42824074074074076 0.6614583333333334 0.42427248677248675 0.658234126984127 0.42328042328042326 0.6537698412698413 0.4236111111111111 0.6443452380952381 0.4262566137566138 0.6401289682539683 0.43187830687830686 0.6361607142857143 0.4427910052910053 0.6336805555555556
0 0.3048941798941799 0.7118055555555556 0.3158068783068783 0.7162698412698413 0.3194444444444444 0.7251984126984127 0.3151455026455027 0.736359126984127 0.30787037037037035 0.7423115079365079 0.30158730158730157 0.7437996031746031 0.2863756613756614 0.7415674603174603 0.2800925925925926 0.734375 0.2794312169312169 0.7274305555555556 0.28174603174603174 0.7209821428571429 0.28703703703703703 0.7160218253968254 0.2962962962962963 0.7120535714285714 0.30456349206349204 0.7118055555555556
0 0.6193783068783069 0.42162698412698413 0.6312830687830688 0.42857142857142855 0.6342592592592593 0.4350198412698413 0.6332671957671958 0.4429563492063492 0.6197089947089947 0.45163690476190477 0.6031746031746031 0.4496527777777778 0.5952380952380952 0.4429563492063492 0.5925925925925926 0.4357638888888889 0.5952380952380952 0.42857142857142855 0.6015211640211641 0.42336309523809523 0.6190476190476191 0.42162698412698413