0 0.3521825396825397 0.699156746031746 0.36772486772486773 0.7026289682539683 0.38062169312169314 0.7100694444444444 0.38492063492063494 0.7271825396825397 0.38062169312169314 0.738343253968254 0.3687169312169312 0.7490079365079365 0.3458994708994709 0.7524801587301587 0.3316798941798942 0.7502480158730159 0.3247354497354497 0.7447916666666666 0.3191137566137566 0.7373511904761905 0.31845238095238093 0.7232142857142857 0.3210978835978836 0.7165178571428571 0.3316798941798942 0.7061011904761905 0.34523809523809523 0.6994047619047619 0.35185185185185186 0.699156746031746
0 0.7172619047619048 0.6840277777777778 0.7268518518518519 0.6884920634920635 0.7384259259259259 0.7023809523809523 0.7394179894179894 0.707093253968254 0.7294973544973545 0.7247023809523809 0.7202380952380952 0.7279265873015873 0.705026455026455 0.7291666666666666 0.6921296296296297 0.7247023809523809 0.6815476190476191 0.7182539682539683 0.6762566137566137 0.7100694444444444 0.6762566137566137 0.6986607142857143 0.6785714285714286 0.6929563492063492 0.685515873015873 0.6882440476190477 0.7027116402116402 0.6875 0.716931216931217 0.6840277777777778
0 0.7837301587301587 0.7026289682539683 0.796957671957672 0.7135416666666666 0.8019179894179894 0.7309027777777778 0.794973544973545 0.7442956349206349 0.7880291005291006 0.7492559523809523 0.7764550264550265 0.751984126984127 0.7622354497354498 0.7504960317460317 0.7400793650793651 0.7395833333333334 0.7331349206349206 0.7316468253968254 0.7314814814814815 0.7232142857142857 0.7407407407407407 0.7058531746031746 0.7602513227513228 0.7083333333333334 0.7833994708994709 0.7026289682539683
0 0.2900132275132275 0.7108134920634921 0.3082010582010582 0.7165178571428571 0.314484126984127 0.7209821428571429 0.31712962962962965 0.7274305555555556 0.31812169312169314 0.7410714285714286 0.3158068783068783 0.7477678571428571 0.30224867724867727 0.7586805555555556 0.29563492063492064 0.7606646825396826 0.2767857142857143 0.7594246031746031 0.26455026455026454 0.7554563492063492 0.25826719576719576 0.7497519841269841 0.25165343915343913 0.7378472222222222 0.25396825396825395 0.7274305555555556 0.2622354497354497 0.7189980158730159 0.2751322751322751 0.7132936507936508 0.2896825396825397 0.7108134920634921
0 0.6306216931216931 0.5617559523809523 0.6461640211640212 0.5642361111111112 0.6587301587301587 0.5704365079365079 0.6663359788359788 0.5811011904761905 0.6676587301587301 0.5922619047619048 0.6646825396825397 0.5992063492063492 0.6541005291005291 0.6068948412698413 0.6197089947089947 0.6168154761904762 0.6061507936507936 0.6130952380952381 0.5978835978835979 0.6061507936507936 0.5929232804232805 0.5927579365079365 0.5932539682539683 0.5848214285714286 0.6187169312169312 0.5632440476190477 0.6302910052910053 0.5617559523809523
0 0.6474867724867724 0.7973710317460317 0.6577380952380952 0.8000992063492064 0.6683201058201058 0.8070436507936508 0.673941798941799 0.8224206349206349 0.6726190476190477 0.8315972222222222 0.6666666666666666 0.8390376984126984 0.6570767195767195 0.845734126984127 0.6474867724867724 0.8487103174603174 0.6335978835978836 0.8459821428571429 0.6197089947089947 0.8387896825396826 0.6124338624338624 0.8311011904761905 0.6084656084656085 0.8214285714285714 0.6104497354497355 0.8107638888888888 0.6193783068783069 0.8018353174603174 0.6471560846560847 0.7973710317460317
0 0.578042328042328 0.47172619047619047 0.5879629629629629 0.4739583333333333 0.5988756613756614 0.48040674603174605 0.605489417989418 0.4913194444444444 0.6064814814814815 0.49851190476190477 0.5988756613756614 0.5128968253968254 0.5922619047619048 0.519593253968254 0.5793650793650794 0.5262896825396826 0.5651455026455027 0.5275297619047619 0.5548941798941799 0.5260416666666666 0.5373677248677249 0.515625 0.5324074074074074 0.5017361111111112 0.5525793650793651 0.4749503968253968 0.5674603174603174 0.4712301587301587 0.5777116402116402 0.47172619047619047
0 0.5545634920634921 0.6654265873015873 0.5714285714285714 0.6669146825396826 0.5787037037037037 0.6696428571428571 0.5856481481481481 0.6746031746031746 0.5925925925925926 0.6872519841269841 0.5932539682539683 0.6994047619047619 0.5886243386243386 0.7058531746031746 0.5747354497354498 0.7175099206349206 0.5621693121693122 0.7185019841269841 0.5482804232804233 0.7172619047619048 0.5327380952380952 0.7115575396825397 0.5251322751322751 0.7033730158730159 0.5201719576719577 0.6929563492063492 0.5218253968253969 0.6822916666666666 0.529431216931217 0.671875 0.5396825396825397 0.6664186507936508 0.5542328042328042 0.6654265873015873
0 0.4652777777777778 0.4097222222222222 0.48115079365079366 0.4114583333333333 0.498015873015873 0.4181547619047619 0.5049603174603174 0.42584325396825395 0.5085978835978836 0.43427579365079366 0.5059523809523809 0.4479166666666667 0.4990079365079365 0.4565972222222222 0.49173280423280424 0.46081349206349204 0.4748677248677249 0.46577380952380953 0.458994708994709 0.4642857142857143 0.44576719576719576 0.45808531746031744 0.43915343915343913 0.45262896825396826 0.43187830687830686 0.43898809523809523 0.43353174603174605 0.42857142857142855 0.4417989417989418 0.4176587301587302 0.45271164021164023 0.4107142857142857 0.46494708994708994 0.4097222222222222
0 0.6167328042328042 0.6969246031746031 0.6299603174603174 0.7006448412698413 0.6372354497354498 0.7065972222222222 0.6431878306878307 0.7276785714285714 0.638558201058201 0.7410714285714286 0.6332671957671958 0.746031746031746 0.623015873015873 0.7502480158730159 0.6101190476190477 0.7517361111111112 0.5922619047619048 0.7482638888888888 0.5810185185185185 0.7410714285714286 0.5744047619047619 0.7321428571428571 0.5740740740740741 0.7202380952380952 0.5949074074074074 0.6986607142857143 0.6164021164021164 0.6969246031746031
0 0.5952380952380952 0.47966269841269843 0.6021825396825397 0.48660714285714285 0.6038359788359788 0.49528769841269843 0.607473544973545 0.498015873015873 0.6216931216931217 0.4937996031746032 0.642526455026455 0.4945436507936508 0.6507936507936508 0.498015873015873 0.6613756613756614 0.5081845238095238 0.6620370370370371 0.5235615079365079 0.6577380952380952 0.5307539682539683 0.656084656084656 0.5287698412698413 0.6587301587301587 0.5262896825396826 0.6583994708994709 0.511656746031746 0.6554232804232805 0.5119047619047619 0.6550925925925926 0.5210813492063492 0.6507936507936508 0.5225694444444444 0.6468253968253969 0.5188492063492064 0.6491402116402116 0.5153769841269841 0.6438492063492064 0.5086805555555556 0.640542328042328 0.5138888888888888 0.6382275132275133 0.5106646825396826 0.6349206349206349 0.5114087301587301 0.6418650793650794 0.5168650793650794 0.6415343915343915 0.5203373015873016 0.6322751322751323 0.5215773809523809 0.6299603174603174 0.5181051587301587 0.628968253968254 0.5218253968253969 0.6213624338624338 0.5257936507936508 0.623015873015873 0.5280257936507936 0.6266534391534392 0.5265376984126984 0.628968253968254 0.5357142857142857 0.6335978835978836 0.5372023809523809 0.6365740740740741 0.5362103174603174 0.6316137566137566 0.533234126984127 0.6335978835978836 0.5280257936507936 0.6438492063492064 0.5282738095238095 0.6481481481481481 0.5252976190476191 0.6491402116402116 0.5295138888888888 0.6372354497354498 0.5354662698412699 0.6468253968253969 0.5396825396825397 0.6266534391534392 0.5414186507936508 0.6187169312169312 0.5399305555555556 0.6160714285714286 0.542906746031746 0.6183862433862434 0.5632440476190477 0.6375661375661376 0.5637400793650794 0.6408730158730159 0.5662202380952381 0.6517857142857143 0.5672123015873016 0.6613756613756614 0.5746527777777778 0.6617063492063492 0.5796130952380952 0.6550925925925926 0.5736607142857143 0.6517857142857143 0.5746527777777778 0.6554232804232805 0.5815972222222222 0.6511243386243386 0.5855654761904762 0.6547619047619048 0.5868055555555556 0.6550925925925926 0.5905257936507936 0.6494708994708994 0.5952380952380952 0.6498015873015873 0.6011904761904762 0.6471560846560847 0.6036706349206349 0.6395502645502645 0.5994543650793651 0.6339285714285714 0.5989583333333334 0.640542328042328 0.5984623015873016 0.6448412698412699 0.5954861111111112 0.640542328042328 0.5927579365079365 0.6349206349206349 0.5927579365079365 0.6319444444444444 0.5895337301587301 0.6342592592592593 0.5848214285714286 0.6329365079365079 0.5815972222222222 0.6355820105820106 0.5791170634920635 0.6332671957671958 0.5739087301587301 0.638558201058201 0.5706845238095238 0.6375661375661376 0.566468253968254 0.626984126984127 0.5677083333333334 0.6316137566137566 0.5714285714285714 0.6150793650793651 0.5868055555555556 0.6154100529100529 0.5927579365079365 0.607473544973545 0.5954861111111112 0.609457671957672 0.5979662698412699 0.6127645502645502 0.5964781746031746 0.6154100529100529 0.5987103174603174 0.6150793650793651 0.6034226190476191 0.6233465608465608 0.6026785714285714 0.6213624338624338 0.5982142857142857 0.6243386243386243 0.5952380952380952 0.6180555555555556 0.5875496031746031 0.6263227513227513 0.5875496031746031 0.6273148148148148 0.6024305555555556 0.6402116402116402 0.6068948412698413 0.6507936507936508 0.6068948412698413 0.6583994708994709 0.5982142857142857 0.6630291005291006 0.5962301587301587 0.6646825396825397 0.5885416666666666 0.6626984126984127 0.5833333333333334 0.6646825396825397 0.5803571428571429 0.6653439153439153 0.5954861111111112 0.6613756613756614 0.6029265873015873 0.666005291005291 0.6078869047619048 0.6716269841269841 0.609375 0.6785714285714286 0.6173115079365079 0.6802248677248677 0.6391369047619048 0.6828703703703703 0.6403769841269841 0.6792328042328042 0.6463293650793651 0.6716269841269841 0.6485615079365079 0.6676587301587301 0.6547619047619048 0.6712962962962963 0.6572420634920635 0.6828703703703703 0.6555059523809523 0.6858465608465608 0.6604662698412699 0.6878306878306878 0.6552579365079365 0.6858465608465608 0.6510416666666666 0.6891534391534392 0.6463293650793651 0.6931216931216931 0.6450892857142857 0.6994047619047619 0.6505456349206349 0.703042328042328 0.6485615079365079 0.7083333333333334 0.6507936507936508 0.6994047619047619 0.6520337301587301 0.6970899470899471 0.654265873015873 0.7000661375661376 0.6634424603174603 0.7103174603174603 0.6708829365079365 0.703042328042328 0.6815476190476191 0.6957671957671958 0.6810515873015873 0.6904761904761905 0.6765873015873016 0.6792328042328042 0.6755952380952381 0.671957671957672 0.6701388888888888 0.6722883597883598 0.6763392857142857 0.6683201058201058 0.6733630952380952 0.6646825396825397 0.6746031746031746 0.6613756613756614 0.671875 0.658068783068783 0.6731150793650794 0.6570767195767195 0.6716269841269841 0.6610449735449735 0.6696428571428571 0.6593915343915344 0.6641865079365079 0.6474867724867724 0.6569940476190477 0.6173941798941799 0.6557539682539683 0.6068121693121693 0.6654265873015873 0.603505291005291 0.6656746031746031 0.6038359788359788 0.6614583333333334 0.6091269841269841 0.6587301587301587 0.6137566137566137 0.6488095238095238 0.6104497354497355 0.6354166666666666 0.6031746031746031 0.6284722222222222 0.5985449735449735 0.6282242063492064 0.595568783068783 0.6257440476190477 0.5710978835978836 0.6242559523809523 0.5790343915343915 0.6225198412698413 0.5968915343915344 0.623015873015873 0.5985449735449735 0.6254960317460317 0.6058201058201058 0.6267361111111112 0.6127645502645502 0.6334325396825397 0.6154100529100529 0.6319444444444444 0.6190476190476191 0.6202876984126984 0.6140873015873016 0.6138392857142857 0.6061507936507936 0.6125992063492064 0.6018518518518519 0.609375 0.5942460317460317 0.5922619047619048 0.5952380952380952 0.5860615079365079 0.6018518518518519 0.5868055555555556 0.6071428571428571 0.5848214285714286 0.6078042328042328 0.5811011904761905 0.5958994708994709 0.5833333333333334 0.593584656084656 0.5813492063492064 0.611441798941799 0.5687003968253969 0.6147486772486772 0.5639880952380952 0.6130952380952381 0.5458829365079365 0.6064814814814815 0.5389384920634921 0.5985449735449735 0.5362103174603174 0.5916005291005291 0.5359623015873016 0.5886243386243386 0.5379464285714286 0.5856481481481481 0.5357142857142857 0.576058201058201 0.5362103174603174 0.578042328042328 0.5411706349206349 0.5727513227513228 0.5359623015873016 0.5648148148148148 0.5384424603174603 0.5601851851851852 0.5369543650793651 0.5654761904761905 0.5324900793650794 0.5717592592592593 0.5310019841269841 0.6001984126984127 0.5295138888888888 0.5968915343915344 0.5153769841269841 0.603505291005291 0.49677579365079366 0.5965608465608465 0.4836309523809524 0.5932539682539683 0.4818948412698413 0.5949074074074074 0.47966269841269843
0 0.5291005291005291 0.6091269841269841 0.5482804232804233 0.6187996031746031 0.5562169312169312 0.6299603174603174 0.5562169312169312 0.6344246031746031 0.5525793650793651 0.6475694444444444 0.5479497354497355 0.6540178571428571 0.5238095238095238 0.6607142857142857 0.5125661375661376 0.6597222222222222 0.4976851851851852 0.6510416666666666 0.49007936507936506 0.6440972222222222 0.4887566137566138 0.6326884920634921 0.49107142857142855 0.6272321428571429 0.5105820105820106 0.6217757936507936 0.5231481481481481 0.6106150793650794 0.5287698412698413 0.6091269841269841
0 0.7569444444444444 0.7961309523809523 0.7748015873015873 0.7963789682539683 0.7827380952380952 0.7998511904761905 0.7919973544973545 0.8072916666666666 0.7976190476190477 0.8182043650793651 0.7982804232804233 0.8291170634920635 0.794973544973545 0.8382936507936508 0.7824074074074074 0.8487103174603174 0.7691798941798942 0.8514384920634921 0.7493386243386243 0.8472222222222222 0.7361111111111112 0.8350694444444444 0.7423941798941799 0.8184523809523809 0.7417328042328042 0.8035714285714286 0.7476851851851852 0.7981150793650794 0.7566137566137566 0.7961309523809523
0 0.20833333333333334 0.6312003968253969 0.2166005291005291 0.6314484126984127 0.23842592592592593 0.6393849206349206 0.2490079365079365 0.6507936507936508 0.24867724867724866 0.6654265873015873 0.24537037037037038 0.6728670634920635 0.23412698412698413 0.6822916666666666 0.22056878306878308 0.6847718253968254 0.18551587301587302 0.6830357142857143 0.1746031746031746 0.6750992063492064 0.16997354497354497 0.6676587301587301 0.17162698412698413 0.6520337301587301 0.17857142857142858 0.6418650793650794 0.19576719576719576 0.6324404761904762 0.2080026455026455 0.6312003968253969
0 0.43253968253968256 0.5178571428571429 0.44775132275132273 0.5223214285714286 0.4580026455026455 0.5290178571428571 0.4646164021164021 0.5362103174603174 0.46726190476190477 0.550843253968254 0.460978835978836 0.5639880952380952 0.45634920634920634 0.5684523809523809 0.42824074074074076 0.578125 0.4203042328042328 0.578125 0.41005291005291006 0.5749007936507936 0.39351851851851855 0.5639880952380952 0.38921957671957674 0.5575396825396826 0.38657407407407407 0.5411706349206349 0.39021164021164023 0.5329861111111112 0.3998015873015873 0.5243055555555556 0.4322089947089947 0.5178571428571429
0 0.29365079365079366 0.6257440476190477 0.3194444444444444 0.6341765873015873 0.3247354497354497 0.6436011904761905 0.3253968253968254 0.652281746031746 0.32076719576719576 0.6612103174603174 0.31415343915343913 0.6671626984126984 0.2996031746031746 0.6750992063492064 0.2880291005291005 0.6780753968253969 0.2761243386243386 0.6770833333333334 0.26686507936507936 0.6723710317460317 0.2552910052910053 0.6614583333333334 0.2533068783068783 0.6527777777777778 0.2552910052910053 0.6440972222222222 0.2595899470899471 0.6391369047619048 0.2705026455026455 0.6349206349206349 0.28174603174603174 0.6262400793650794 0.2933201058201058 0.6257440476190477
0 0.3287037037037037 0.5791170634920635 0.33895502645502645 0.5895337301587301 0.35383597883597884 0.5989583333333334 0.3548280423280423 0.6061507936507936 0.3505291005291005 0.6192956349206349 0.3455687830687831 0.6242559523809523 0.33564814814814814 0.6302083333333334 0.32142857142857145 0.6326884920634921 0.291005291005291 0.6235119047619048 0.2843915343915344 0.6160714285714286 0.2810846560846561 0.6021825396825397 0.2863756613756614 0.5935019841269841 0.2986111111111111 0.5848214285714286 0.3072089947089947 0.5813492063492064 0.32837301587301587 0.5791170634920635
0 0.144510582010582 0.6106150793650794 0.15343915343915343 0.6128472222222222 0.16236772486772486 0.6183035714285714 0.16865079365079366 0.6264880952380952 0.17063492063492064 0.6378968253968254 0.16435185185185186 0.6502976190476191 0.15575396825396826 0.6587301587301587 0.148478835978836 0.6624503968253969 0.1349206349206349 0.6651785714285714 0.12400793650793651 0.6646825396825397 0.1087962962962963 0.6594742063492064 0.0992063492063492 0.6475694444444444 0.09788359788359788 0.6401289682539683 0.10515873015873016 0.6235119047619048 0.11276455026455026 0.6155753968253969 0.12400793650793651 0.6111111111111112 0.14417989417989419 0.6106150793650794
0 0.6302910052910053 0.6498015873015873 0.6534391534391535 0.654265873015873 0.6646825396825397 0.667906746031746 0.666005291005291 0.6728670634920635 0.6636904761904762 0.6852678571428571 0.6587301587301587 0.6929563492063492 0.6527777777777778 0.6964285714285714 0.6362433862433863 0.6999007936507936 0.611441798941799 0.6934523809523809 0.6018518518518519 0.6837797619047619 0.5985449735449735 0.6753472222222222 0.6005291005291006 0.6674107142857143 0.6167328042328042 0.6530257936507936 0.6223544973544973 0.6502976190476191 0.6299603174603174 0.6498015873015873
0 0.6623677248677249 0.6046626984126984 0.6765873015873016 0.6123511904761905 0.6822089947089947 0.6227678571428571 0.6825396825396826 0.6312003968253969 0.6785714285714286 0.6408730158730159 0.658068783068783 0.6525297619047619 0.640542328042328 0.6517857142857143 0.626984126984127 0.6475694444444444 0.6154100529100529 0.6346726190476191 0.6147486772486772 0.6287202380952381 0.6193783068783069 0.6178075396825397 0.6620370370370371 0.6046626984126984
0 0.7341269841269841 0.8370535714285714 0.7483465608465608 0.8506944444444444 0.748015873015873 0.8668154761904762 0.7357804232804233 0.876984126984127 0.7175925925925926 0.8814484126984127 0.7027116402116402 0.8802083333333334 0.6891534391534392 0.8685515873015873 0.683531746031746 0.8556547619047619 0.6851851851851852 0.84375 0.6921296296296297 0.8370535714285714 0.7073412698412699 0.8407738095238095 0.7337962962962963 0.8370535714285714
0 0.43452380952380953 0.6845238095238095 0.4470899470899471 0.6909722222222222 0.4546957671957672 0.6979166666666666 0.4603174603174603 0.7065972222222222 0.46164021164021163 0.7170138888888888 0.45436507936507936 0.7306547619047619 0.44212962962962965 0.7378472222222222 0.43287037037037035 0.7400793650793651 0.41798941798941797 0.7398313492063492 0.39914021164021163 0.7356150793650794 0.38657407407407407 0.7237103174603174 0.38227513227513227 0.7090773809523809 0.39087301587301587 0.6939484126984127 0.3974867724867725 0.6917162698412699 0.4176587301587302 0.6909722222222222 0.42857142857142855 0.6847718253968254 0.4341931216931217 0.6845238095238095
0 0.5095899470899471 0.5114087301587301 0.52744708994709 0.5183531746031746 0.5383597883597884 0.5364583333333334 0.5367063492063492 0.5451388888888888 0.5261243386243386 0.5580357142857143 0.5119047619047619 0.5647321428571429 0.48677248677248675 0.5620039682539683 0.47585978835978837 0.5575396825396826 0.4685846560846561 0.5500992063492064 0.4666005291005291 0.5376984126984127 0.4669312169312169 0.5300099206349206 0.4742063492063492 0.5205853174603174 0.49107142857142855 0.5124007936507936 0.5092592592592593 0.5114087301587301
0 0.3273809523809524 0.5054563492063492 0.3455687830687831 0.5062003968253969 0.3558201058201058 0.5044642857142857 0.37037037037037035 0.5151289682539683 0.37566137566137564 0.5235615079365079 0.37367724867724866 0.5364583333333334 0.36772486772486773 0.5441468253968254 0.35284391534391535 0.5505952380952381 0.3353174603174603 0.5545634920634921 0.31415343915343913 0.5503472222222222 0.30687830687830686 0.5436507936507936 0.2996031746031746 0.5302579365079365 0.3005952380952381 0.517609126984127 0.3167989417989418 0.5066964285714286 0.32705026455026454 0.5054563492063492
0 0.4113756613756614 0.46552579365079366 0.43253968253968256 0.47346230158730157 0.44047619047619047 0.4806547619047619 0.44543650793650796 0.501984126984127 0.4375 0.5126488095238095 0.4322089947089947 0.5166170634920635 0.4226190476190476 0.519593253968254 0.396494708994709 0.5228174603174603 0.3792989417989418 0.5158730158730159 0.37136243386243384 0.5089285714285714 0.3680555555555556 0.4928075396825397 0.37103174603174605 0.48288690476190477 0.37566137566137564 0.47693452380952384 0.38855820105820105 0.46899801587301587 0.41104497354497355 0.46577380952380953
0 0.6203703703703703 0.751984126984127 0.6402116402116402 0.7571924603174603 0.6498015873015873 0.7651289682539683 0.6537698412698413 0.7720734126984127 0.6517857142857143 0.7864583333333334 0.6471560846560847 0.7943948412698413 0.6332671957671958 0.8000992063492064 0.6236772486772487 0.8013392857142857 0.6150793650793651 0.800843253968254 0.5988756613756614 0.7943948412698413 0.5949074074074074 0.7891865079365079 0.591931216931217 0.7777777777777778 0.593584656084656 0.7653769841269841 0.5982142857142857 0.7579365079365079 0.6058201058201058 0.7529761904761905 0.6200396825396826 0.751984126984127
0 0.40575396825396826 0.6371527777777778 0.41798941798941797 0.6398809523809523 0.42956349206349204 0.6473214285714286 0.43584656084656087 0.6540178571428571 0.43783068783068785 0.6641865079365079 0.4375 0.6736111111111112 0.4341931216931217 0.6793154761904762 0.4183201058201058 0.6899801587301587 0.4103835978835979 0.6909722222222222 0.39186507936507936 0.6909722222222222 0.38591269841269843 0.6889880952380952 0.3723544973544973 0.6790674603174603 0.36772486772486773 0.6688988095238095 0.3697089947089947 0.6552579365079365 0.3759920634920635 0.6453373015873016 0.39021164021164023 0.6383928571428571 0.4054232804232804 0.6371527777777778
0 0.7397486772486772 0.7415674603174603 0.7549603174603174 0.7475198412698413 0.7648809523809523 0.753968253968254 0.7688492063492064 0.7621527777777778 0.7688492063492064 0.7730654761904762 0.7658730158730159 0.78125 0.7569444444444444 0.7909226190476191 0.748015873015873 0.7943948412698413 0.7347883597883598 0.7946428571428571 0.7166005291005291 0.7876984126984127 0.7056878306878307 0.7800099206349206 0.7023809523809523 0.7733134920634921 0.7023809523809523 0.7638888888888888 0.7073412698412699 0.7514880952380952 0.7136243386243386 0.7462797619047619 0.7235449735449735 0.7425595238095238 0.7394179894179894 0.7415674603174603
0 0.26355820105820105 0.4246031746031746 0.267526455026455 0.4280753968253968 0.2761243386243386 0.44642857142857145 0.29298941798941797 0.45610119047619047 0.294973544973545 0.45982142857142855 0.29034391534391535 0.46726190476190477 0.28075396825396826 0.47544642857142855 0.2671957671957672 0.4801587301587302 0.24404761904761904 0.4774305555555556 0.23313492063492064 0.4739583333333333 0.22156084656084657 0.4670138888888889 0.21825396825396826 0.46106150793650796 0.2199074074074074 0.44246031746031744 0.22354497354497355 0.4367559523809524 0.24338624338624337 0.4253472222222222 0.26322751322751325 0.4246031746031746
0 0.453042328042328 0.6014384920634921 0.4619708994708995 0.6168154761904762 0.4742063492063492 0.6245039682539683 0.4808201058201058 0.6262400793650794 0.48214285714285715 0.6304563492063492 0.4798280423280423 0.640625 0.4751984126984127 0.6448412698412699 0.45006613756613756 0.6525297619047619 0.439484126984127 0.6520337301587301 0.4322089947089947 0.6485615079365079 0.4173280423280423 0.6374007936507936 0.414021164021164 0.6264880952380952 0.42063492063492064 0.6125992063492064 0.4289021164021164 0.6056547619047619 0.43816137566137564 0.6016865079365079 0.45271164021164023 0.6014384920634921
0 0.708994708994709 0.785218253968254 0.7341269841269841 0.7961309523809523 0.7400793650793651 0.8035714285714286 0.7420634920634921 0.8127480158730159 0.7414021164021164 0.8209325396825397 0.734457671957672 0.8338293650793651 0.7235449735449735 0.8387896825396826 0.7106481481481481 0.8402777777777778 0.6931216931216931 0.8365575396825397 0.685515873015873 0.8313492063492064 0.6769179894179894 0.8214285714285714 0.673941798941799 0.8115079365079365 0.6749338624338624 0.8045634920634921 0.6815476190476191 0.7926587301587301 0.6960978835978836 0.7857142857142857 0.7086640211640212 0.785218253968254
0 0.06845238095238096 0.6661706349206349 0.08531746031746032 0.6711309523809523 0.09193121693121693 0.6765873015873016 0.0958994708994709 0.685515873015873 0.09556878306878307 0.6974206349206349 0.09226190476190477 0.7028769841269841 0.0744047619047619 0.7170138888888888 0.057539682539682536 0.7209821428571429 0.046957671957671955 0.7204861111111112 0.032407407407407406 0.7135416666666666 0.027116402116402115 0.7028769841269841 0.027116402116402115 0.689484126984127 0.03207671957671958 0.6812996031746031 0.05324074074074074 0.6721230158730159 0.06018518518518518 0.6664186507936508 0.06812169312169312 0.6661706349206349
0 0.40244708994708994 0.5880456349206349 0.4173280423280423 0.5989583333333334 0.4203042328042328 0.6125992063492064 0.4097222222222222 0.6299603174603174 0.4021164021164021 0.6354166666666666 0.38591269841269843 0.6388888888888888 0.37103174603174605 0.6371527777777778 0.3551587301587302 0.6299603174603174 0.3505291005291005 0.6200396825396826 0.3548280423280423 0.6056547619047619 0.35912698412698413 0.6009424603174603 0.37863756613756616 0.6001984126984127 0.4021164021164021 0.5880456349206349
0 0.5859788359788359 0.6197916666666666 0.6015211640211641 0.6232638888888888 0.6078042328042328 0.6267361111111112 0.6134259259259259 0.6331845238095238 0.6190476190476191 0.6475694444444444 0.6140873015873016 0.65625 0.6011904761904762 0.6666666666666666 0.5849867724867724 0.6703869047619048 0.5601851851851852 0.6626984126984127 0.5529100529100529 0.6555059523809523 0.5519179894179894 0.6500496031746031 0.5588624338624338 0.6287202380952381 0.5687830687830688 0.6225198412698413 0.5856481481481481 0.6197916666666666
0 0.2595899470899471 0.5902777777777778 0.2744708994708995 0.5974702380952381 0.27976190476190477 0.6031746031746031 0.28075396825396826 0.6240079365079365 0.27215608465608465 0.6336805555555556 0.2619047619047619 0.6376488095238095 0.24074074074074073 0.638640873015873 0.230489417989418 0.6378968253968254 0.21593915343915343 0.6299603174603174 0.20965608465608465 0.6086309523809523 0.21494708994708994 0.6011904761904762 0.23148148148148148 0.591765873015873 0.23941798941798942 0.5900297619047619 0.25925925925925924 0.5902777777777778
0 0.31084656084656087 0.39732142857142855 0.33564814814814814 0.404265873015873 0.34226190476190477 0.41121031746031744 0.3488756613756614 0.4253472222222222 0.34523809523809523 0.4382440476190476 0.3396164021164021 0.44717261904761907 0.32771164021164023 0.4538690476190476 0.3082010582010582 0.45808531746031744 0.2900132275132275 0.45461309523809523 0.27546296296296297 0.4459325396825397 0.26851851851851855 0.4310515873015873 0.2671957671957672 0.421875 0.271494708994709 0.4107142857142857 0.2843915343915344 0.4010416666666667 0.296957671957672 0.39732142857142855 0.310515873015873 0.39732142857142855
0 0.3773148148148148 0.5466269841269841 0.38591269841269843 0.5496031746031746 0.38921957671957674 0.5602678571428571 0.4017857142857143 0.5711805555555556 0.4037698412698413 0.5776289682539683 0.39914021164021163 0.5875496031746031 0.39384920634920634 0.5925099206349206 0.3802910052910053 0.5994543650793651 0.3707010582010582 0.6009424603174603 0.35648148148148145 0.6001984126984127 0.3439153439153439 0.5930059523809523 0.3330026455026455 0.5818452380952381 0.3306878306878307 0.5734126984126984 0.3333333333333333 0.5612599206349206 0.3386243386243386 0.5550595238095238 0.36607142857142855 0.546875 0.376984126984127 0.5466269841269841
0 0.025793650793650792 0.6277281746031746 0.031746031746031744 0.6374007936507936 0.04133597883597884 0.6450892857142857 0.06646825396825397 0.6507936507936508 0.06316137566137567 0.6631944444444444 0.05787037037037037 0.6691468253968254 0.027777777777777776 0.683531746031746 0 0.6773313492063492 0 0.638640873015873 0.01455026455026455 0.6294642857142857 0.02546296296296296 0.6277281746031746
0 0.7681878306878307 0.6555059523809523 0.7777777777777778 0.6577380952380952 0.7860449735449735 0.6654265873015873 0.7896825396825397 0.671875 0.7919973544973545 0.6860119047619048 0.7827380952380952 0.7018849206349206 0.7609126984126984 0.7078373015873016 0.7503306878306878 0.707093253968254 0.7397486772486772 0.7016369047619048 0.7288359788359788 0.6892361111111112 0.7261904761904762 0.6785714285714286 0.730489417989418 0.6684027777777778 0.7397486772486772 0.6604662698412699 0.7513227513227513 0.65625 0.7678571428571429 0.6555059523809523
0 0.49636243386243384 0.5744047619047619 0.5092592592592593 0.5778769841269841 0.519510582010582 0.5840773809523809 0.5251322751322751 0.5959821428571429 0.5254629629629629 0.6061507936507936 0.5125661375661376 0.6212797619047619 0.5042989417989417 0.6245039682539683 0.4851190476190476 0.6264880952380952 0.4738756613756614 0.6240079365079365 0.4626322751322751 0.6170634920634921 0.45634920634920634 0.6091269841269841 0.455026455026455 0.5984623015873016 0.4599867724867725 0.5877976190476191 0.4712301587301587 0.5776289682539683 0.48148148148148145 0.5744047619047619 0.49603174603174605 0.5744047619047619
0 0.6798941798941799 0.7202380952380952 0.7017195767195767 0.7306547619047619 0.7063492063492064 0.7492559523809523 0.7033730158730159 0.7586805555555556 0.6967592592592593 0.7661210317460317 0.671957671957672 0.7725694444444444 0.6574074074074074 0.769593253968254 0.6435185185185185 0.7579365079365079 0.6408730158730159 0.7442956349206349 0.646494708994709 0.7318948412698413 0.6537698412698413 0.7266865079365079 0.6683201058201058 0.7202380952380952 0.6795634920634921 0.7202380952380952
0 0.3419312169312169 0.451140873015873 0.34953703703703703 0.453125 0.3601190476190476 0.45982142857142855 0.3664021164021164 0.46750992063492064 0.3697089947089947 0.47693452380952384 0.3637566137566138 0.49677579365079366 0.3558201058201058 0.5037202380952381 0.3449074074074074 0.5062003968253969 0.31415343915343913 0.5034722222222222 0.3002645502645503 0.4947916666666667 0.2923280423280423 0.4816468253968254 0.29298941798941797 0.47172619047619047 0.3002645502645503 0.4615575396825397 0.3349867724867725 0.451140873015873 0.3416005291005291 0.451140873015873
0 0.6369047619047619 0.49206349206349204 0.6461640211640212 0.4947916666666667 0.6577380952380952 0.501984126984127 0.6626984126984127 0.5094246031746031 0.6636904761904762 0.5208333333333334 0.6613756613756614 0.5295138888888888 0.6554232804232805 0.5369543650793651 0.6478174603174603 0.5409226190476191 0.6352513227513228 0.5426587301587301 0.6160714285714286 0.5406746031746031 0.5982142857142857 0.5270337301587301 0.5972222222222222 0.5188492063492064 0.6087962962962963 0.4965277777777778 0.6193783068783069 0.4930555555555556 0.6365740740740741 0.49206349206349204
0 0.5224867724867724 0.44816468253968256 0.5337301587301587 0.4523809523809524 0.5436507936507936 0.4593253968253968 0.5492724867724867 0.4774305555555556 0.5436507936507936 0.48834325396825395 0.5327380952380952 0.49975198412698413 0.5257936507936508 0.5027281746031746 0.5056216931216931 0.5047123015873016 0.49437830687830686 0.501984126984127 0.4801587301587302 0.4928075396825397 0.4755291005291005 0.484375 0.4751984126984127 0.4680059523809524 0.4771825396825397 0.4650297619047619 0.4957010582010582 0.45808531746031744 0.5072751322751323 0.4489087301587302 0.5221560846560847 0.44816468253968256
0 0.07242063492063493 0.5979662698412699 0.09656084656084656 0.6051587301587301 0.10317460317460317 0.6140873015873016 0.10416666666666667 0.6235119047619048 0.09556878306878307 0.6396329365079365 0.08101851851851852 0.6465773809523809 0.06514550264550265 0.6498015873015873 0.052248677248677246 0.6485615079365079 0.036375661375661374 0.6423611111111112 0.0291005291005291 0.6319444444444444 0.026124338624338623 0.6217757936507936 0.02943121693121693 0.6128472222222222 0.04265873015873016 0.6021825396825397 0.05787037037037037 0.5979662698412699 0.07208994708994709 0.5979662698412699
0 0.5889550264550265 0.5295138888888888 0.6018518518518519 0.5319940476190477 0.6130952380952381 0.5401785714285714 0.6167328042328042 0.5436507936507936 0.6197089947089947 0.5570436507936508 0.6177248677248677 0.5639880952380952 0.6111111111111112 0.5724206349206349 0.593584656084656 0.5828373015873016 0.5826719576719577 0.5848214285714286 0.564484126984127 0.5818452380952381 0.5519179894179894 0.5746527777777778 0.5466269841269841 0.5674603174603174 0.5443121693121693 0.5525793650793651 0.5496031746031746 0.5426587301587301 0.5641534391534392 0.5324900793650794 0.5886243386243386 0.5295138888888888
0 0.6921296296296297 0.6356646825396826 0.7215608465608465 0.640625 0.7258597883597884 0.6438492063492064 0.728505291005291 0.6502976190476191 0.7238756613756614 0.6755952380952381 0.7139550264550265 0.6832837301587301 0.6987433862433863 0.6870039682539683 0.6822089947089947 0.6862599206349206 0.6752645502645502 0.6830357142857143 0.6676587301587301 0.6755952380952381 0.66005291005291 0.6584821428571429 0.6603835978835979 0.6535218253968254 0.6653439153439153 0.6493055555555556 0.6832010582010583 0.6369047619047619 0.6917989417989417 0.6356646825396826
0 0.4044312169312169 0.7378472222222222 0.43617724867724866 0.7435515873015873 0.4444444444444444 0.7514880952380952 0.44675925925925924 0.7599206349206349 0.44477513227513227 0.7725694444444444 0.435515873015873 0.7827380952380952 0.42857142857142855 0.7876984126984127 0.40906084656084657 0.7921626984126984 0.396494708994709 0.7904265873015873 0.3826058201058201 0.7837301587301587 0.37566137566137564 0.7681051587301587 0.37665343915343913 0.7586805555555556 0.38392857142857145 0.748015873015873 0.39384920634920634 0.7403273809523809 0.4041005291005291 0.7378472222222222
0 0.5049603174603174 0.6959325396825397 0.5221560846560847 0.7021329365079365 0.5317460317460317 0.7132936507936508 0.5320767195767195 0.7276785714285714 0.5261243386243386 0.7380952380952381 0.5132275132275133 0.7445436507936508 0.49107142857142855 0.7470238095238095 0.4708994708994709 0.7413194444444444 0.4632936507936508 0.7341269841269841 0.460978835978836 0.7281746031746031 0.4619708994708995 0.7197420634920635 0.4728835978835979 0.7061011904761905 0.5046296296296297 0.6961805555555556
0 0.48644179894179895 0.6428571428571429 0.5095899470899471 0.658234126984127 0.5125661375661376 0.6820436507936508 0.5076058201058201 0.6897321428571429 0.49834656084656087 0.6969246031746031 0.4914021164021164 0.7003968253968254 0.4742063492063492 0.7038690476190477 0.4632936507936508 0.7033730158730159 0.4540343915343915 0.6969246031746031 0.44246031746031744 0.6830357142857143 0.44113756613756616 0.6713789682539683 0.44576719576719576 0.6614583333333334 0.4540343915343915 0.6535218253968254 0.478505291005291 0.6436011904761905 0.4861111111111111 0.6428571428571429
0 0.3353174603174603 0.7514880952380952 0.3697089947089947 0.7509920634920635 0.37566137566137564 0.7552083333333334 0.3759920634920635 0.7708333333333334 0.3802910052910053 0.7829861111111112 0.37334656084656087 0.7911706349206349 0.35648148148148145 0.7971230158730159 0.3412698412698413 0.794890873015873 0.3306878306878307 0.7901785714285714 0.3210978835978836 0.7827380952380952 0.3187830687830688 0.7762896825396826 0.3194444444444444 0.7651289682539683 0.32671957671957674 0.7544642857142857 0.3349867724867725 0.7514880952380952