0 0.27380952380952384 0.4107142857142857 0.2791005291005291 0.41443452380952384 0.2824074074074074 0.4255952380952381 0.2698412698412698 0.4332837301587302 0.2619047619047619 0.43179563492063494 0.25363756613756616 0.42584325396825395 0.25132275132275134 0.4176587301587302 0.25826719576719576 0.4107142857142857 0.273478835978836 0.4107142857142857
0 0.33134920634920634 0.7934027777777778 0.3406084656084656 0.7963789682539683 0.3455687830687831 0.8033234126984127 0.3435846560846561 0.8122519841269841 0.3382936507936508 0.8184523809523809 0.3316798941798942 0.8206845238095238 0.3210978835978836 0.8196924603174603 0.31382275132275134 0.8115079365079365 0.31712962962962965 0.7996031746031746 0.3244047619047619 0.7943948412698413 0.33101851851851855 0.7936507936507936
0 0.2605820105820106 0.6974206349206349 0.2705026455026455 0.7023809523809523 0.27215608465608465 0.7100694444444444 0.26785714285714285 0.7185019841269841 0.2562830687830688 0.7214781746031746 0.2443783068783069 0.7175099206349206 0.24074074074074073 0.7083333333333334 0.24801587301587302 0.7001488095238095 0.26025132275132273 0.6974206349206349
0 0.4798280423280423 0.7720734126984127 0.4861111111111111 0.7757936507936508 0.48842592592592593 0.7844742063492064 0.484457671957672 0.7924107142857143 0.4771825396825397 0.796875 0.46825396825396826 0.7966269841269841 0.46164021164021163 0.7941468253968254 0.45634920634920634 0.7886904761904762 0.45535714285714285 0.7829861111111112 0.4593253968253968 0.7757936507936508 0.4646164021164021 0.7723214285714286 0.4794973544973545 0.7720734126984127
0 0.3194444444444444 0.5833333333333334 0.33035714285714285 0.5907738095238095 0.3316798941798942 0.5974702380952381 0.32671957671957674 0.6051587301587301 0.31746031746031744 0.607390873015873 0.3072089947089947 0.6061507936507936 0.3002645502645503 0.6016865079365079 0.296957671957672 0.591765873015873 0.30456349206349204 0.5848214285714286 0.3191137566137566 0.5833333333333334
0 0.328042328042328 0.45287698412698413 0.3386243386243386 0.4573412698412698 0.3425925925925926 0.46577380952380953 0.3406084656084656 0.470734126984127 0.3349867724867725 0.4749503968253968 0.3247354497354497 0.47668650793650796 0.31746031746031744 0.4756944444444444 0.3134920634920635 0.47271825396825395 0.31084656084656087 0.4650297619047619 0.31746031746031744 0.4548611111111111 0.32771164021164023 0.45287698412698413
0 0.4017857142857143 0.6235119047619048 0.40906084656084657 0.6297123015873016 0.4087301587301587 0.6388888888888888 0.4031084656084656 0.6453373015873016 0.3915343915343915 0.6468253968253969 0.37996031746031744 0.6436011904761905 0.37863756613756616 0.6331845238095238 0.3872354497354497 0.625 0.40145502645502645 0.6235119047619048
0 0.4007936507936508 0.5964781746031746 0.4087301587301587 0.6026785714285714 0.4087301587301587 0.6121031746031746 0.4011243386243386 0.621031746031746 0.3921957671957672 0.6227678571428571 0.3862433862433862 0.6225198412698413 0.37962962962962965 0.6192956349206349 0.3759920634920635 0.6140873015873016 0.3759920634920635 0.6076388888888888 0.3792989417989418 0.6016865079365079 0.38657407407407407 0.5967261904761905 0.40046296296296297 0.5964781746031746
0 0.4503968253968254 0.4176587301587302 0.4599867724867725 0.42137896825396826 0.4652777777777778 0.4280753968253968 0.46064814814814814 0.4392361111111111 0.4540343915343915 0.44246031746031744 0.43915343915343913 0.439484126984127 0.43253968253968256 0.4322916666666667 0.43253968253968256 0.42857142857142855 0.4375 0.421875 0.45006613756613756 0.4176587301587302
0 0.27976190476190477 0.36929563492063494 0.2873677248677249 0.37475198412698413 0.28835978835978837 0.3844246031746032 0.28703703703703703 0.38740079365079366 0.2794312169312169 0.3916170634920635 0.26455026455026454 0.38913690476190477 0.25826719576719576 0.3812003968253968 0.26025132275132273 0.37351190476190477 0.26587301587301587 0.3695436507936508 0.271494708994709 0.3680555555555556 0.2794312169312169 0.36929563492063494
0 0.22123015873015872 0.38566468253968256 0.2294973544973545 0.39285714285714285 0.22982804232804233 0.4007936507936508 0.2261904761904762 0.4045138888888889 0.21329365079365079 0.4097222222222222 0.2027116402116402 0.40401785714285715 0.20105820105820105 0.39459325396825395 0.2080026455026455 0.38665674603174605 0.2208994708994709 0.38566468253968256
0 0.19146825396825398 0.4459325396825397 0.19675925925925927 0.44841269841269843 0.2027116402116402 0.4568452380952381 0.19775132275132276 0.46478174603174605 0.19047619047619047 0.46750992063492064 0.1822089947089947 0.46726190476190477 0.17559523809523808 0.4645337301587302 0.1712962962962963 0.4600694444444444 0.17063492063492064 0.455109126984127 0.17427248677248677 0.4489087301587302 0.1818783068783069 0.4459325396825397 0.19113756613756613 0.4459325396825397
0 0.24735449735449735 0.42336309523809523 0.2542989417989418 0.4263392857142857 0.25992063492063494 0.4320436507936508 0.2585978835978836 0.4417162698412698 0.25165343915343913 0.44742063492063494 0.23445767195767195 0.44518849206349204 0.2275132275132275 0.4365079365079365 0.2318121693121693 0.42782738095238093 0.2414021164021164 0.42336309523809523 0.24702380952380953 0.42336309523809523
0 0.42658730158730157 0.4069940476190476 0.43287037037037035 0.4117063492063492 0.43287037037037035 0.4184027777777778 0.42658730158730157 0.42658730158730157 0.419973544973545 0.4283234126984127 0.4103835978835979 0.42658730158730157 0.4041005291005291 0.42212301587301587 0.40244708994708994 0.4114583333333333 0.4113756613756614 0.40600198412698413 0.4262566137566138 0.4069940476190476
0 0.2900132275132275 0.42782738095238093 0.3002645502645503 0.4340277777777778 0.30092592592592593 0.4427083333333333 0.296957671957672 0.44742063492063494 0.2863756613756614 0.44990079365079366 0.2744708994708995 0.4459325396825397 0.2705026455026455 0.43625992063492064 0.2718253968253968 0.4332837301587302 0.2810846560846561 0.4280753968253968 0.2896825396825397 0.42782738095238093
0 0.2628968253968254 0.4722222222222222 0.27314814814814814 0.47693452380952384 0.2767857142857143 0.4833829365079365 0.2728174603174603 0.4935515873015873 0.2638888888888889 0.49677579365079366 0.2523148148148148 0.4947916666666667 0.24735449735449735 0.49107142857142855 0.24503968253968253 0.484375 0.25165343915343913 0.47445436507936506 0.26256613756613756 0.4722222222222222
0 0.2361111111111111 0.404265873015873 0.24404761904761904 0.41121031746031744 0.2443783068783069 0.42162698412698413 0.2275132275132275 0.42956349206349204 0.21362433862433863 0.421875 0.21362433862433863 0.4114583333333333 0.22453703703703703 0.40476190476190477 0.23578042328042328 0.404265873015873
0 0.30092592592592593 0.3663194444444444 0.31216931216931215 0.37003968253968256 0.3167989417989418 0.3792162698412698 0.31084656084656087 0.3871527777777778 0.3002645502645503 0.38913690476190477 0.2926587301587302 0.38740079365079366 0.28869047619047616 0.3841765873015873 0.2873677248677249 0.373015873015873 0.2923280423280423 0.3680555555555556 0.3005952380952381 0.3663194444444444
0 0.29728835978835977 0.4732142857142857 0.3048941798941799 0.47693452380952384 0.3091931216931217 0.4871031746031746 0.3039021164021164 0.4945436507936508 0.29662698412698413 0.49702380952380953 0.2837301587301587 0.49503968253968256 0.27843915343915343 0.4905753968253968 0.2767857142857143 0.48412698412698413 0.2824074074074074 0.4756944444444444 0.289021164021164 0.4732142857142857 0.296957671957672 0.4732142857142857
0 0.2718253968253968 0.5295138888888888 0.2794312169312169 0.53125 0.2857142857142857 0.5394345238095238 0.2800925925925926 0.5505952380952381 0.2728174603174603 0.5528273809523809 0.2612433862433862 0.5510912698412699 0.2542989417989418 0.542906746031746 0.25496031746031744 0.5369543650793651 0.25826719576719576 0.533234126984127 0.271494708994709 0.5295138888888888
0 0.484457671957672 0.7433035714285714 0.49537037037037035 0.7477678571428571 0.4976851851851852 0.7552083333333334 0.49173280423280424 0.7661210317460317 0.482473544973545 0.7683531746031746 0.4738756613756614 0.7671130952380952 0.46924603174603174 0.7638888888888888 0.4652777777777778 0.7542162698412699 0.4705687830687831 0.746031746031746 0.48412698412698413 0.7433035714285714
0 0.6587301587301587 0.7604166666666666 0.667989417989418 0.7628968253968254 0.6742724867724867 0.7693452380952381 0.6732804232804233 0.7797619047619048 0.6696428571428571 0.7837301587301587 0.6643518518518519 0.7854662698412699 0.6504629629629629 0.7837301587301587 0.6435185185185185 0.7762896825396826 0.6438492063492064 0.769593253968254 0.6474867724867724 0.763640873015873 0.6583994708994709 0.7604166666666666
0 0.1927910052910053 0.41369047619047616 0.20304232804232805 0.4176587301587302 0.20601851851851852 0.42162698412698413 0.2037037037037037 0.43253968253968256 0.19775132275132276 0.4365079365079365 0.18485449735449735 0.435515873015873 0.17691798941798942 0.42857142857142855 0.17857142857142858 0.4181547619047619 0.18551587301587302 0.41393849206349204 0.19246031746031747 0.41369047619047616
0 0.2718253968253968 0.39012896825396826 0.2781084656084656 0.39285714285714285 0.2804232804232804 0.40054563492063494 0.27744708994708994 0.4087301587301587 0.2724867724867725 0.4104662698412698 0.2552910052910053 0.4099702380952381 0.2490079365079365 0.4000496031746032 0.25 0.39384920634920634 0.2552910052910053 0.39012896825396826 0.2619047619047619 0.388640873015873 0.271494708994709 0.39012896825396826
0 0.22387566137566137 0.4833829365079365 0.230489417989418 0.484375 0.2347883597883598 0.48735119047619047 0.23809523809523808 0.4947916666666667 0.23115079365079366 0.5054563492063492 0.22123015873015872 0.5066964285714286 0.21362433862433863 0.5059523809523809 0.2099867724867725 0.5032242063492064 0.20634920634920634 0.49330357142857145 0.21362433862433863 0.48561507936507936 0.22354497354497355 0.4833829365079365
0 0.6216931216931217 0.26587301587301587 0.6283068783068783 0.2690972222222222 0.6329365079365079 0.27554563492063494 0.6302910052910053 0.2854662698412698 0.6216931216931217 0.29017857142857145 0.6071428571428571 0.2864583333333333 0.603505291005291 0.27976190476190477 0.6087962962962963 0.2698412698412698 0.6164021164021164 0.26587301587301587 0.6213624338624338 0.26587301587301587
0 0.33201058201058203 0.42237103174603174 0.34093915343915343 0.4288194444444444 0.3429232804232804 0.43725198412698413 0.3392857142857143 0.4429563492063492 0.32771164021164023 0.4461805555555556 0.31382275132275134 0.44246031746031744 0.3098544973544973 0.4322916666666667 0.31613756613756616 0.42336309523809523 0.3316798941798942 0.42237103174603174
0 0.35714285714285715 0.45610119047619047 0.36706349206349204 0.45982142857142855 0.37103174603174605 0.4662698412698413 0.36904761904761907 0.4742063492063492 0.35978835978835977 0.4789186507936508 0.3521825396825397 0.4779265873015873 0.3429232804232804 0.46924603174603174 0.3435846560846561 0.45982142857142855 0.3492063492063492 0.4568452380952381 0.3568121693121693 0.45610119047619047
0 0.6101190476190477 0.7926587301587301 0.6203703703703703 0.7953869047619048 0.6273148148148148 0.8038194444444444 0.6243386243386243 0.814484126984127 0.6150793650793651 0.8179563492063492 0.6025132275132276 0.8162202380952381 0.5949074074074074 0.8045634920634921 0.5982142857142857 0.796875 0.6097883597883598 0.7926587301587301
0 0.3290343915343915 0.47668650793650796 0.3402777777777778 0.4806547619047619 0.3435846560846561 0.48834325396825395 0.33895502645502645 0.4957837301587302 0.3244047619047619 0.5 0.31746031746031744 0.49851190476190477 0.31283068783068785 0.49503968253968256 0.31117724867724866 0.4871031746031746 0.31746031746031744 0.47966269841269843 0.3287037037037037 0.47668650793650796
0 0.2447089947089947 0.44717261904761907 0.25496031746031744 0.451140873015873 0.25892857142857145 0.45709325396825395 0.2566137566137566 0.46726190476190477 0.2490079365079365 0.4714781746031746 0.23776455026455026 0.47023809523809523 0.22718253968253968 0.4600694444444444 0.22916666666666666 0.4521329365079365 0.23677248677248677 0.4476686507936508 0.2443783068783069 0.44717261904761907
0 0.2447089947089947 0.3678075396825397 0.25595238095238093 0.373015873015873 0.25727513227513227 0.3802083333333333 0.251984126984127 0.388640873015873 0.24801587301587302 0.39186507936507936 0.24239417989417988 0.39285714285714285 0.23082010582010581 0.392609126984127 0.22321428571428573 0.38591269841269843 0.2222222222222222 0.3792162698412698 0.2294973544973545 0.3697916666666667 0.2443783068783069 0.3678075396825397
0 0.27976190476190477 0.503968253968254 0.289021164021164 0.5086805555555556 0.2916666666666667 0.5158730158730159 0.28703703703703703 0.5243055555555556 0.2761243386243386 0.5275297619047619 0.26884920634920634 0.5265376984126984 0.26421957671957674 0.5230654761904762 0.2605820105820106 0.5121527777777778 0.2691798941798942 0.5047123015873016 0.2794312169312169 0.503968253968254
0 0.3002645502645503 0.4035218253968254 0.30853174603174605 0.4079861111111111 0.3115079365079365 0.4176587301587302 0.3072089947089947 0.4246031746031746 0.29728835978835977 0.42683531746031744 0.28935185185185186 0.42658730158730157 0.28505291005291006 0.4236111111111111 0.2787698412698413 0.41121031746031744 0.289021164021164 0.40401785714285715 0.29993386243386244 0.4035218253968254
0 0.16203703703703703 0.41121031746031744 0.17063492063492064 0.4146825396825397 0.17559523809523808 0.42311507936507936 0.17328042328042328 0.42981150793650796 0.1650132275132275 0.43353174603174605 0.1550925925925926 0.4330357142857143 0.1474867724867725 0.4303075396825397 0.14153439153439154 0.42237103174603174 0.14252645502645503 0.4181547619047619 0.14781746031746032 0.41393849206349204 0.16170634920634921 0.41121031746031744
0 0.21693121693121692 0.43427579365079366 0.2261904761904762 0.4382440476190476 0.23082010582010581 0.4461805555555556 0.22552910052910052 0.4538690476190476 0.21593915343915343 0.45808531746031744 0.2046957671957672 0.4565972222222222 0.19576719576719576 0.4459325396825397 0.2056878306878307 0.435515873015873 0.2166005291005291 0.43427579365079366
0 0.2996031746031746 0.5386904761904762 0.3101851851851852 0.5424107142857143 0.31316137566137564 0.5463789682539683 0.31117724867724866 0.5577876984126984 0.3039021164021164 0.5632440476190477 0.2896825396825397 0.560515873015873 0.28075396825396826 0.5538194444444444 0.2810846560846561 0.5486111111111112 0.2876984126984127 0.5401785714285714 0.29927248677248675 0.5386904761904762
0 0.7076719576719577 0.3253968253968254 0.716931216931217 0.32961309523809523 0.718584656084656 0.3368055555555556 0.7146164021164021 0.3444940476190476 0.707010582010582 0.3482142857142857 0.6944444444444444 0.345734126984127 0.6901455026455027 0.34151785714285715 0.6888227513227513 0.3345734126984127 0.6954365079365079 0.326140873015873 0.7073412698412699 0.3253968253968254