0 0.6868386243386243 0.7410714285714286 0.7023809523809523 0.7472718253968254 0.7076719576719577 0.7552083333333334 0.707010582010582 0.7621527777777778 0.7027116402116402 0.7658730158730159 0.6865079365079365 0.7708333333333334 0.6752645502645502 0.7698412698412699 0.667989417989418 0.7668650793650794 0.6626984126984127 0.7579365079365079 0.6630291005291006 0.7517361111111112 0.6666666666666666 0.7477678571428571 0.6865079365079365 0.7410714285714286
0 0.6173941798941799 0.6867559523809523 0.6322751322751323 0.6899801587301587 0.6365740740740741 0.6999007936507936 0.6352513227513228 0.7068452380952381 0.6160714285714286 0.7127976190476191 0.6087962962962963 0.7115575396825397 0.6005291005291006 0.7063492063492064 0.5962301587301587 0.6976686507936508 0.6018518518518519 0.6879960317460317 0.6170634920634921 0.6867559523809523
0 0.6597222222222222 0.625 0.6762566137566137 0.6302083333333334 0.6792328042328042 0.640625 0.671957671957672 0.6478174603174603 0.6590608465608465 0.6512896825396826 0.6484788359788359 0.6507936507936508 0.6418650793650794 0.6478174603174603 0.6362433862433863 0.6428571428571429 0.6349206349206349 0.6364087301587301 0.640542328042328 0.6287202380952381 0.6593915343915344 0.625
0 0.6091269841269841 0.6604662698412699 0.6200396825396826 0.6614583333333334 0.6263227513227513 0.6644345238095238 0.6279761904761905 0.671875 0.6197089947089947 0.6857638888888888 0.607473544973545 0.6877480158730159 0.59755291005291 0.6867559523809523 0.5886243386243386 0.6825396825396826 0.5849867724867724 0.6716269841269841 0.591931216931217 0.6631944444444444 0.6087962962962963 0.6604662698412699
0 0.5479497354497355 0.6941964285714286 0.5572089947089947 0.6956845238095238 0.5611772486772487 0.6986607142857143 0.5618386243386243 0.7063492063492064 0.5568783068783069 0.7137896825396826 0.5376984126984127 0.720734126984127 0.5281084656084656 0.7204861111111112 0.5224867724867724 0.7172619047619048 0.5201719576719577 0.7110615079365079 0.5211640211640212 0.7021329365079365 0.5281084656084656 0.6961805555555556 0.5476190476190477 0.6941964285714286
0 0.5466269841269841 0.6217757936507936 0.5542328042328042 0.6264880952380952 0.5542328042328042 0.636656746031746 0.5476190476190477 0.6418650793650794 0.5300925925925926 0.6465773809523809 0.519510582010582 0.6438492063492064 0.513558201058201 0.6302083333333334 0.5178571428571429 0.6259920634920635 0.5261243386243386 0.6227678571428571 0.5462962962962963 0.6217757936507936
0 0.5034722222222222 0.6447172619047619 0.035383597883597885 0.026041666666666668
0 0.5056216931216931 0.5853174603174603 0.5165343915343915 0.5885416666666666 0.519510582010582 0.5925099206349206 0.5191798941798942 0.5992063492063492 0.5125661375661376 0.6059027777777778 0.49867724867724866 0.6098710317460317 0.4894179894179894 0.609375 0.48412698412698413 0.6066468253968254 0.4834656084656085 0.5939980158730159 0.4904100529100529 0.5865575396825397 0.5052910052910053 0.5853174603174603
0 0.4375 0.6259920634920635 0.44742063492063494 0.6307043650793651 0.4480820105820106 0.6438492063492064 0.4437830687830688 0.6480654761904762 0.43386243386243384 0.6502976190476191 0.42493386243386244 0.6498015873015873 0.41964285714285715 0.6473214285714286 0.4169973544973545 0.6431051587301587 0.4173280423280423 0.6369047619047619 0.4252645502645503 0.6279761904761905 0.43716931216931215 0.6259920634920635
0 0.47255291005291006 0.5610119047619048 0.48842592592592593 0.5639880952380952 0.49404761904761907 0.5704365079365079 0.4923941798941799 0.5776289682539683 0.48842592592592593 0.5815972222222222 0.4828042328042328 0.5850694444444444 0.4728835978835979 0.5870535714285714 0.4566798941798942 0.5850694444444444 0.45072751322751325 0.578125 0.4513888888888889 0.5706845238095238 0.455026455026455 0.5659722222222222 0.4632936507936508 0.5617559523809523 0.4722222222222222 0.5610119047619048
0 0.4408068783068783 0.5902777777777778 0.45337301587301587 0.5952380952380952 0.455026455026455 0.6029265873015873 0.4497354497354497 0.6098710317460317 0.43584656084656087 0.6148313492063492 0.4183201058201058 0.6111111111111112 0.414021164021164 0.6016865079365079 0.4193121693121693 0.5930059523809523 0.42857142857142855 0.5905257936507936 0.44047619047619047 0.5902777777777778
0 0.43287037037037035 0.5687003968253969 0.4417989417989418 0.5701884920634921 0.4460978835978836 0.5734126984126984 0.44576719576719576 0.5845734126984127 0.44113756613756616 0.589781746031746 0.42228835978835977 0.5915178571428571 0.4103835978835979 0.5892857142857143 0.40674603174603174 0.5835813492063492 0.40674603174603174 0.5768849206349206 0.4146825396825397 0.5699404761904762 0.43253968253968256 0.5687003968253969
0 0.5502645502645502 0.29811507936507936 0.5611772486772487 0.3060515873015873 0.5628306878306878 0.314484126984127 0.5578703703703703 0.32142857142857145 0.5472883597883598 0.32490079365079366 0.5396825396825397 0.3246527777777778 0.5327380952380952 0.3209325396825397 0.5277777777777778 0.314484126984127 0.5271164021164021 0.30927579365079366 0.5340608465608465 0.30009920634920634 0.5499338624338624 0.29811507936507936
0 0.5383597883597884 0.5379464285714286 0.5499338624338624 0.5401785714285714 0.5542328042328042 0.542906746031746 0.5558862433862434 0.5483630952380952 0.5499338624338624 0.5580357142857143 0.5367063492063492 0.5625 0.519510582010582 0.5602678571428571 0.5152116402116402 0.5548115079365079 0.5148809523809523 0.5486111111111112 0.5168650793650794 0.5434027777777778 0.5221560846560847 0.5396825396825397 0.5380291005291006 0.5379464285714286
0 0.5578703703703703 0.27132936507936506 0.5654761904761905 0.27628968253968256 0.5661375661375662 0.2867063492063492 0.5611772486772487 0.2916666666666667 0.5505952380952381 0.2943948412698413 0.5393518518518519 0.2874503968253968 0.5370370370370371 0.2795138888888889 0.5459656084656085 0.27132936507936506 0.5575396825396826 0.27132936507936506
0 0.5383597883597884 0.25892857142857145 0.5439814814814815 0.26091269841269843 0.5476190476190477 0.2698412698412698 0.5353835978835979 0.28273809523809523 0.529431216931217 0.28422619047619047 0.5224867724867724 0.28149801587301587 0.5188492063492064 0.2770337301587302 0.5181878306878307 0.26612103174603174 0.5251322751322751 0.26066468253968256 0.5380291005291006 0.25892857142857145
0 0.5615079365079365 0.23660714285714285 0.5710978835978836 0.2408234126984127 0.5753968253968254 0.2517361111111111 0.5710978835978836 0.2584325396825397 0.5611772486772487 0.26264880952380953 0.548941798941799 0.2594246031746032 0.5446428571428571 0.2554563492063492 0.5436507936507936 0.2490079365079365 0.5472883597883598 0.23933531746031747 0.5535714285714286 0.23660714285714285 0.5611772486772487 0.23660714285714285
0 0.5297619047619048 0.23883928571428573 0.5386904761904762 0.2408234126984127 0.542989417989418 0.2442956349206349 0.5453042328042328 0.2552083333333333 0.5403439153439153 0.2594246031746032 0.5231481481481481 0.26066468253968256 0.5171957671957672 0.2564484126984127 0.5162037037037037 0.24751984126984128 0.519510582010582 0.24330357142857142 0.529431216931217 0.23883928571428573
0 0.7208994708994709 0.13541666666666666 0.7281746031746031 0.140625 0.728505291005291 0.1505456349206349 0.7218915343915344 0.15823412698412698 0.7109788359788359 0.16046626984126985 0.7020502645502645 0.1572420634920635 0.6997354497354498 0.1440972222222222 0.7066798941798942 0.1371527777777778 0.720568783068783 0.13541666666666666
0 0.6908068783068783 0.13665674603174602 0.6974206349206349 0.140625 0.6987433862433863 0.1515376984126984 0.6944444444444444 0.1579861111111111 0.6848544973544973 0.16220238095238096 0.6749338624338624 0.16046626984126985 0.6706349206349206 0.1545138888888889 0.6693121693121693 0.14732142857142858 0.6742724867724867 0.14037698412698413 0.6828703703703703 0.13665674603174602 0.6904761904761905 0.13665674603174602
0 0.6369047619047619 0.13764880952380953 0.6471560846560847 0.14260912698412698 0.6484788359788359 0.15203373015873015 0.6451719576719577 0.1579861111111111 0.6349206349206349 0.16245039682539683 0.6266534391534392 0.16145833333333334 0.6226851851851852 0.15848214285714285 0.6187169312169312 0.1470734126984127 0.626984126984127 0.13864087301587302 0.6365740740740741 0.13764880952380953
0 0.6577380952380952 0.08085317460317461 0.666005291005291 0.08308531746031746 0.6696428571428571 0.08804563492063493 0.6703042328042328 0.09523809523809523 0.6656746031746031 0.10243055555555555 0.6603835978835979 0.10615079365079365 0.6521164021164021 0.10689484126984126 0.6478174603174603 0.10590277777777778 0.6428571428571429 0.09995039682539683 0.6441798941798942 0.0882936507936508 0.6507936507936508 0.08308531746031746 0.6574074074074074 0.08110119047619048
0 0.6775793650793651 0.05704365079365079 0.6848544973544973 0.06125992063492063 0.6861772486772487 0.0726686507936508 0.6808862433862434 0.07862103174603174 0.6683201058201058 0.08283730158730158 0.6610449735449735 0.08035714285714286 0.6577380952380952 0.0763888888888889 0.6577380952380952 0.06374007936507936 0.6646825396825397 0.05803571428571429 0.6772486772486772 0.05704365079365079
0 0.39351851851851855 0.6068948412698413 0.4037698412698413 0.6125992063492064 0.39814814814814814 0.6185515873015873 0.3941798941798942 0.6279761904761905 0.3862433862433862 0.6294642857142857 0.37863756613756616 0.6294642857142857 0.3726851851851852 0.626984126984127 0.37103174603174605 0.6125992063492064 0.37996031746031744 0.6066468253968254 0.3931878306878307 0.6068948412698413
0 0.40244708994708994 0.5749007936507936 0.40674603174603174 0.5776289682539683 0.4093915343915344 0.591765873015873 0.4021164021164021 0.5954861111111112 0.39351851851851855 0.5964781746031746 0.3826058201058201 0.5947420634920635 0.37962962962962965 0.5907738095238095 0.37996031746031744 0.5843253968253969 0.38326719576719576 0.5778769841269841 0.3869047619047619 0.5758928571428571 0.4021164021164021 0.5749007936507936
0 0.5036375661375662 0.26165674603174605 0.5119047619047619 0.2638888888888889 0.5171957671957672 0.2720734126984127 0.5145502645502645 0.2805059523809524 0.503968253968254 0.28447420634920634 0.4947089947089947 0.2829861111111111 0.48743386243386244 0.27306547619047616 0.49074074074074076 0.26413690476190477 0.5033068783068783 0.26165674603174605
0 0.478505291005291 0.2673611111111111 0.48743386243386244 0.27132936507936506 0.49074074074074076 0.2829861111111111 0.4837962962962963 0.2896825396825397 0.4781746031746032 0.29092261904761907 0.46726190476190477 0.28943452380952384 0.4599867724867725 0.28000992063492064 0.4636243386243386 0.2708333333333333 0.4781746031746032 0.2673611111111111
0 0.5013227513227513 0.2425595238095238 0.5132275132275133 0.24875992063492064 0.513558201058201 0.25892857142857145 0.5089285714285714 0.26264880952380953 0.4914021164021164 0.26413690476190477 0.48677248677248675 0.2614087301587302 0.48412698412698413 0.25049603174603174 0.49437830687830686 0.2435515873015873 0.5009920634920635 0.2425595238095238
0 0.5205026455026455 0.22569444444444445 0.5287698412698413 0.23040674603174602 0.5300925925925926 0.2378472222222222 0.5208333333333334 0.24280753968253968 0.515542328042328 0.24851190476190477 0.5023148148148148 0.24280753968253968 0.5006613756613757 0.23462301587301587 0.5052910052910053 0.22891865079365079 0.5201719576719577 0.22569444444444445
0 0.47784391534391535 0.2472718253968254 0.484457671957672 0.2517361111111111 0.48743386243386244 0.26512896825396826 0.48412698412698413 0.26860119047619047 0.46726190476190477 0.26884920634920634 0.46064814814814814 0.26512896825396826 0.460978835978836 0.2542162698412698 0.4669312169312169 0.24950396825396826 0.4775132275132275 0.2472718253968254
0 0.4851190476190476 0.22395833333333334 0.4947089947089947 0.22842261904761904 0.49834656084656087 0.2378472222222222 0.49537037037037035 0.24330357142857142 0.48412698412698413 0.24801587301587302 0.4751984126984127 0.2452876984126984 0.46924603174603174 0.23412698412698413 0.4738756613756614 0.22643849206349206 0.48478835978835977 0.22395833333333334
0 0.6031746031746031 0.06473214285714286 0.6084656084656085 0.0662202380952381 0.6127645502645502 0.07068452380952381 0.6144179894179894 0.07837301587301587 0.6101190476190477 0.08506944444444445 0.5995370370370371 0.08953373015873016 0.591931216931217 0.08779761904761904 0.5859788359788359 0.07738095238095238 0.5912698412698413 0.06721230158730158 0.6028439153439153 0.06473214285714286
0 0.6038359788359788 0.04365079365079365 0.6127645502645502 0.050347222222222224 0.6107804232804233 0.06101190476190476 0.6058201058201058 0.06498015873015874 0.5922619047619048 0.0662202380952381 0.5856481481481481 0.060267857142857144 0.5863095238095238 0.05084325396825397 0.5916005291005291 0.046378968253968256 0.603505291005291 0.04365079365079365
0 0.4150132275132275 0.6125992063492064 0.4255952380952381 0.6160714285714286 0.4289021164021164 0.6237599206349206 0.41798941798941797 0.6344246031746031 0.4103835978835979 0.6356646825396826 0.3998015873015873 0.6336805555555556 0.3951719576719577 0.6257440476190477 0.4017857142857143 0.6145833333333334 0.4146825396825397 0.6125992063492064
0 0.35648148148148145 0.623015873015873 0.032407407407407406 0.025297619047619048
0 0.4494047619047619 0.24677579365079366 0.45701058201058203 0.2482638888888889 0.46064814814814814 0.2517361111111111 0.46064814814814814 0.26587301587301587 0.4540343915343915 0.2690972222222222 0.44246031746031744 0.2663690476190476 0.43716931216931215 0.2621527777777778 0.43816137566137564 0.2517361111111111 0.44212962962962965 0.24801587301587302 0.44907407407407407 0.24677579365079366
0 0.5717592592592593 0.04141865079365079 0.5790343915343915 0.04662698412698413 0.5806878306878307 0.05357142857142857 0.5770502645502645 0.06076388888888889 0.5651455026455027 0.06547619047619048 0.5558862433862434 0.06076388888888889 0.5535714285714286 0.05133928571428571 0.5588624338624338 0.043154761904761904 0.5714285714285714 0.04141865079365079
0 0.3373015873015873 0.6217757936507936 0.353505291005291 0.6374007936507936 0.34424603174603174 0.6438492063492064 0.3349867724867725 0.6448412698412699 0.3244047619047619 0.6421130952380952 0.31977513227513227 0.6336805555555556 0.32837301587301587 0.6242559523809523 0.3369708994708995 0.6217757936507936
0 0.32506613756613756 0.6116071428571429 0.3349867724867725 0.6160714285714286 0.3353174603174603 0.6197916666666666 0.32076719576719576 0.6326884920634921 0.31084656084656087 0.6346726190476191 0.30456349206349204 0.6341765873015873 0.2996031746031746 0.6309523809523809 0.29662698412698413 0.6197916666666666 0.30753968253968256 0.6128472222222222 0.3247354497354497 0.6116071428571429
0 0.2959656084656085 0.6192956349206349 0.29794973544973546 0.626984126984127 0.3055555555555556 0.6336805555555556 0.3002645502645503 0.6376488095238095 0.28703703703703703 0.6401289682539683 0.2728174603174603 0.6361607142857143 0.2705026455026455 0.6259920634920635 0.2767857142857143 0.6195436507936508 0.29563492063492064 0.6192956349206349
0 0.3230820105820106 0.23933531746031747 0.32837301587301587 0.2408234126984127 0.33664021164021163 0.24801587301587302 0.33564814814814814 0.2542162698412698 0.328042328042328 0.26165674603174605 0.3134920634920635 0.25892857142857145 0.30753968253968256 0.2517361111111111 0.310515873015873 0.24280753968253968 0.32275132275132273 0.23933531746031747
0 0.29398148148148145 0.18328373015873015 0.30158730158730157 0.18601190476190477 0.30522486772486773 0.19642857142857142 0.30092592592592593 0.20287698412698413 0.29365079365079366 0.20560515873015872 0.28406084656084657 0.20287698412698413 0.27843915343915343 0.19419642857142858 0.2830687830687831 0.18551587301587302 0.29365079365079366 0.18328373015873015
0 0.33895502645502645 0.1440972222222222 0.34656084656084657 0.14781746031746032 0.3505291005291005 0.1535218253968254 0.34755291005291006 0.16170634920634921 0.3396164021164021 0.16765873015873015 0.32771164021164023 0.16517857142857142 0.3201058201058201 0.15476190476190477 0.32341269841269843 0.1470734126984127 0.33035714285714285 0.14384920634920634 0.3386243386243386 0.1440972222222222
0 0.3416005291005291 0.10689484126984126 0.3488756613756614 0.10912698412698413 0.3544973544973545 0.11805555555555555 0.3521825396825397 0.12624007936507936 0.34325396825396826 0.1307043650793651 0.3306878306878307 0.1277281746031746 0.3247354497354497 0.12003968253968254 0.328042328042328 0.109375 0.3323412698412698 0.10714285714285714 0.3412698412698413 0.10689484126984126
0 0.38062169312169314 0.08035714285714286 0.3869047619047619 0.08308531746031746 0.3912037037037037 0.09176587301587301 0.38756613756613756 0.09945436507936507 0.38095238095238093 0.10267857142857142 0.3697089947089947 0.10069444444444445 0.3654100529100529 0.09275793650793651 0.3673941798941799 0.08407738095238096 0.3726851851851852 0.08110119047619048 0.3802910052910053 0.08035714285714286
0 0.5912698412698413 0.028273809523809524 0.6005291005291006 0.029265873015873016 0.6041666666666666 0.042162698412698416 0.58994708994709 0.047619047619047616 0.5849867724867724 0.05233134920634921 0.5757275132275133 0.043402777777777776 0.5757275132275133 0.036458333333333336 0.5816798941798942 0.029265873015873016 0.5909391534391535 0.028273809523809524
0 0.30753968253968256 0.09995039682539683 0.31712962962962965 0.1039186507936508 0.32076719576719576 0.109375 0.31845238095238093 0.11755952380952381 0.310515873015873 0.12251984126984126 0.3005952380952381 0.12028769841269842 0.29464285714285715 0.11284722222222222 0.29662698412698413 0.10466269841269842 0.3072089947089947 0.09995039682539683
0 0.31812169312169314 0.08035714285714286 0.32837301587301587 0.0845734126984127 0.33101851851851855 0.09052579365079365 0.32837301587301587 0.10044642857142858 0.3210978835978836 0.1039186507936508 0.3098544973544973 0.1001984126984127 0.30522486772486773 0.09474206349206349 0.3072089947089947 0.0845734126984127 0.3134920634920635 0.08060515873015874 0.3177910052910053 0.08035714285714286
0 0.36044973544973546 0.04712301587301587 0.3664021164021164 0.05009920634920635 0.3716931216931217 0.057787698412698416 0.36772486772486773 0.06770833333333333 0.36044973544973546 0.07142857142857142 0.3501984126984127 0.06845238095238096 0.34424603174603174 0.06125992063492063 0.3445767195767196 0.05555555555555555 0.34854497354497355 0.050595238095238096 0.35548941798941797 0.046875 0.3601190476190476 0.04712301587301587
0 0.3177910052910053 0.05505952380952381 0.328042328042328 0.06001984126984127 0.33101851851851855 0.06721230158730158 0.32837301587301587 0.07564484126984126 0.3194444444444444 0.07787698412698413 0.31117724867724866 0.07614087301587301 0.3048941798941799 0.06770833333333333 0.3072089947089947 0.05927579365079365 0.31746031746031744 0.05505952380952381
0 0.2900132275132275 0.057787698412698416 0.29728835978835977 0.06448412698412699 0.29794973544973546 0.07142857142857142 0.29398148148148145 0.07688492063492064 0.2867063492063492 0.08035714285714286 0.2748015873015873 0.07614087301587301 0.27116402116402116 0.06721230158730158 0.27546296296296297 0.0597718253968254 0.2896825396825397 0.057787698412698416
0 0.6203703703703703 0.020337301587301588 0.6299603174603174 0.026041666666666668 0.6319444444444444 0.036210317460317464 0.6276455026455027 0.04365079365079365 0.6167328042328042 0.047619047619047616 0.6127645502645502 0.047619047619047616 0.6048280423280423 0.04241071428571429 0.6031746031746031 0.03125 0.6048280423280423 0.026785714285714284 0.6111111111111112 0.0220734126984127 0.6200396825396826 0.020337301587301588
0 0.3125 0.03571428571428571 0.3201058201058201 0.04241071428571429 0.32142857142857145 0.05009920634920635 0.31845238095238093 0.054811507936507936 0.3072089947089947 0.059027777777777776 0.30357142857142855 0.058779761904761904 0.29728835978835977 0.05381944444444445 0.294973544973545 0.04389880952380952 0.30324074074074076 0.03571428571428571 0.31216931216931215 0.03571428571428571
0 0.2794312169312169 0.042162698412698416 0.28604497354497355 0.04389880952380952 0.29133597883597884 0.04836309523809524 0.2943121693121693 0.05357142857142857 0.29298941798941797 0.05828373015873016 0.27976190476190477 0.059027777777777776 0.2724867724867725 0.0625 0.2681878306878307 0.05009920634920635 0.271494708994709 0.045882936507936505 0.2791005291005291 0.04241071428571429
0 0.5929232804232805 0.007936507936507936 0.5988756613756614 0.00992063492063492 0.6025132275132276 0.01488095238095238 0.6028439153439153 0.024553571428571428 0.5992063492063492 0.02976190476190476 0.5813492063492064 0.029513888888888888 0.5763888888888888 0.022817460317460316 0.5770502645502645 0.015625 0.580026455026455 0.011904761904761904 0.5925925925925926 0.007936507936507936
0 0.33465608465608465 0.0248015873015873 0.33994708994708994 0.02976190476190476 0.3419312169312169 0.037698412698412696 0.33895502645502645 0.043402777777777776 0.33134920634920634 0.04662698412698413 0.3244047619047619 0.04513888888888889 0.3191137566137566 0.040674603174603176 0.31547619047619047 0.036458333333333336 0.3151455026455027 0.029513888888888888 0.32142857142857145 0.024305555555555556 0.32837301587301587 0.023313492063492064 0.3343253968253968 0.0248015873015873
0 0.3558201058201058 0.00496031746031746 0.3630952380952381 0.00818452380952381 0.36673280423280424 0.018105158730158732 0.3644179894179894 0.023809523809523808 0.3568121693121693 0.027281746031746032 0.35119047619047616 0.026785714285714284 0.3455687830687831 0.023313492063492064 0.34226190476190477 0.016121031746031748 0.3462301587301587 0.00744047619047619 0.35548941798941797 0.00496031746031746
0 0.2698412698412698 0.027529761904761904 0.2771164021164021 0.030257936507936508 0.2804232804232804 0.03844246031746032 0.2794312169312169 0.042162698412698416 0.26884920634920634 0.049107142857142856 0.25826719576719576 0.04389880952380952 0.25727513227513227 0.038938492063492064 0.26025132275132273 0.029017857142857144 0.26951058201058203 0.027529761904761904
0 0.3148148148148148 0.006448412698412698 0.3244047619047619 0.012152777777777778 0.32705026455026454 0.020089285714285716 0.32572751322751325 0.022817460317460316 0.31415343915343913 0.028769841269841268 0.30324074074074076 0.022569444444444444 0.3012566137566138 0.01488095238095238 0.30687830687830686 0.00744047619047619 0.314484126984127 0.006448412698412698
0 0.251984126984127 0.023561507936507936 0.2595899470899471 0.029265873015873016 0.2585978835978836 0.043402777777777776 0.2552910052910053 0.044642857142857144 0.2447089947089947 0.043402777777777776 0.23974867724867724 0.03993055555555555 0.23776455026455026 0.034722222222222224 0.24074074074074073 0.026537698412698412 0.24801587301587302 0.023065476190476192 0.25165343915343913 0.023561507936507936
0 0.2900132275132275 0.00248015873015873 0.29662698412698413 0.006944444444444444 0.2996031746031746 0.016121031746031748 0.29728835978835977 0.021825396825396824 0.2896825396825397 0.025793650793650792 0.2810846560846561 0.023065476190476192 0.27546296296296297 0.016121031746031748 0.2787698412698413 0.006944444444444444 0.2896825396825397 0.00248015873015873