0 0.8515625 0.3578125 0.86875 0.3625 0.875 0.36875 0.875 0.3734375 0.8703125 0.378125 0.8625 0.38125 0.853125 0.38125 0.8359375 0.3765625 0.828125 0.3734375 0.8234375 0.36875 0.8265625 0.3609375 0.834375 0.35625 0.85 0.3578125
0 0.828125 0.74375 0.8359375 0.75 0.8375 0.7578125 0.834375 0.7625 0.828125 0.765625 0.8171875 0.7671875 0.7921875 0.7671875 0.7828125 0.759375 0.78125 0.75 0.7828125 0.746875 0.790625 0.74375 0.815625 0.740625 0.8265625 0.74375
0 0.0984375 0.4421875 0.109375 0.446875 0.109375 0.4546875 0.0890625 0.4625 0.0625 0.4625 0.0578125 0.4578125 0.0578125 0.4546875 0.0625 0.4484375 0.0703125 0.4453125 0.096875 0.4421875
0 0.815625 0.6734375 0.8390625 0.684375 0.8421875 0.6921875 0.834375 0.7 0.825 0.7 0.803125 0.6921875 0.7890625 0.6828125 0.7875 0.675 0.7953125 0.66875 0.803125 0.66875 0.8140625 0.6734375
0 0.3625 0.546875 0.3609375 0.5375 0.3640625 0.534375 0.384375 0.5296875 0.4046875 0.5296875 0.409375 0.5359375 0.409375 0.540625 0.4046875 0.5453125 0.3828125 0.55 0.36875 0.55 0.3640625 0.546875
0 0.4453125 0.4921875 0.446875 0.5 0.4109375 0.515625 0.403125 0.5140625 0.4 0.509375 0.4 0.50625 0.4046875 0.5015625 0.43125 0.490625 0.44375 0.4921875
0 0.7890625 0.5796875 0.7984375 0.5859375 0.8 0.59375 0.7921875 0.6 0.7671875 0.6078125 0.7546875 0.60625 0.75 0.603125 0.7484375 0.5984375 0.75 0.5921875 0.775 0.58125 0.7875 0.5796875
0 0.1875 0.4515625 0.19375 0.4546875 0.19375 0.4609375 0.1890625 0.465625 0.165625 0.4765625 0.1515625 0.4765625 0.146875 0.4734375 0.1453125 0.4671875 0.153125 0.459375 0.16875 0.4515625 0.1734375 0.45 0.1859375 0.4515625
0 0.6765625 0.6046875 0.6796875 0.6078125 0.6796875 0.615625 0.678125 0.61875 0.66875 0.621875 0.6375 0.61875 0.6296875 0.6125 0.628125 0.609375 0.6296875 0.6046875 0.634375 0.6 0.6578125 0.6 0.675 0.6046875
0 0.4671875 0.4890625 0.4921875 0.503125 0.49375 0.509375 0.4859375 0.5171875 0.471875 0.515625 0.4515625 0.503125 0.45 0.5 0.4515625 0.4921875 0.4578125 0.4890625 0.465625 0.4890625
0 0.5171875 0.2515625 0.521875 0.25625 0.521875 0.2625 0.5125 0.2765625 0.50625 0.2828125 0.5015625 0.284375 0.49375 0.2828125 0.4890625 0.2765625 0.4890625 0.271875 0.496875 0.259375 0.5046875 0.2515625 0.509375 0.25 0.515625 0.2515625
0 0.6890625 0.55 0.6953125 0.553125 0.696875 0.55625 0.696875 0.5796875 0.69375 0.5859375 0.6890625 0.5875 0.6734375 0.5859375 0.66875 0.5796875 0.671875 0.5546875 0.6796875 0.55 0.6875 0.55