0 0.6015211640211641 0.4191468253968254 0.6137566137566137 0.42485119047619047 0.6177248677248677 0.43625992063492064 0.609457671957672 0.4466765873015873 0.5968915343915344 0.45014880952380953 0.5886243386243386 0.4496527777777778 0.582010582010582 0.4466765873015873 0.576058201058201 0.4392361111111111 0.5753968253968254 0.4340277777777778 0.578042328042328 0.4280753968253968 0.5859788359788359 0.42137896825396826 0.6011904761904762 0.4191468253968254
0 0.390542328042328 0.6753472222222222 0.4017857142857143 0.6808035714285714 0.4050925925925926 0.6932043650793651 0.39880952380952384 0.7036210317460317 0.38525132275132273 0.7088293650793651 0.37797619047619047 0.7078373015873016 0.3687169312169312 0.7028769841269841 0.3627645502645503 0.6964285714285714 0.3621031746031746 0.6887400793650794 0.3726851851851852 0.6770833333333334 0.39021164021164023 0.6753472222222222
0 0.48048941798941797 0.5788690476190477 0.48578042328042326 0.5806051587301587 0.4930555555555556 0.5875496031746031 0.4957010582010582 0.5987103174603174 0.49173280423280424 0.605406746031746 0.4781746031746032 0.6121031746031746 0.4695767195767196 0.6118551587301587 0.4599867724867725 0.6076388888888888 0.453042328042328 0.6011904761904762 0.4503968253968254 0.5912698412698413 0.4537037037037037 0.5845734126984127 0.4593253968253968 0.5803571428571429 0.4801587301587302 0.5788690476190477
0 0.5591931216931217 0.5920138888888888 0.5710978835978836 0.5954861111111112 0.5796957671957672 0.6056547619047619 0.5763888888888888 0.6168154761904762 0.5701058201058201 0.6215277777777778 0.5621693121693122 0.6237599206349206 0.546957671957672 0.6207837301587301 0.5416666666666666 0.6163194444444444 0.5393518518518519 0.6106150793650794 0.5393518518518519 0.6024305555555556 0.5426587301587301 0.5969742063492064 0.5499338624338624 0.5932539682539683 0.5588624338624338 0.5920138888888888
0 0.6021825396825397 0.5954861111111112 0.6150793650793651 0.5989583333333334 0.6220238095238095 0.605406746031746 0.6246693121693122 0.6121031746031746 0.621031746031746 0.6240079365079365 0.6127645502645502 0.628968253968254 0.6028439153439153 0.6316964285714286 0.591931216931217 0.6304563492063492 0.5849867724867724 0.6272321428571429 0.5770502645502645 0.6168154761904762 0.5810185185185185 0.6024305555555556 0.5925925925925926 0.595734126984127 0.6018518518518519 0.5954861111111112
0 0.5085978835978836 0.6701388888888888 0.5201719576719577 0.6783234126984127 0.521494708994709 0.6892361111111112 0.515542328042328 0.6981646825396826 0.5 0.7038690476190477 0.49107142857142855 0.7028769841269841 0.4837962962962963 0.6989087301587301 0.4791666666666667 0.6934523809523809 0.47784391534391535 0.6857638888888888 0.4877645502645503 0.6726190476190477 0.4976851851851852 0.669890873015873 0.5082671957671958 0.6701388888888888
0 0.6091269841269841 0.6555059523809523 0.6203703703703703 0.6629464285714286 0.6226851851851852 0.6721230158730159 0.6164021164021164 0.6837797619047619 0.6051587301587301 0.6882440476190477 0.5952380952380952 0.6875 0.5846560846560847 0.6825396825396826 0.580026455026455 0.6671626984126984 0.5830026455026455 0.6612103174603174 0.5912698412698413 0.6564980158730159 0.5992063492063492 0.6545138888888888 0.6087962962962963 0.6555059523809523
0 0.3531746031746032 0.5714285714285714 0.3644179894179894 0.5773809523809523 0.3673941798941799 0.5882936507936508 0.35912698412698413 0.5992063492063492 0.3472222222222222 0.6029265873015873 0.3382936507936508 0.6021825396825397 0.33101851851851855 0.597718253968254 0.32771164021164023 0.5922619047619048 0.328042328042328 0.582093253968254 0.33035714285714285 0.5773809523809523 0.3392857142857143 0.5711805555555556 0.35284391534391535 0.5714285714285714
0 0.44246031746031744 0.6512896825396826 0.4583333333333333 0.6577380952380952 0.4632936507936508 0.6654265873015873 0.4636243386243386 0.6713789682539683 0.46064814814814814 0.6775793650793651 0.45337301587301587 0.683531746031746 0.4408068783068783 0.6877480158730159 0.42824074074074076 0.6862599206349206 0.42063492063492064 0.6820436507936508 0.4156746031746032 0.6750992063492064 0.4146825396825397 0.6674107142857143 0.4176587301587302 0.6612103174603174 0.42658730158730157 0.6540178571428571 0.44212962962962965 0.6512896825396826
0 0.39384920634920634 0.5647321428571429 0.4021164021164021 0.5669642857142857 0.4080687830687831 0.5716765873015873 0.4107142857142857 0.5818452380952381 0.4050925925925926 0.5915178571428571 0.3931878306878307 0.5959821428571429 0.375 0.5935019841269841 0.3673941798941799 0.5860615079365079 0.36673280423280424 0.580109126984127 0.3697089947089947 0.5719246031746031 0.37566137566137564 0.5672123015873016 0.39351851851851855 0.5647321428571429
0 0.39186507936507936 0.5649801587301587 0.40244708994708994 0.5672123015873016 0.4097222222222222 0.5744047619047619 0.4097222222222222 0.5843253968253969 0.4044312169312169 0.5920138888888888 0.3941798941798942 0.595734126984127 0.38525132275132273 0.5959821428571429 0.37533068783068785 0.59375 0.3697089947089947 0.5882936507936508 0.35912698412698413 0.5994543650793651 0.3482142857142857 0.6029265873015873 0.3382936507936508 0.6021825396825397 0.3296957671957672 0.5959821428571429 0.3273809523809524 0.5865575396825397 0.330026455026455 0.5776289682539683 0.3396164021164021 0.5709325396825397 0.3455687830687831 0.5699404761904762 0.35978835978835977 0.5734126984126984 0.36607142857142855 0.5793650793650794 0.3697089947089947 0.5721726190476191 0.37566137566137564 0.5672123015873016 0.3915343915343915 0.5649801587301587
0 0.2208994708994709 0.5481150793650794 0.23412698412698413 0.5572916666666666 0.23511904761904762 0.5667162698412699 0.230489417989418 0.5731646825396826 0.21428571428571427 0.578125 0.20304232804232805 0.5766369047619048 0.1960978835978836 0.5719246031746031 0.19411375661375663 0.5607638888888888 0.19808201058201058 0.5535714285714286 0.20304232804232805 0.5503472222222222 0.21362433862433863 0.5476190476190477 0.22056878306878308 0.5481150793650794
0 0.5681216931216931 0.5302579365079365 0.582010582010582 0.5386904761904762 0.5846560846560847 0.546875 0.5826719576719577 0.5530753968253969 0.5773809523809523 0.5577876984126984 0.5621693121693122 0.5615079365079365 0.5548941798941799 0.560515873015873 0.5496031746031746 0.5570436507936508 0.5439814814814815 0.5503472222222222 0.5426587301587301 0.542906746031746 0.5496031746031746 0.5324900793650794 0.5588624338624338 0.529265873015873 0.5677910052910053 0.5302579365079365
0 0.4398148148148148 0.7132936507936508 0.45205026455026454 0.7229662698412699 0.4546957671957672 0.7341269841269841 0.4503968253968254 0.7413194444444444 0.44047619047619047 0.748015873015873 0.4341931216931217 0.7495039682539683 0.42493386243386244 0.7482638888888888 0.41964285714285715 0.7450396825396826 0.41005291005291006 0.7341269841269841 0.4087301587301587 0.7269345238095238 0.4113756613756614 0.7202380952380952 0.4203042328042328 0.7132936507936508 0.4279100529100529 0.7118055555555556 0.439484126984127 0.7132936507936508