0 0.759375 0.7015625 0.765625 0.7046875 0.775 0.7140625 0.7765625 0.71875 0.775 0.765625 0.7703125 0.775 0.7609375 0.7796875 0.746875 0.7796875 0.7359375 0.775 0.725 0.7640625 0.7203125 0.753125 0.721875 0.709375 0.725 0.70625 0.7375 0.7046875 0.74375 0.7015625 0.7578125 0.7015625
0 0.2515625 0.328125 0.2640625 0.3234375 0.296875 0.31875 0.3140625 0.3140625 0.3390625 0.315625 0.34375 0.328125 0.34375 0.3375 0.2875 0.3484375 0.25625 0.346875 0.253125 0.3421875 0.2515625 0.3296875
0 0.4046875 0.671875 0.0984375 0.0484375
0 0.5859375 0.4859375 0.6 0.4953125 0.60625 0.5203125 0.6109375 0.5296875 0.6109375 0.5453125 0.6046875 0.5515625 0.5890625 0.55625 0.575 0.5546875 0.5640625 0.546875 0.5515625 0.5109375 0.5515625 0.5015625 0.5578125 0.490625 0.5671875 0.4859375 0.584375 0.4859375
0 0.81875 0.625 0.8390625 0.6359375 0.84375 0.6515625 0.846875 0.678125 0.8453125 0.690625 0.83125 0.7015625 0.8078125 0.7 0.8 0.6953125 0.79375 0.6875 0.79375 0.6640625 0.7875 0.6484375 0.7875 0.6375 0.7921875 0.6296875 0.8 0.625 0.8046875 0.6234375 0.8171875 0.625
0 0.475 0.6765625 0.4703125 0.6671875 0.4703125 0.6609375 0.475 0.65 0.4796875 0.6453125 0.5109375 0.6421875 0.534375 0.6359375 0.5484375 0.6359375 0.5578125 0.6390625 0.5640625 0.6453125 0.565625 0.6609375 0.559375 0.6734375 0.553125 0.6765625 0.50625 0.6828125 0.4875 0.6828125 0.4765625 0.6765625
0 0.15625 0.6515625 0.184375 0.6421875 0.2375 0.6359375 0.253125 0.6375 0.25625 0.6515625 0.25625 0.659375 0.2421875 0.665625 0.21875 0.6703125 0.203125 0.6703125 0.184375 0.6734375 0.1625 0.6734375 0.15625 0.6625 0.15625 0.653125
0 0.7609375 0.5984375 0.765625 0.6 0.775 0.609375 0.7765625 0.6140625 0.775 0.625 0.7578125 0.6390625 0.7265625 0.6578125 0.7125 0.6578125 0.6984375 0.653125 0.690625 0.6453125 0.6890625 0.640625 0.690625 0.628125 0.6984375 0.6203125 0.7375 0.596875 0.75 0.5953125 0.759375 0.5984375
0 0.4109375 0.3703125 0.41875 0.3765625 0.421875 0.3828125 0.421875 0.390625 0.415625 0.4 0.4 0.4046875 0.365625 0.409375 0.35 0.409375 0.334375 0.403125 0.33125 0.3984375 0.33125 0.3859375 0.334375 0.38125 0.3453125 0.375 0.3640625 0.371875 0.375 0.371875 0.3875 0.36875 0.4078125 0.36875 0.409375 0.3703125
0 0.1515625 0.4953125 0.1578125 0.4984375 0.1609375 0.503125 0.1609375 0.515625 0.1515625 0.5359375 0.1484375 0.5484375 0.140625 0.559375 0.134375 0.559375 0.121875 0.5640625 0.10625 0.5625 0.1 0.559375 0.09375 0.55 0.0953125 0.5390625 0.10625 0.5109375 0.109375 0.5046875 0.11875 0.496875 0.1375 0.49375 0.15 0.4953125
0 0.765625 0.6484375 0.7828125 0.65625 0.7875 0.6609375 0.790625 0.665625 0.790625 0.678125 0.7828125 0.6859375 0.765625 0.690625 0.7546875 0.696875 0.7265625 0.7046875 0.7140625 0.703125 0.703125 0.6984375 0.6921875 0.684375 0.69375 0.671875 0.7015625 0.6640625 0.709375 0.6609375 0.734375 0.6578125 0.75 0.6484375 0.7640625 0.6484375
0 0.5984375 0.6140625 0.6 0.615625 0.63125 0.615625 0.6484375 0.621875 0.6625 0.6359375 0.6625 0.6421875 0.6546875 0.653125 0.646875 0.65625 0.5875 0.6546875 0.575 0.65 0.5671875 0.6421875 0.565625 0.6328125 0.5671875 0.6234375 0.5765625 0.615625 0.596875 0.6140625
0 0.5015625 0.24375 0.503125 0.2453125 0.5515625 0.246875 0.5625 0.25 0.5703125 0.259375 0.5703125 0.26875 0.565625 0.2765625 0.559375 0.2828125 0.55 0.2875 0.5015625 0.2859375 0.4875 0.2828125 0.4765625 0.271875 0.478125 0.259375 0.4828125 0.25 0.4921875 0.2453125 0.5 0.2453125
0 0.66875 0.3890625 0.678125 0.390625 0.6875 0.396875 0.690625 0.4046875 0.6890625 0.415625 0.6671875 0.4265625 0.625 0.4359375 0.6015625 0.434375 0.59375 0.425 0.59375 0.4171875 0.596875 0.4109375 0.60625 0.403125 0.6140625 0.4 0.6671875 0.3890625