0 0.5224867724867724 0.7306547619047619 0.5297619047619048 0.7351190476190477 0.5324074074074074 0.7447916666666666 0.5287698412698413 0.751984126984127 0.519510582010582 0.7554563492063492 0.5085978835978836 0.7542162698412699 0.5003306878306878 0.7433035714285714 0.5069444444444444 0.7333829365079365 0.513558201058201 0.7309027777777778 0.5221560846560847 0.7306547619047619
0 0.37367724867724866 0.7646329365079365 0.38227513227513227 0.7666170634920635 0.38855820105820105 0.7755456349206349 0.38425925925925924 0.7876984126984127 0.376984126984127 0.7916666666666666 0.36144179894179895 0.7896825396825397 0.3544973544973545 0.7795138888888888 0.3548280423280423 0.7748015873015873 0.36044973544973546 0.7688492063492064 0.37334656084656087 0.7646329365079365
0 0.4923941798941799 0.7442956349206349 0.5013227513227513 0.7467757936507936 0.5079365079365079 0.7542162698412699 0.5052910052910053 0.7651289682539683 0.4976851851851852 0.7708333333333334 0.484457671957672 0.7688492063492064 0.4755291005291005 0.7591765873015873 0.47619047619047616 0.7524801587301587 0.4798280423280423 0.7475198412698413 0.49206349206349204 0.7442956349206349
0 0.5529100529100529 0.5424107142857143 0.5588624338624338 0.5458829365079365 0.5618386243386243 0.5555555555555556 0.5572089947089947 0.5615079365079365 0.5486111111111112 0.5642361111111112 0.5423280423280423 0.5639880952380952 0.5363756613756614 0.5610119047619048 0.533068783068783 0.5498511904761905 0.542989417989418 0.5419146825396826 0.5525793650793651 0.5424107142857143
0 0.35813492063492064 0.7008928571428571 0.36772486772486773 0.7058531746031746 0.3687169312169312 0.7135416666666666 0.36474867724867727 0.7209821428571429 0.35615079365079366 0.7247023809523809 0.3416005291005291 0.7214781746031746 0.3376322751322751 0.7170138888888888 0.3369708994708995 0.7108134920634921 0.34226190476190477 0.703125 0.3505291005291005 0.7006448412698413 0.3578042328042328 0.7008928571428571
0 0.5297619047619048 0.5245535714285714 0.5393518518518519 0.5265376984126984 0.5439814814814815 0.5324900793650794 0.5426587301587301 0.5409226190476191 0.5327380952380952 0.5478670634920635 0.5188492063492064 0.5456349206349206 0.5115740740740741 0.5374503968253969 0.5162037037037037 0.5285218253968254 0.529431216931217 0.5245535714285714
0 0.45006613756613756 0.6924603174603174 0.4599867724867725 0.699156746031746 0.46064814814814814 0.7058531746031746 0.45701058201058203 0.7140376984126984 0.44841269841269843 0.7182539682539683 0.4384920634920635 0.7172619047619048 0.43187830687830686 0.7132936507936508 0.42857142857142855 0.7023809523809523 0.43816137566137564 0.6939484126984127 0.4497354497354497 0.6924603174603174
0 0.4537037037037037 0.6123511904761905 0.46064814814814814 0.6153273809523809 0.4642857142857143 0.6195436507936508 0.4652777777777778 0.6302083333333334 0.4576719576719577 0.6349206349206349 0.45072751322751325 0.6359126984126984 0.43816137566137564 0.6346726190476191 0.4322089947089947 0.6257440476190477 0.43386243386243384 0.6195436507936508 0.4384920634920635 0.6150793650793651 0.44543650793650796 0.6123511904761905 0.45337301587301587 0.6123511904761905
0 0.478505291005291 0.6661706349206349 0.48974867724867727 0.6711309523809523 0.49173280423280424 0.6790674603174603 0.4887566137566138 0.6857638888888888 0.47784391534391535 0.6902281746031746 0.4685846560846561 0.689484126984127 0.4632936507936508 0.6865079365079365 0.46064814814814814 0.6775793650793651 0.4626322751322751 0.6716269841269841 0.46726190476190477 0.6681547619047619 0.4781746031746032 0.6661706349206349
0 0.39087301587301587 0.45461309523809523 0.4007936507936508 0.45783730158730157 0.4044312169312169 0.46279761904761907 0.4001322751322751 0.4742063492063492 0.39186507936507936 0.47668650793650796 0.3802910052910053 0.47445436507936506 0.37334656084656087 0.4670138888888889 0.375 0.4600694444444444 0.37962962962962965 0.45634920634920634 0.390542328042328 0.45461309523809523
0 0.4451058201058201 0.6450892857142857 0.4523809523809524 0.6470734126984127 0.4566798941798942 0.6512896825396826 0.45866402116402116 0.6589781746031746 0.453042328042328 0.6666666666666666 0.43882275132275134 0.669890873015873 0.435515873015873 0.669890873015873 0.4298941798941799 0.6651785714285714 0.4269179894179894 0.654265873015873 0.43187830687830686 0.6470734126984127 0.44477513227513227 0.6450892857142857
0 0.25892857142857145 0.5533234126984127 0.2701719576719577 0.5570436507936508 0.2757936507936508 0.5629960317460317 0.2705026455026455 0.5746527777777778 0.26322751322751325 0.5773809523809523 0.25165343915343913 0.5751488095238095 0.24636243386243387 0.5679563492063492 0.24801587301587302 0.5590277777777778 0.2585978835978836 0.5533234126984127
0 0.2791005291005291 0.529265873015873 0.28703703703703703 0.5314980158730159 0.2916666666666667 0.5362103174603174 0.2916666666666667 0.5438988095238095 0.28835978835978837 0.5496031746031746 0.28273809523809523 0.5518353174603174 0.2691798941798942 0.5510912698412699 0.2622354497354497 0.5461309523809523 0.2612433862433862 0.5394345238095238 0.26421957671957674 0.5342261904761905 0.26951058201058203 0.5310019841269841 0.2787698412698413 0.5295138888888888
0 0.4497354497354497 0.6686507936507936 0.4576719576719577 0.6731150793650794 0.45965608465608465 0.6825396825396826 0.453042328042328 0.6909722222222222 0.4470899470899471 0.691468253968254 0.4351851851851852 0.6892361111111112 0.43154761904761907 0.6852678571428571 0.4305555555555556 0.6778273809523809 0.43584656084656087 0.6703869047619048 0.4494047619047619 0.6686507936507936
0 0.4007936507936508 0.7522321428571429 0.4113756613756614 0.7559523809523809 0.4176587301587302 0.7643849206349206 0.4150132275132275 0.7760416666666666 0.4044312169312169 0.78125 0.3948412698412698 0.7805059523809523 0.38955026455026454 0.7775297619047619 0.3826058201058201 0.7666170634920635 0.3872354497354497 0.7564484126984127 0.3941798941798942 0.7527281746031746 0.40046296296296297 0.7522321428571429
0 0.484457671957672 0.6116071428571429 0.4947089947089947 0.6163194444444444 0.4976851851851852 0.6232638888888888 0.49272486772486773 0.6319444444444444 0.48214285714285715 0.6346726190476191 0.4705687830687831 0.6299603174603174 0.4679232804232804 0.6217757936507936 0.4738756613756614 0.613343253968254 0.48412698412698413 0.6116071428571429
0 0.2628968253968254 0.49702380952380953 0.2724867724867725 0.4992559523809524 0.27843915343915343 0.5052083333333334 0.27645502645502645 0.5148809523809523 0.2662037037037037 0.5200892857142857 0.25496031746031744 0.5181051587301587 0.24867724867724866 0.511656746031746 0.25132275132275134 0.501984126984127 0.2566137566137566 0.498015873015873 0.26256613756613756 0.49702380952380953
0 0.6369047619047619 0.5416666666666666 0.6474867724867724 0.5456349206349206 0.6511243386243386 0.5515873015873016 0.6474867724867724 0.5607638888888888 0.6375661375661376 0.5657242063492064 0.623015873015873 0.5652281746031746 0.6160714285714286 0.5607638888888888 0.6147486772486772 0.5575396825396826 0.6183862433862434 0.5491071428571429 0.6240079365079365 0.5438988095238095 0.6365740740740741 0.5416666666666666
0 0.3802910052910053 0.6495535714285714 0.38756613756613756 0.6525297619047619 0.39186507936507936 0.6617063492063492 0.3872354497354497 0.6703869047619048 0.37962962962962965 0.6733630952380952 0.373015873015873 0.6731150793650794 0.36607142857142855 0.669890873015873 0.36144179894179895 0.6639384920634921 0.36078042328042326 0.6577380952380952 0.36904761904761907 0.6512896825396826 0.37996031746031744 0.6495535714285714
0 0.49834656084656087 0.3621031746031746 0.5052910052910053 0.36507936507936506 0.5089285714285714 0.37202380952380953 0.5056216931216931 0.38070436507936506 0.49834656084656087 0.3841765873015873 0.4880952380952381 0.3819444444444444 0.48148148148148145 0.37351190476190477 0.48214285714285715 0.3695436507936508 0.4877645502645503 0.36433531746031744 0.498015873015873 0.3621031746031746
0 0.2526455026455027 0.41517857142857145 0.2595899470899471 0.41865079365079366 0.26322751322751325 0.4243551587301587 0.25925925925925924 0.43353174603174605 0.25462962962962965 0.4357638888888889 0.2414021164021164 0.4340277777777778 0.23313492063492064 0.4253472222222222 0.23809523809523808 0.41716269841269843 0.24537037037037038 0.4146825396825397 0.2523148148148148 0.41517857142857145
0 0.41798941798941797 0.5887896825396826 0.4262566137566138 0.591765873015873 0.4298941798941799 0.5997023809523809 0.4255952380952381 0.6078869047619048 0.416005291005291 0.6111111111111112 0.4044312169312169 0.6091269841269841 0.40046296296296297 0.605406746031746 0.3998015873015873 0.6009424603174603 0.4050925925925926 0.5912698412698413 0.4176587301587302 0.5887896825396826
0 0.24966931216931218 0.6775793650793651 0.2566137566137566 0.6785714285714286 0.26355820105820105 0.6825396825396826 0.2662037037037037 0.6927083333333334 0.25925925925925924 0.7013888888888888 0.24834656084656084 0.7046130952380952 0.24107142857142858 0.7038690476190477 0.2337962962962963 0.6996527777777778 0.23082010582010581 0.6879960317460317 0.2371031746031746 0.6805555555555556 0.24933862433862433 0.6775793650793651
0 0.685515873015873 0.5575396825396826 0.6954365079365079 0.5639880952380952 0.6964285714285714 0.5711805555555556 0.6908068783068783 0.5791170634920635 0.6825396825396826 0.5808531746031746 0.6722883597883598 0.5788690476190477 0.6673280423280423 0.5749007936507936 0.666005291005291 0.5699404761904762 0.6716269841269841 0.560515873015873 0.6851851851851852 0.5575396825396826
0 0.45535714285714285 0.5721726190476191 0.4642857142857143 0.576140873015873 0.4675925925925926 0.5825892857142857 0.4632936507936508 0.591765873015873 0.4546957671957672 0.5949900793650794 0.44146825396825395 0.5925099206349206 0.4375 0.5882936507936508 0.43716931216931215 0.5835813492063492 0.44477513227513227 0.574156746031746 0.455026455026455 0.5721726190476191
0 0.5853174603174603 0.7118055555555556 0.5952380952380952 0.7170138888888888 0.5978835978835979 0.7254464285714286 0.5925925925925926 0.7346230158730159 0.583994708994709 0.738343253968254 0.5777116402116402 0.7378472222222222 0.5707671957671958 0.734375 0.5658068783068783 0.7234623015873016 0.5744047619047619 0.7135416666666666 0.5849867724867724 0.7118055555555556
0 0.4044312169312169 0.6388888888888888 0.414021164021164 0.6436011904761905 0.416005291005291 0.6512896825396826 0.41203703703703703 0.6584821428571429 0.4041005291005291 0.6617063492063492 0.39285714285714285 0.6599702380952381 0.3862433862433862 0.6510416666666666 0.39087301587301587 0.6423611111111112 0.4041005291005291 0.6388888888888888
0 0.19113756613756613 0.6163194444444444 0.1984126984126984 0.6197916666666666 0.20006613756613756 0.6272321428571429 0.19510582010582012 0.6349206349206349 0.18386243386243387 0.6381448412698413 0.17195767195767195 0.6354166666666666 0.16832010582010581 0.6264880952380952 0.17526455026455026 0.6175595238095238 0.1822089947089947 0.6155753968253969 0.1908068783068783 0.6163194444444444
0 0.5823412698412699 0.5245535714285714 0.591931216931217 0.5295138888888888 0.5945767195767195 0.5354662698412699 0.5922619047619048 0.5419146825396826 0.5846560846560847 0.5456349206349206 0.5701058201058201 0.5436507936507936 0.564484126984127 0.5364583333333334 0.5677910052910053 0.5285218253968254 0.5744047619047619 0.5250496031746031 0.582010582010582 0.5245535714285714
0 0.4583333333333333 0.7745535714285714 0.4685846560846561 0.7790178571428571 0.4718915343915344 0.7904265873015873 0.4666005291005291 0.7971230158730159 0.45634920634920634 0.8000992063492064 0.4494047619047619 0.7996031746031746 0.4444444444444444 0.7966269841269841 0.4401455026455027 0.7859623015873016 0.4460978835978836 0.7775297619047619 0.4580026455026455 0.7745535714285714
0 0.47354497354497355 0.6321924603174603 0.4808201058201058 0.6364087301587301 0.482473544973545 0.6448412698412699 0.478505291005291 0.6520337301587301 0.4708994708994709 0.6555059523809523 0.46296296296296297 0.6550099206349206 0.4566798941798942 0.6510416666666666 0.4537037037037037 0.6475694444444444 0.4537037037037037 0.6413690476190477 0.4556878306878307 0.636656746031746 0.460978835978836 0.6334325396825397 0.4732142857142857 0.6321924603174603
0 0.792989417989418 0.44816468253968256 0.8032407407407407 0.453125 0.8052248677248677 0.4603174603174603 0.8002645502645502 0.4677579365079365 0.7906746031746031 0.4704861111111111 0.779431216931217 0.46850198412698413 0.7738095238095238 0.45982142857142855 0.7754629629629629 0.45461309523809523 0.7817460317460317 0.44915674603174605 0.7926587301587301 0.44816468253968256
0 0.2003968253968254 0.49603174603174605 0.21031746031746032 0.498015873015873 0.21726190476190477 0.5052083333333334 0.21395502645502645 0.5151289682539683 0.20171957671957672 0.5178571428571429 0.19246031746031747 0.5166170634920635 0.18518518518518517 0.5086805555555556 0.18882275132275134 0.5 0.20006613756613756 0.49603174603174605