0 0.42592592592592593 0.7916666666666666 0.4332010582010582 0.7958829365079365 0.435515873015873 0.8043154761904762 0.42923280423280424 0.8167162698412699 0.4252645502645503 0.8194444444444444 0.4166666666666667 0.8209325396825397 0.40773809523809523 0.8191964285714286 0.40244708994708994 0.8149801587301587 0.40046296296296297 0.8023313492063492 0.4041005291005291 0.7961309523809523 0.4107142857142857 0.7914186507936508 0.41964285714285715 0.7901785714285714 0.4255952380952381 0.7916666666666666
0 0.6104497354497355 0.6927083333333334 0.6197089947089947 0.6954365079365079 0.6253306878306878 0.6996527777777778 0.626984126984127 0.7041170634920635 0.6240079365079365 0.7160218253968254 0.6134259259259259 0.7209821428571429 0.5998677248677249 0.7177579365079365 0.593584656084656 0.7073412698412699 0.59755291005291 0.6969246031746031 0.6101190476190477 0.6927083333333334
0 0.3012566137566138 0.39211309523809523 0.31117724867724866 0.39806547619047616 0.3134920634920635 0.40625 0.30687830687830686 0.4149305555555556 0.29728835978835977 0.41790674603174605 0.2900132275132275 0.4176587301587302 0.2837301587301587 0.4149305555555556 0.2794312169312169 0.4107142857142857 0.2777777777777778 0.40327380952380953 0.2857142857142857 0.39384920634920634 0.2962962962962963 0.3913690476190476 0.30092592592592593 0.39211309523809523
0 0.4751984126984127 0.6664186507936508 0.48578042328042326 0.6701388888888888 0.48974867724867727 0.6753472222222222 0.4877645502645503 0.6852678571428571 0.4837962962962963 0.689484126984127 0.4755291005291005 0.6917162698412699 0.4636243386243386 0.6899801587301587 0.4573412698412698 0.6822916666666666 0.4623015873015873 0.6703869047619048 0.4748677248677249 0.6664186507936508
0 0.4646164021164021 0.5141369047619048 0.4738756613756614 0.5186011904761905 0.47585978835978837 0.529265873015873 0.4695767195767196 0.5354662698412699 0.460978835978836 0.5379464285714286 0.4494047619047619 0.5354662698412699 0.4444444444444444 0.5297619047619048 0.4437830687830688 0.5243055555555556 0.4460978835978836 0.5178571428571429 0.4503968253968254 0.5151289682539683 0.4642857142857143 0.5141369047619048
0 0.6064814814814815 0.7770337301587301 0.6164021164021164 0.7827380952380952 0.6193783068783069 0.7891865079365079 0.6160714285714286 0.798859126984127 0.6071428571428571 0.8025793650793651 0.5985449735449735 0.8010912698412699 0.593915343915344 0.7981150793650794 0.5896164021164021 0.7867063492063492 0.5942460317460317 0.7787698412698413 0.6061507936507936 0.7770337301587301
0 0.4470899470899471 0.4575892857142857 0.4556878306878307 0.4635416666666667 0.4573412698412698 0.47098214285714285 0.4523809523809524 0.4781746031746032 0.44246031746031744 0.4816468253968254 0.4305555555555556 0.4781746031746032 0.4246031746031746 0.4714781746031746 0.42427248677248675 0.466765873015873 0.4322089947089947 0.45808531746031744 0.4384920634920635 0.4565972222222222 0.44675925925925924 0.4575892857142857
0 0.501984126984127 0.6465773809523809 0.5119047619047619 0.6493055555555556 0.5165343915343915 0.6569940476190477 0.5148809523809523 0.6651785714285714 0.5052910052910053 0.6713789682539683 0.49074074074074076 0.6693948412698413 0.4837962962962963 0.6614583333333334 0.4877645502645503 0.6505456349206349 0.4930555555555556 0.6473214285714286 0.5016534391534392 0.6465773809523809
0 0.4212962962962963 0.4704861111111111 0.42956349206349204 0.47619047619047616 0.4308862433862434 0.484375 0.42493386243386244 0.4913194444444444 0.4150132275132275 0.4935515873015873 0.4037698412698413 0.48933531746031744 0.39914021164021163 0.4801587301587302 0.4027777777777778 0.4739583333333333 0.4083994708994709 0.4704861111111111 0.4209656084656085 0.4704861111111111
0 0.578042328042328 0.4603174603174603 0.5859788359788359 0.46304563492063494 0.5896164021164021 0.4722222222222222 0.5856481481481481 0.47966269841269843 0.5744047619047619 0.484375 0.5601851851851852 0.4809027777777778 0.5565476190476191 0.47346230158730157 0.5631613756613757 0.46279761904761907 0.5701058201058201 0.4603174603174603 0.5777116402116402 0.4603174603174603
0 0.607473544973545 0.28918650793650796 0.6173941798941799 0.29464285714285715 0.621031746031746 0.3038194444444444 0.6124338624338624 0.31398809523809523 0.6025132275132276 0.3162202380952381 0.5962301587301587 0.3149801587301587 0.5906084656084656 0.3107638888888889 0.5876322751322751 0.2993551587301587 0.593915343915344 0.29191468253968256 0.6071428571428571 0.28918650793650796
0 0.45535714285714285 0.49007936507936506 0.4632936507936508 0.49528769841269843 0.4642857142857143 0.5042162698412699 0.4593253968253968 0.5114087301587301 0.4497354497354497 0.5143849206349206 0.44212962962962965 0.5128968253968254 0.43783068783068785 0.5096726190476191 0.43386243386243384 0.4990079365079365 0.4417989417989418 0.49107142857142855 0.455026455026455 0.49007936507936506
0 0.3072089947089947 0.6168154761904762 0.31746031746031744 0.6215277777777778 0.31977513227513227 0.6299603174603174 0.3158068783068783 0.6381448412698413 0.30357142857142855 0.642609126984127 0.2900132275132275 0.6398809523809523 0.2853835978835979 0.6299603174603174 0.2873677248677249 0.6242559523809523 0.2919973544973545 0.6205357142857143 0.30687830687830686 0.6168154761904762
0 0.6521164021164021 0.28720238095238093 0.6613756613756614 0.2941468253968254 0.6633597883597884 0.3003472222222222 0.6577380952380952 0.3082837301587302 0.6451719576719577 0.31274801587301587 0.6372354497354498 0.3117559523809524 0.6302910052910053 0.30753968253968256 0.6256613756613757 0.30357142857142855 0.625 0.29712301587301587 0.6339285714285714 0.28869047619047616 0.6435185185185185 0.2864583333333333 0.6517857142857143 0.28720238095238093
0 0.390542328042328 0.660218253968254 0.398478835978836 0.6644345238095238 0.40244708994708994 0.6753472222222222 0.39814814814814814 0.6837797619047619 0.3878968253968254 0.6879960317460317 0.37367724867724866 0.685515873015873 0.36937830687830686 0.6810515873015873 0.3680555555555556 0.6746031746031746 0.37334656084656087 0.6641865079365079 0.3792989417989418 0.6612103174603174 0.39021164021164023 0.660218253968254
0 0.707010582010582 0.6822916666666666 0.718584656084656 0.6852678571428571 0.7261904761904762 0.6959325396825397 0.7238756613756614 0.7033730158730159 0.7132936507936508 0.7083333333333334 0.6990740740740741 0.7065972222222222 0.6901455026455027 0.6964285714285714 0.6904761904761905 0.6912202380952381 0.6944444444444444 0.6857638888888888 0.7066798941798942 0.6822916666666666
0 0.4712301587301587 0.4365079365079365 0.48048941798941797 0.4409722222222222 0.48313492063492064 0.44990079365079366 0.4775132275132275 0.4573412698412698 0.46726190476190477 0.45982142857142855 0.45634920634920634 0.45610119047619047 0.4513888888888889 0.4459325396825397 0.4593253968253968 0.43725198412698413 0.4708994708994709 0.4365079365079365
0 0.3601190476190476 0.5243055555555556 0.37003968253968256 0.5275297619047619 0.37334656084656087 0.5362103174603174 0.37037037037037035 0.5431547619047619 0.359457671957672 0.5486111111111112 0.34523809523809523 0.5458829365079365 0.3416005291005291 0.5419146825396826 0.34093915343915343 0.5349702380952381 0.34854497354497355 0.5255456349206349 0.35978835978835977 0.5243055555555556
0 0.45701058201058203 0.6436011904761905 0.4632936507936508 0.6455853174603174 0.4669312169312169 0.6493055555555556 0.4679232804232804 0.6607142857142857 0.4603174603174603 0.6688988095238095 0.45072751322751325 0.6716269841269841 0.44246031746031744 0.669890873015873 0.43783068783068785 0.6661706349206349 0.43386243386243384 0.654265873015873 0.44212962962962965 0.6455853174603174 0.4566798941798942 0.6436011904761905
0 0.390542328042328 0.5280257936507936 0.39914021164021163 0.5327380952380952 0.40145502645502645 0.5406746031746031 0.39814814814814814 0.5486111111111112 0.38855820105820105 0.5523313492063492 0.37632275132275134 0.5496031746031746 0.37136243386243384 0.5409226190476191 0.37632275132275134 0.5310019841269841 0.39021164021164023 0.5280257936507936
0 0.6193783068783069 0.7254464285714286 0.6302910052910053 0.7309027777777778 0.6352513227513228 0.7408234126984127 0.6322751322751323 0.7477678571428571 0.6207010582010583 0.7527281746031746 0.605489417989418 0.75 0.5988756613756614 0.7395833333333334 0.6005291005291006 0.7311507936507936 0.6044973544973545 0.7271825396825397 0.6190476190476191 0.7254464285714286