0 0.6901455026455027 0.5944940476190477 0.7000661375661376 0.5994543650793651 0.7060185185185185 0.6098710317460317 0.7013888888888888 0.6202876984126984 0.6888227513227513 0.6252480158730159 0.6785714285714286 0.6245039682539683 0.6683201058201058 0.6200396825396826 0.6630291005291006 0.6138392857142857 0.6623677248677249 0.6078869047619048 0.6669973544973545 0.5989583333333334 0.6726190476190477 0.5952380952380952 0.6898148148148148 0.5944940476190477
0 0.5221560846560847 0.5178571428571429 0.52744708994709 0.5183531746031746 0.5327380952380952 0.5220734126984127 0.5357142857142857 0.5285218253968254 0.53505291005291 0.5367063492063492 0.5300925925925926 0.5411706349206349 0.515542328042328 0.5446428571428571 0.5042989417989417 0.5396825396825397 0.5013227513227513 0.5282738095238095 0.5085978835978836 0.5203373015873016 0.5218253968253969 0.5178571428571429
0 0.4880952380952381 0.4962797619047619 0.49966931216931215 0.5004960317460317 0.5036375661375662 0.5094246031746031 0.5023148148148148 0.5166170634920635 0.4880952380952381 0.5238095238095238 0.4808201058201058 0.5235615079365079 0.4742063492063492 0.5203373015873016 0.46924603174603174 0.5153769841269841 0.4679232804232804 0.5096726190476191 0.4689153439153439 0.503968253968254 0.4742063492063492 0.4992559523809524 0.4877645502645503 0.4962797619047619
0 0.48148148148148145 0.5744047619047619 0.4914021164021164 0.5798611111111112 0.49404761904761907 0.5885416666666666 0.4887566137566138 0.5982142857142857 0.4798280423280423 0.6021825396825397 0.4722222222222222 0.6021825396825397 0.46395502645502645 0.5994543650793651 0.4583333333333333 0.5944940476190477 0.45601851851851855 0.5868055555555556 0.4623015873015873 0.5768849206349206 0.4705687830687831 0.5744047619047619 0.48115079365079366 0.5744047619047619
0 0.38326719576719576 0.8199404761904762 0.3951719576719577 0.8266369047619048 0.39715608465608465 0.8387896825396826 0.38657407407407407 0.8499503968253969 0.37665343915343913 0.8526785714285714 0.3664021164021164 0.8499503968253969 0.36144179894179895 0.8459821428571429 0.35813492063492064 0.8412698412698413 0.35813492063492064 0.8350694444444444 0.36772486772486773 0.8234126984126984 0.3759920634920635 0.8201884920634921 0.38293650793650796 0.8199404761904762
0 0.32506613756613756 0.7475198412698413 0.33664021164021163 0.7517361111111112 0.3402777777777778 0.7619047619047619 0.33564814814814814 0.7725694444444444 0.328042328042328 0.7777777777777778 0.31845238095238093 0.7800099206349206 0.3062169312169312 0.7757936507936508 0.3029100529100529 0.7710813492063492 0.30257936507936506 0.7621527777777778 0.3115079365079365 0.7507440476190477 0.3247354497354497 0.7475198412698413
0 0.5257936507936508 0.7748015873015873 0.5360449735449735 0.7777777777777778 0.5433201058201058 0.7862103174603174 0.5446428571428571 0.7976190476190477 0.5380291005291006 0.8067956349206349 0.5277777777777778 0.8090277777777778 0.5181878306878307 0.8072916666666666 0.5132275132275133 0.8038194444444444 0.5069444444444444 0.7934027777777778 0.5072751322751323 0.7864583333333334 0.5112433862433863 0.7797619047619048 0.5188492063492064 0.7755456349206349 0.5254629629629629 0.7750496031746031
0 0.43022486772486773 0.5106646825396826 0.43915343915343913 0.513640873015873 0.44312169312169314 0.517609126984127 0.4444444444444444 0.5295138888888888 0.4398148148148148 0.5376984126984127 0.421957671957672 0.5431547619047619 0.40773809523809523 0.5374503968253969 0.4037698412698413 0.5322420634920635 0.40343915343915343 0.5257936507936508 0.4123677248677249 0.5141369047619048 0.41898148148148145 0.5114087301587301 0.4298941798941799 0.5106646825396826
0 0.31216931216931215 0.8360615079365079 0.3194444444444444 0.8382936507936508 0.32936507936507936 0.8449900793650794 0.3330026455026455 0.8568948412698413 0.3287037037037037 0.8635912698412699 0.3091931216931217 0.8702876984126984 0.2996031746031746 0.8697916666666666 0.2933201058201058 0.8668154761904762 0.28835978835978837 0.8625992063492064 0.2857142857142857 0.8549107142857143 0.2873677248677249 0.8484623015873016 0.2953042328042328 0.8410218253968254 0.30357142857142855 0.8365575396825397 0.31183862433862436 0.8360615079365079
0 0.20601851851851852 0.6941964285714286 0.2175925925925926 0.6999007936507936 0.22056878306878308 0.7098214285714286 0.21329365079365079 0.7199900793650794 0.19973544973544974 0.7256944444444444 0.18915343915343916 0.7239583333333334 0.18253968253968253 0.7204861111111112 0.17956349206349206 0.7170138888888888 0.17956349206349206 0.7108134920634921 0.18816137566137567 0.6986607142857143 0.19543650793650794 0.6949404761904762 0.2056878306878307 0.6941964285714286
0 0.31316137566137564 0.701140873015873 0.32407407407407407 0.7063492063492064 0.32837301587301587 0.7135416666666666 0.3253968253968254 0.7249503968253969 0.32142857142857145 0.7289186507936508 0.31415343915343913 0.7316468253968254 0.29894179894179895 0.7286706349206349 0.29133597883597884 0.7165178571428571 0.2923280423280423 0.7095734126984127 0.29728835978835977 0.7043650793650794 0.30423280423280424 0.7008928571428571 0.31283068783068785 0.701140873015873
0 0.29034391534391535 0.6490575396825397 0.3002645502645503 0.6532738095238095 0.30357142857142855 0.6624503968253969 0.3005952380952381 0.6686507936507936 0.2867063492063492 0.6753472222222222 0.27843915343915343 0.6753472222222222 0.26851851851851855 0.6721230158730159 0.265542328042328 0.6691468253968254 0.26421957671957674 0.6609623015873016 0.267526455026455 0.654265873015873 0.2724867724867725 0.6505456349206349 0.2787698412698413 0.6485615079365079 0.2900132275132275 0.6490575396825397
0 0.5892857142857143 0.3678075396825397 0.6015211640211641 0.3732638888888889 0.6048280423280423 0.38095238095238093 0.6038359788359788 0.3854166666666667 0.59755291005291 0.39186507936507936 0.5925925925925926 0.39533730158730157 0.5859788359788359 0.3960813492063492 0.5737433862433863 0.392609126984127 0.5684523809523809 0.3869047619047619 0.5681216931216931 0.38268849206349204 0.5697751322751323 0.3767361111111111 0.5747354497354498 0.3715277777777778 0.5889550264550265 0.3678075396825397
0 0.6104497354497355 0.4853670634920635 0.6187169312169312 0.48759920634920634 0.626984126984127 0.49404761904761907 0.628968253968254 0.5032242063492064 0.6233465608465608 0.5141369047619048 0.6091269841269841 0.517609126984127 0.5992063492063492 0.515625 0.5932539682539683 0.5121527777777778 0.5892857142857143 0.5049603174603174 0.5892857142857143 0.4990079365079365 0.5952380952380952 0.4905753968253968 0.6101190476190477 0.4853670634920635
0 0.4011243386243386 0.6312003968253969 0.4130291005291005 0.6371527777777778 0.4169973544973545 0.6483134920634921 0.4150132275132275 0.6525297619047619 0.4074074074074074 0.6569940476190477 0.39451058201058203 0.6589781746031746 0.3869047619047619 0.658234126984127 0.38293650793650796 0.6557539682539683 0.3773148148148148 0.6483134920634921 0.37665343915343913 0.6416170634920635 0.3845899470899471 0.6336805555555556 0.4007936507936508 0.6312003968253969
0 0.357473544973545 0.8484623015873016 0.36342592592592593 0.8516865079365079 0.3697089947089947 0.8596230158730159 0.37003968253968256 0.8675595238095238 0.3637566137566138 0.8779761904761905 0.351521164021164 0.8824404761904762 0.3419312169312169 0.8819444444444444 0.3349867724867725 0.8782242063492064 0.33035714285714285 0.8732638888888888 0.3296957671957672 0.8660714285714286 0.3326719576719577 0.8581349206349206 0.33895502645502645 0.8514384920634921 0.3482142857142857 0.847718253968254 0.35714285714285715 0.8484623015873016
0 0.5628306878306878 0.7946428571428571 0.5750661375661376 0.7998511904761905 0.5783730158730159 0.8107638888888888 0.5717592592592593 0.8211805555555556 0.560515873015873 0.8251488095238095 0.5535714285714286 0.8249007936507936 0.5466269841269841 0.8209325396825397 0.5413359788359788 0.8142361111111112 0.5403439153439153 0.8062996031746031 0.5492724867724867 0.7963789682539683 0.5625 0.7946428571428571
0 0.3167989417989418 0.6024305555555556 0.3290343915343915 0.6086309523809523 0.33101851851851855 0.6195436507936508 0.3253968253968254 0.6282242063492064 0.31316137566137564 0.6324404761904762 0.30423280423280424 0.6309523809523809 0.2962962962962963 0.6267361111111112 0.2919973544973545 0.6143353174603174 0.3002645502645503 0.6041666666666666 0.31646825396825395 0.6024305555555556
0 0.47255291005291006 0.5220734126984127 0.4818121693121693 0.5275297619047619 0.48544973544973546 0.5384424603174603 0.4808201058201058 0.544890873015873 0.4669312169312169 0.548859126984127 0.4566798941798942 0.5471230158730159 0.45205026455026454 0.5441468253968254 0.44907407407407407 0.5401785714285714 0.44907407407407407 0.5329861111111112 0.45601851851851855 0.5248015873015873 0.4632936507936508 0.5220734126984127 0.4722222222222222 0.5220734126984127
0 0.4444444444444444 0.5481150793650794 0.4583333333333333 0.5538194444444444 0.460978835978836 0.5627480158730159 0.4580026455026455 0.5709325396825397 0.45271164021164023 0.5746527777777778 0.44345238095238093 0.576140873015873 0.435515873015873 0.5751488095238095 0.42824074074074076 0.5706845238095238 0.42427248677248675 0.5592757936507936 0.42824074074074076 0.5525793650793651 0.4441137566137566 0.5481150793650794
0 0.2896825396825397 0.7341269841269841 0.29894179894179895 0.7403273809523809 0.3012566137566138 0.7482638888888888 0.29728835978835977 0.7562003968253969 0.28406084656084657 0.7626488095238095 0.27414021164021163 0.7621527777777778 0.267526455026455 0.7591765873015873 0.26322751322751325 0.7547123015873016 0.26157407407407407 0.7482638888888888 0.2648809523809524 0.7405753968253969 0.2728174603174603 0.7346230158730159 0.28935185185185186 0.7341269841269841
0 0.43683862433862436 0.8214285714285714 0.45072751322751325 0.8244047619047619 0.4583333333333333 0.8345734126984127 0.4580026455026455 0.841765873015873 0.4537037037037037 0.8489583333333334 0.43915343915343913 0.855406746031746 0.4262566137566138 0.8529265873015873 0.4169973544973545 0.8422619047619048 0.421957671957672 0.8273809523809523 0.4279100529100529 0.8231646825396826 0.4365079365079365 0.8214285714285714
0 0.4113756613756614 0.8400297619047619 0.4169973544973545 0.8420138888888888 0.421957671957672 0.8484623015873016 0.42328042328042326 0.8576388888888888 0.4183201058201058 0.8650793650793651 0.4074074074074074 0.8705357142857143 0.39451058201058203 0.8670634920634921 0.38591269841269843 0.8544146825396826 0.38855820105820105 0.8479662698412699 0.3974867724867725 0.839781746031746 0.41104497354497355 0.8400297619047619
0 0.39384920634920634 0.7366071428571429 0.4050925925925926 0.7410714285714286 0.41005291005291006 0.7477678571428571 0.4117063492063492 0.7552083333333334 0.40773809523809523 0.765625 0.3951719576719577 0.7713293650793651 0.38756613756613756 0.7710813492063492 0.37996031746031744 0.767609126984127 0.373015873015873 0.7609126984126984 0.3707010582010582 0.7542162698412699 0.37103174603174605 0.7482638888888888 0.3759920634920635 0.7418154761904762 0.38293650793650796 0.7373511904761905 0.39351851851851855 0.7366071428571429
0 0.7271825396825397 0.6433531746031746 0.7387566137566137 0.6470734126984127 0.7457010582010583 0.6572420634920635 0.7417328042328042 0.6674107142857143 0.7318121693121693 0.6726190476190477 0.7162698412698413 0.6696428571428571 0.707010582010582 0.6574900793650794 0.7083333333333334 0.6510416666666666 0.7139550264550265 0.6460813492063492 0.7268518518518519 0.6433531746031746
0 0.3521825396825397 0.7108134920634921 0.35813492063492064 0.7197420634920635 0.35813492063492064 0.7306547619047619 0.35185185185185186 0.7373511904761905 0.3396164021164021 0.7408234126984127 0.33134920634920634 0.7398313492063492 0.32671957671957674 0.7351190476190477 0.32572751322751325 0.7266865079365079 0.3287037037037037 0.7172619047619048 0.3349867724867725 0.7130456349206349 0.35185185185185186 0.7108134920634921
0 0.33134920634920634 0.43452380952380953 0.3439153439153439 0.4417162698412698 0.3501984126984127 0.4496527777777778 0.3455687830687831 0.46056547619047616 0.3349867724867725 0.46577380952380953 0.3210978835978836 0.46106150793650796 0.31382275132275134 0.44990079365079366 0.31415343915343913 0.44246031746031744 0.31746031746031744 0.43725198412698413 0.3230820105820106 0.4347718253968254 0.33101851851851855 0.43452380952380953
0 0.6207010582010583 0.38566468253968256 0.6299603174603174 0.390625 0.6316137566137566 0.40029761904761907 0.6226851851851852 0.4099702380952381 0.6121031746031746 0.4131944444444444 0.6044973544973545 0.41220238095238093 0.5958994708994709 0.40749007936507936 0.593915343915344 0.39657738095238093 0.605489417989418 0.38566468253968256 0.6203703703703703 0.38566468253968256
0 0.3039021164021164 0.6696428571428571 0.31084656084656087 0.6716269841269841 0.3191137566137566 0.6785714285714286 0.31746031746031744 0.6929563492063492 0.31382275132275134 0.6971726190476191 0.3039021164021164 0.6999007936507936 0.2896825396825397 0.6966765873015873 0.28273809523809523 0.6889880952380952 0.2857142857142857 0.6773313492063492 0.30357142857142855 0.6696428571428571
0 0.3680555555555556 0.7814980158730159 0.37962962962962965 0.7864583333333334 0.38425925925925924 0.7956349206349206 0.38062169312169314 0.8072916666666666 0.3680555555555556 0.8120039682539683 0.35548941798941797 0.8107638888888888 0.3498677248677249 0.8070436507936508 0.3462301587301587 0.8003472222222222 0.34755291005291006 0.7921626984126984 0.35185185185185186 0.7867063492063492 0.35978835978835977 0.7824900793650794 0.36772486772486773 0.7814980158730159
0 0.1669973544973545 0.6875 0.18022486772486773 0.6924603174603174 0.18353174603174602 0.7016369047619048 0.17625661375661375 0.7137896825396826 0.16534391534391535 0.7172619047619048 0.15178571428571427 0.7135416666666666 0.14517195767195767 0.7075892857142857 0.14351851851851852 0.7016369047619048 0.15145502645502645 0.6924603174603174 0.16666666666666666 0.6875
0 0.5462962962962963 0.4915674603174603 0.558531746031746 0.49677579365079366 0.5628306878306878 0.5042162698412699 0.560515873015873 0.5131448412698413 0.5472883597883598 0.5193452380952381 0.5370370370370371 0.5193452380952381 0.5307539682539683 0.5166170634920635 0.5234788359788359 0.5059523809523809 0.5244708994708994 0.5007440476190477 0.529431216931217 0.4955357142857143 0.5363756613756614 0.49206349206349204 0.5459656084656085 0.4915674603174603