0 0.4209656084656085 0.32787698412698413 0.4308862433862434 0.3315972222222222 0.4365079365079365 0.341765873015873 0.4322089947089947 0.35168650793650796 0.42162698412698413 0.3551587301587302 0.4117063492063492 0.35441468253968256 0.40145502645502645 0.34325396825396826 0.40145502645502645 0.33804563492063494 0.4070767195767196 0.330109126984127 0.42063492063492064 0.32787698412698413
0 0.6785714285714286 0.45535714285714285 0.6891534391534392 0.4583333333333333 0.6937830687830688 0.46279761904761907 0.6960978835978836 0.46850198412698413 0.6941137566137566 0.4781746031746032 0.685515873015873 0.4836309523809524 0.6805555555555556 0.48412698412698413 0.6683201058201058 0.48139880952380953 0.6626984126984127 0.4771825396825397 0.6603835978835979 0.47023809523809523 0.6636904761904762 0.4618055555555556 0.6686507936507936 0.45808531746031744 0.6782407407407407 0.4556051587301587
0 0.5588624338624338 0.6654265873015873 0.5674603174603174 0.6723710317460317 0.5707671957671958 0.685515873015873 0.5681216931216931 0.6924603174603174 0.5539021164021164 0.699156746031746 0.546957671957672 0.6986607142857143 0.5396825396825397 0.6944444444444444 0.5340608465608465 0.6852678571428571 0.5337301587301587 0.6790674603174603 0.5443121693121693 0.6681547619047619 0.5535714285714286 0.6649305555555556 0.558531746031746 0.6654265873015873
0 0.6038359788359788 0.21949404761904762 0.6130952380952381 0.22420634920634921 0.6173941798941799 0.234375 0.6091269841269841 0.24454365079365079 0.5988756613756614 0.24702380952380953 0.5836640211640212 0.23660714285714285 0.5830026455026455 0.22991071428571427 0.5882936507936508 0.2234623015873016 0.603505291005291 0.21949404761904762
0 0.31117724867724866 0.7068452380952381 0.32076719576719576 0.7093253968253969 0.32605820105820105 0.7132936507936508 0.32837301587301587 0.7217261904761905 0.3230820105820106 0.7309027777777778 0.31084656084656087 0.7366071428571429 0.29728835978835977 0.7338789682539683 0.2916666666666667 0.7286706349206349 0.28935185185185186 0.7222222222222222 0.2896825396825397 0.7172619047619048 0.29662698412698413 0.7098214285714286 0.31084656084656087 0.7068452380952381
0 0.6650132275132276 0.7274305555555556 0.6752645502645502 0.7351190476190477 0.6795634920634921 0.7447916666666666 0.6716269841269841 0.7537202380952381 0.6613756613756614 0.7564484126984127 0.6521164021164021 0.7549603174603174 0.6461640211640212 0.7512400793650794 0.6412037037037037 0.7403273809523809 0.6474867724867724 0.730406746031746 0.6646825396825397 0.7274305555555556
0 0.5016534391534392 0.24454365079365079 0.5082671957671958 0.24677579365079366 0.515542328042328 0.25496031746031744 0.5128968253968254 0.26587301587301587 0.5085978835978836 0.26959325396825395 0.501984126984127 0.27132936507936506 0.4877645502645503 0.26959325396825395 0.4818121693121693 0.2628968253968254 0.4798280423280423 0.2554563492063492 0.4834656084656085 0.24776785714285715 0.4877645502645503 0.24503968253968253 0.5013227513227513 0.24454365079365079
0 0.6415343915343915 0.761656746031746 0.6547619047619048 0.7673611111111112 0.6597222222222222 0.7757936507936508 0.6574074074074074 0.7869543650793651 0.6507936507936508 0.7921626984126984 0.6451719576719577 0.7934027777777778 0.6266534391534392 0.7896825396825397 0.6177248677248677 0.7785218253968254 0.6180555555555556 0.7713293650793651 0.6233465608465608 0.7646329365079365 0.6299603174603174 0.7621527777777778 0.6412037037037037 0.761656746031746
0 0.47453703703703703 0.17956349206349206 0.48743386243386244 0.18303571428571427 0.4937169312169312 0.19246031746031747 0.49173280423280424 0.19990079365079366 0.47784391534391535 0.20709325396825398 0.4642857142857143 0.20386904761904762 0.4583333333333333 0.19593253968253968 0.4623015873015873 0.18427579365079366 0.4669312169312169 0.18080357142857142 0.4742063492063492 0.17956349206349206
0 0.2959656084656085 0.4781746031746032 0.3039021164021164 0.4806547619047619 0.30753968253968256 0.48412698412698413 0.30952380952380953 0.49677579365079366 0.30423280423280424 0.501984126984127 0.29398148148148145 0.5062003968253969 0.28273809523809523 0.5054563492063492 0.2787698412698413 0.5032242063492064 0.273478835978836 0.49007936507936506 0.2757936507936508 0.48412698412698413 0.28273809523809523 0.4789186507936508 0.29563492063492064 0.4781746031746032
0 0.49933862433862436 0.6106150793650794 0.5119047619047619 0.6160714285714286 0.5148809523809523 0.6252480158730159 0.5082671957671958 0.6339285714285714 0.49636243386243384 0.6376488095238095 0.482473544973545 0.6336805555555556 0.478505291005291 0.623015873015873 0.4798280423280423 0.6180555555555556 0.48644179894179895 0.6128472222222222 0.4990079365079365 0.6106150793650794
0 0.49933862433862436 0.3559027777777778 0.5102513227513228 0.3611111111111111 0.513558201058201 0.36904761904761907 0.5109126984126984 0.376984126984127 0.5016534391534392 0.3812003968253968 0.48743386243386244 0.37971230158730157 0.48214285714285715 0.37648809523809523 0.4791666666666667 0.37028769841269843 0.4801587301587302 0.3630952380952381 0.48412698412698413 0.35887896825396826 0.49173280423280424 0.3559027777777778 0.4990079365079365 0.3559027777777778
0 0.5016534391534392 0.5654761904761905 0.5142195767195767 0.5706845238095238 0.5171957671957672 0.5818452380952381 0.5119047619047619 0.5892857142857143 0.5 0.5935019841269841 0.49107142857142855 0.5925099206349206 0.4851190476190476 0.5895337301587301 0.4798280423280423 0.5845734126984127 0.4781746031746032 0.5776289682539683 0.4801587301587302 0.5721726190476191 0.4861111111111111 0.5674603174603174 0.5013227513227513 0.5654761904761905
0 0.4947089947089947 0.38591269841269843 0.5029761904761905 0.39037698412698413 0.5066137566137566 0.40128968253968256 0.5042989417989417 0.4052579365079365 0.49107142857142855 0.41195436507936506 0.4781746031746032 0.4079861111111111 0.4728835978835979 0.40128968253968256 0.4722222222222222 0.39657738095238093 0.4742063492063492 0.3916170634920635 0.4808201058201058 0.38740079365079366 0.49437830687830686 0.38591269841269843
0 0.24966931216931218 0.7800099206349206 0.2622354497354497 0.7847222222222222 0.2681878306878307 0.792906746031746 0.267526455026455 0.800843253968254 0.26322751322751325 0.8080357142857143 0.25793650793650796 0.8115079365079365 0.24966931216931218 0.8129960317460317 0.2414021164021164 0.8122519841269841 0.23644179894179895 0.8090277777777778 0.23082010582010581 0.7978670634920635 0.23578042328042328 0.7859623015873016 0.24206349206349206 0.7814980158730159 0.24933862433862433 0.7800099206349206
0 0.19246031746031747 0.45362103174603174 0.20238095238095238 0.45610119047619047 0.207010582010582 0.4595734126984127 0.210978835978836 0.46726190476190477 0.20833333333333334 0.4789186507936508 0.20238095238095238 0.4826388888888889 0.19378306878306878 0.48387896825396826 0.18253968253968253 0.4809027777777778 0.17261904761904762 0.47098214285714285 0.17394179894179895 0.46378968253968256 0.17857142857142858 0.45783730158730157 0.18584656084656084 0.4541170634920635 0.19212962962962962 0.45362103174603174
0 0.3039021164021164 0.44345238095238093 0.31316137566137564 0.4459325396825397 0.3194444444444444 0.45461309523809523 0.31613756613756616 0.4642857142857143 0.3055555555555556 0.46875 0.2896825396825397 0.4660218253968254 0.2837301587301587 0.45634920634920634 0.28604497354497355 0.4503968253968254 0.2933201058201058 0.44419642857142855 0.30357142857142855 0.44345238095238093
0 0.4662698412698413 0.6121031746031746 0.4751984126984127 0.6163194444444444 0.4791666666666667 0.6279761904761905 0.4755291005291005 0.6336805555555556 0.4632936507936508 0.638640873015873 0.4494047619047619 0.6354166666666666 0.4444444444444444 0.6302083333333334 0.44345238095238093 0.6242559523809523 0.4497354497354497 0.6153273809523809 0.4556878306878307 0.6125992063492064 0.46593915343915343 0.6121031746031746
0 0.4914021164021164 0.2710813492063492 0.5046296296296297 0.2740575396825397 0.5102513227513228 0.2822420634920635 0.5092592592592593 0.2896825396825397 0.5059523809523809 0.29365079365079366 0.49173280423280424 0.296875 0.48214285714285715 0.29389880952380953 0.4771825396825397 0.2874503968253968 0.4794973544973545 0.27827380952380953 0.4877645502645503 0.27132936507936506 0.49107142857142855 0.2710813492063492
0 0.33201058201058203 0.7502480158730159 0.3382936507936508 0.7517361111111112 0.3455687830687831 0.7566964285714286 0.3488756613756614 0.765625 0.3419312169312169 0.7767857142857143 0.33564814814814814 0.7810019841269841 0.3290343915343915 0.7822420634920635 0.3194444444444444 0.7802579365079365 0.31382275132275134 0.7760416666666666 0.30853174603174605 0.7643849206349206 0.31084656084656087 0.7576884920634921 0.31746031746031744 0.7527281746031746 0.3316798941798942 0.7502480158730159
0 0.45337301587301587 0.32068452380952384 0.4666005291005291 0.32415674603174605 0.4742063492063492 0.3318452380952381 0.47255291005291006 0.34226190476190477 0.4669312169312169 0.3472222222222222 0.4603174603174603 0.34945436507936506 0.45271164021164023 0.34945436507936506 0.4417989417989418 0.3454861111111111 0.43783068783068785 0.3427579365079365 0.4341931216931217 0.3350694444444444 0.43386243386243384 0.33134920634920634 0.4384920634920635 0.3253968253968254 0.453042328042328 0.32068452380952384
0 0.5744047619047619 0.37276785714285715 0.5849867724867724 0.376984126984127 0.5906084656084656 0.38591269841269843 0.5859788359788359 0.39558531746031744 0.5747354497354498 0.40029761904761907 0.5611772486772487 0.3975694444444444 0.5562169312169312 0.3931051587301587 0.5545634920634921 0.3871527777777778 0.5611772486772487 0.3757440476190476 0.5671296296296297 0.373015873015873 0.5740740740740741 0.37276785714285715
0 0.30522486772486773 0.5143849206349206 0.3158068783068783 0.5205853174603174 0.31845238095238093 0.5310019841269841 0.31316137566137564 0.5391865079365079 0.3019179894179894 0.5421626984126984 0.2896825396825397 0.5394345238095238 0.28406084656084657 0.5329861111111112 0.2833994708994709 0.5270337301587301 0.2863756613756614 0.5203373015873016 0.29298941798941797 0.5148809523809523 0.3048941798941799 0.5143849206349206
0 0.5360449735449735 0.15575396825396826 0.5456349206349206 0.16121031746031747 0.5479497354497355 0.17311507936507936 0.5443121693121693 0.18030753968253968 0.533068783068783 0.18551587301587302 0.5178571428571429 0.18055555555555555 0.5138888888888888 0.17509920634920634 0.5132275132275133 0.16889880952380953 0.5211640211640212 0.15773809523809523 0.52744708994709 0.15550595238095238 0.5357142857142857 0.15575396825396826
0 0.6755952380952381 0.6810515873015873 0.685515873015873 0.6852678571428571 0.6904761904761905 0.6919642857142857 0.6875 0.7036210317460317 0.6775793650793651 0.7085813492063492 0.6630291005291006 0.7068452380952381 0.6541005291005291 0.6966765873015873 0.6547619047619048 0.689484126984127 0.6583994708994709 0.6850198412698413 0.6646825396825397 0.6817956349206349 0.6752645502645502 0.6810515873015873
0 0.6904761904761905 0.7993551587301587 0.703042328042328 0.8048115079365079 0.7080026455026455 0.8137400793650794 0.7040343915343915 0.8234126984126984 0.6934523809523809 0.8283730158730159 0.6871693121693122 0.828125 0.6795634920634921 0.8249007936507936 0.6696428571428571 0.814484126984127 0.6706349206349206 0.8070436507936508 0.6749338624338624 0.8020833333333334 0.6818783068783069 0.7993551587301587 0.6901455026455027 0.7993551587301587
0 0.2863756613756614 0.5607638888888888 0.2976190476190476 0.5674603174603174 0.30158730158730157 0.5744047619047619 0.2996031746031746 0.5815972222222222 0.2867063492063492 0.5885416666666666 0.27843915343915343 0.5882936507936508 0.2708333333333333 0.5853174603174603 0.2662037037037037 0.5818452380952381 0.26355820105820105 0.5753968253968254 0.2691798941798942 0.5642361111111112 0.2794312169312169 0.560515873015873 0.28604497354497355 0.5607638888888888
0 0.27380952380952384 0.4273313492063492 0.2876984126984127 0.4322916666666667 0.2916666666666667 0.4412202380952381 0.2863756613756614 0.45014880952380953 0.2757936507936508 0.45436507936507936 0.2612433862433862 0.45014880952380953 0.2542989417989418 0.4402281746031746 0.25496031746031744 0.4347718253968254 0.2585978835978836 0.4310515873015873 0.26355820105820105 0.4283234126984127 0.273478835978836 0.4273313492063492
0 0.3941798941798942 0.5290178571428571 0.4060846560846561 0.5329861111111112 0.41203703703703703 0.542906746031746 0.40906084656084657 0.5510912698412699 0.39814814814814814 0.5572916666666666 0.38492063492063494 0.5538194444444444 0.37797619047619047 0.5471230158730159 0.3759920634920635 0.5416666666666666 0.376984126984127 0.5364583333333334 0.3816137566137566 0.5317460317460317 0.39384920634920634 0.5290178571428571
0 0.4537037037037037 0.38764880952380953 0.460978835978836 0.38938492063492064 0.46726190476190477 0.39360119047619047 0.4699074074074074 0.4000496031746032 0.4675925925925926 0.40848214285714285 0.45535714285714285 0.4134424603174603 0.44312169312169314 0.4114583333333333 0.4351851851851852 0.40228174603174605 0.4375 0.3933531746031746 0.44642857142857145 0.38839285714285715 0.45337301587301587 0.38764880952380953
0 0.36408730158730157 0.388640873015873 0.37665343915343913 0.3923611111111111 0.38326719576719576 0.4007936507936508 0.3773148148148148 0.41121031746031744 0.36772486772486773 0.4146825396825397 0.3558201058201058 0.4131944444444444 0.34755291005291006 0.4055059523809524 0.3501984126984127 0.39360119047619047 0.3558201058201058 0.3896329365079365 0.3637566137566138 0.388640873015873
0 0.7731481481481481 0.7301587301587301 0.7867063492063492 0.736359126984127 0.7916666666666666 0.7457837301587301 0.7880291005291006 0.7552083333333334 0.7744708994708994 0.7624007936507936 0.7612433862433863 0.7599206349206349 0.7546296296296297 0.7554563492063492 0.7506613756613757 0.7490079365079365 0.7506613756613757 0.7413194444444444 0.7536375661375662 0.7361111111111112 0.7622354497354498 0.7313988095238095 0.7728174603174603 0.7301587301587301
0 0.2003968253968254 0.376984126984127 0.2080026455026455 0.3802083333333333 0.21362433862433863 0.3869047619047619 0.21263227513227514 0.3943452380952381 0.20304232804232805 0.40153769841269843 0.18518518518518517 0.39880952380952384 0.17592592592592593 0.3888888888888889 0.1765873015873016 0.3836805555555556 0.1822089947089947 0.3784722222222222 0.18915343915343916 0.37648809523809523 0.20006613756613756 0.376984126984127
0 0.43287037037037035 0.35714285714285715 0.44246031746031744 0.36160714285714285 0.44675925925925924 0.3725198412698413 0.44146825396825395 0.37996031746031744 0.4332010582010582 0.3834325396825397 0.4252645502645503 0.3834325396825397 0.41898148148148145 0.38095238095238093 0.41203703703703703 0.37028769841269843 0.41369047619047616 0.36235119047619047 0.4176587301587302 0.35887896825396826 0.43253968253968256 0.35714285714285715
0 0.4007936507936508 0.34375 0.40906084656084657 0.35044642857142855 0.41203703703703703 0.35813492063492064 0.4097222222222222 0.36507936507936506 0.40476190476190477 0.3697916666666667 0.39616402116402116 0.37276785714285715 0.38756613756613756 0.37177579365079366 0.37962962962962965 0.36681547619047616 0.37632275132275134 0.36061507936507936 0.37665343915343913 0.3551587301587302 0.38062169312169314 0.3501984126984127 0.390542328042328 0.3454861111111111 0.40046296296296297 0.34399801587301587
0 0.7275132275132276 0.7410714285714286 0.7384259259259259 0.7430555555555556 0.7457010582010583 0.75 0.7466931216931217 0.7589285714285714 0.7417328042328042 0.7666170634920635 0.7354497354497355 0.7693452380952381 0.7265211640211641 0.7693452380952381 0.716931216931217 0.7661210317460317 0.7119708994708994 0.7619047619047619 0.7106481481481481 0.7549603174603174 0.7132936507936508 0.7492559523809523 0.718915343915344 0.7430555555555556 0.7271825396825397 0.7413194444444444
0 0.6147486772486772 0.15079365079365079 0.6213624338624338 0.15625 0.6233465608465608 0.16592261904761904 0.6157407407407407 0.17485119047619047 0.6064814814814815 0.1775793650793651 0.5982142857142857 0.17633928571428573 0.5906084656084656 0.171875 0.5886243386243386 0.1609623015873016 0.595568783068783 0.1527777777777778 0.6064814814814815 0.15004960317460317 0.6144179894179894 0.15079365079365079
0 0.6904761904761905 0.7457837301587301 0.6994047619047619 0.748015873015873 0.703042328042328 0.7509920634920635 0.7076719576719577 0.7604166666666666 0.7043650793650794 0.7735615079365079 0.6931216931216931 0.7782738095238095 0.6802248677248677 0.7760416666666666 0.6732804232804233 0.7698412698412699 0.669973544973545 0.7626488095238095 0.6703042328042328 0.7552083333333334 0.6732804232804233 0.7514880952380952 0.6815476190476191 0.746031746031746 0.6901455026455027 0.7457837301587301
0 0.42063492063492064 0.4347718253968254 0.43253968253968256 0.4382440476190476 0.43683862433862436 0.44568452380952384 0.43584656084656087 0.4513888888888889 0.4312169312169312 0.45709325396825395 0.4212962962962963 0.46106150793650796 0.41104497354497355 0.4603174603174603 0.4041005291005291 0.4573412698412698 0.398478835978836 0.4494047619047619 0.3998015873015873 0.4417162698412698 0.40476190476190477 0.4365079365079365 0.4203042328042328 0.4347718253968254
0 0.37896825396825395 0.2123015873015873 0.39087301587301587 0.21676587301587302 0.3951719576719577 0.22296626984126985 0.39285714285714285 0.23239087301587302 0.3802910052910053 0.23958333333333334 0.36607142857142855 0.23635912698412698 0.3584656084656085 0.22718253968253968 0.35912698412698413 0.22098214285714285 0.36342592592592593 0.21626984126984128 0.36904761904761907 0.2130456349206349 0.37863756613756616 0.2123015873015873
0 0.22784391534391535 0.4645337301587302 0.24107142857142858 0.46850198412698413 0.2457010582010582 0.47693452380952384 0.24239417989417988 0.48462301587301587 0.22784391534391535 0.4913194444444444 0.21693121693121692 0.4888392857142857 0.20965608465608465 0.4781746031746032 0.21329365079365079 0.4677579365079365 0.2275132275132275 0.4645337301587302
0 0.10615079365079365 0.4809027777777778 0.1173941798941799 0.4871031746031746 0.11970899470899471 0.49503968253968256 0.1130952380952381 0.5029761904761905 0.09854497354497355 0.5069444444444444 0.08531746031746032 0.5049603174603174 0.07804232804232804 0.4990079365079365 0.07671957671957672 0.49404761904761907 0.08134920634920635 0.4868551587301587 0.08862433862433862 0.4816468253968254 0.09490740740740741 0.4799107142857143 0.10582010582010581 0.4809027777777778
0 0.42956349206349204 0.8249007936507936 0.4408068783068783 0.8306051587301587 0.4444444444444444 0.8350694444444444 0.44543650793650796 0.841765873015873 0.439484126984127 0.8529265873015873 0.4351851851851852 0.8563988095238095 0.4255952380952381 0.8588789682539683 0.4176587301587302 0.8576388888888888 0.41104497354497355 0.8526785714285714 0.40773809523809523 0.847718253968254 0.4074074074074074 0.8405257936507936 0.4103835978835979 0.8338293650793651 0.4183201058201058 0.8271329365079365 0.42923280423280424 0.8249007936507936
0 0.46494708994708994 0.2378472222222222 0.4738756613756614 0.24231150793650794 0.47619047619047616 0.2517361111111111 0.4708994708994709 0.2619047619047619 0.46164021164021163 0.2648809523809524 0.4487433862433862 0.2619047619047619 0.4441137566137566 0.25570436507936506 0.4427910052910053 0.24851190476190477 0.4494047619047619 0.2408234126984127 0.4646164021164021 0.2378472222222222
0 0.330026455026455 0.47619047619047616 0.3412698412698413 0.48139880952380953 0.3462301587301587 0.4895833333333333 0.34226190476190477 0.5007440476190477 0.3382936507936508 0.5042162698412699 0.3316798941798942 0.5059523809523809 0.32407407407407407 0.5057043650793651 0.3148148148148148 0.5022321428571429 0.3091931216931217 0.49776785714285715 0.30787037037037035 0.49330357142857145 0.3098544973544973 0.4806547619047619 0.3167989417989418 0.47693452380952384 0.3296957671957672 0.47619047619047616
0 0.5826719576719577 0.2371031746031746 0.5882936507936508 0.2390873015873016 0.5965608465608465 0.24751984126984128 0.593584656084656 0.2591765873015873 0.5826719576719577 0.2646329365079365 0.5677910052910053 0.2619047619047619 0.5611772486772487 0.25297619047619047 0.5641534391534392 0.24379960317460317 0.5710978835978836 0.2390873015873016 0.5823412698412699 0.2371031746031746
0 0.7711640211640212 0.7624007936507936 0.7787698412698413 0.7643849206349206 0.7847222222222222 0.7688492063492064 0.7880291005291006 0.7760416666666666 0.7843915343915344 0.7862103174603174 0.7757936507936508 0.7906746031746031 0.7648809523809523 0.7899305555555556 0.7585978835978836 0.7867063492063492 0.7516534391534392 0.7760416666666666 0.7533068783068783 0.7693452380952381 0.7582671957671958 0.7643849206349206 0.7708333333333334 0.7624007936507936
0 0.5085978835978836 0.2951388888888889 0.5158730158730159 0.2996031746031746 0.519510582010582 0.30778769841269843 0.5122354497354498 0.3179563492063492 0.5052910052910053 0.32068452380952384 0.49007936507936506 0.31820436507936506 0.48412698412698413 0.31101190476190477 0.4837962962962963 0.3060515873015873 0.48743386243386244 0.29985119047619047 0.49272486772486773 0.29662698412698413 0.5082671957671958 0.2951388888888889
0 0.5896164021164021 0.19766865079365079 0.6001984126984127 0.2013888888888889 0.6048280423280423 0.21006944444444445 0.6021825396825397 0.21850198412698413 0.5849867724867724 0.22544642857142858 0.5727513227513228 0.21428571428571427 0.5730820105820106 0.20808531746031747 0.578042328042328 0.2003968253968254 0.5892857142857143 0.19766865079365079
0 0.5300925925925926 0.30927579365079366 0.541005291005291 0.31274801587301587 0.544973544973545 0.32068452380952384 0.5403439153439153 0.3318452380952381 0.5320767195767195 0.3350694444444444 0.5251322751322751 0.33482142857142855 0.5168650793650794 0.3315972222222222 0.5109126984126984 0.3216765873015873 0.5191798941798942 0.31125992063492064 0.5297619047619048 0.30927579365079366
0 0.5261243386243386 0.22569444444444445 0.5370370370370371 0.23040674603174602 0.5419973544973545 0.23735119047619047 0.5396825396825397 0.24851190476190477 0.5300925925925926 0.2537202380952381 0.5165343915343915 0.2524801587301587 0.5049603174603174 0.24131944444444445 0.5069444444444444 0.23115079365079366 0.5168650793650794 0.22668650793650794 0.5257936507936508 0.22569444444444445
0 0.1960978835978836 0.40128968253968256 0.20634920634920634 0.4027777777777778 0.21395502645502645 0.4104662698412698 0.21494708994708994 0.41790674603174605 0.2099867724867725 0.4243551587301587 0.2027116402116402 0.4283234126984127 0.19378306878306878 0.42857142857142855 0.18551587301587302 0.4263392857142857 0.17956349206349206 0.42162698412698413 0.17989417989417988 0.40773809523809523 0.18584656084656084 0.40302579365079366 0.19576719576719576 0.40153769841269843
0 0.5717592592592593 0.2140376984126984 0.5803571428571429 0.22073412698412698 0.5806878306878307 0.23065476190476192 0.5777116402116402 0.2361111111111111 0.5641534391534392 0.24131944444444445 0.5565476190476191 0.23933531746031747 0.5499338624338624 0.23412698412698413 0.546957671957672 0.22495039682539683 0.5502645502645502 0.21899801587301587 0.5568783068783069 0.21453373015873015 0.5714285714285714 0.2140376984126984
0 0.3296957671957672 0.3950892857142857 0.3419312169312169 0.4007936507936508 0.3439153439153439 0.4089781746031746 0.3406084656084656 0.4164186507936508 0.32837301587301587 0.4236111111111111 0.31712962962962965 0.42212301587301587 0.31084656084656087 0.41889880952380953 0.3072089947089947 0.4079861111111111 0.3101851851851852 0.4027777777777778 0.31845238095238093 0.39732142857142855 0.32936507936507936 0.3950892857142857
0 0.3419312169312169 0.41716269841269843 0.3525132275132275 0.4181547619047619 0.3627645502645503 0.42485119047619047 0.36342592592592593 0.4322916666666667 0.359457671957672 0.43874007936507936 0.3482142857142857 0.44419642857142855 0.3382936507936508 0.44345238095238093 0.33101851851851855 0.4392361111111111 0.3287037037037037 0.4340277777777778 0.3296957671957672 0.42485119047619047 0.3416005291005291 0.4174107142857143
0 0.6326058201058201 0.26438492063492064 0.6451719576719577 0.2725694444444444 0.6471560846560847 0.27976190476190477 0.6398809523809523 0.2896825396825397 0.6319444444444444 0.2931547619047619 0.6167328042328042 0.29017857142857145 0.6101190476190477 0.2829861111111111 0.609457671957672 0.27802579365079366 0.6160714285714286 0.26785714285714285 0.623015873015873 0.26438492063492064 0.6322751322751323 0.26438492063492064