0 0.4365079365079365 0.20510912698412698 0.4494047619047619 0.20510912698412698 0.4576719576719577 0.20982142857142858 0.4652777777777778 0.2204861111111111 0.46726190476190477 0.2286706349206349 0.4669312169312169 0.23462301587301587 0.46164021164021163 0.24231150793650794 0.439484126984127 0.25024801587301587 0.42592592592592593 0.24975198412698413 0.41865079365079366 0.2472718253968254 0.40906084656084657 0.23735119047619047 0.4064153439153439 0.2286706349206349 0.40773809523809523 0.22023809523809523 0.4176587301587302 0.2088293650793651 0.4252645502645503 0.20535714285714285 0.43617724867724866 0.20510912698412698
0 0.39186507936507936 0.5344742063492064 0.40244708994708994 0.5364583333333334 0.4126984126984127 0.5431547619047619 0.4183201058201058 0.5510912698412699 0.41865079365079366 0.5625 0.4150132275132275 0.5701884920634921 0.4007936507936508 0.5815972222222222 0.39285714285714285 0.5850694444444444 0.3835978835978836 0.5860615079365079 0.373015873015873 0.5850694444444444 0.35978835978835977 0.5808531746031746 0.3501984126984127 0.5706845238095238 0.3468915343915344 0.5600198412698413 0.351521164021164 0.5498511904761905 0.36243386243386244 0.5396825396825397 0.3776455026455027 0.5344742063492064 0.3915343915343915 0.5344742063492064
0 0.6001984126984127 0.3541666666666667 0.6097883597883598 0.3576388888888889 0.6183862433862434 0.3658234126984127 0.6240079365079365 0.37648809523809523 0.6240079365079365 0.3836805555555556 0.6111111111111112 0.39831349206349204 0.5916005291005291 0.40153769841269843 0.5783730158730159 0.40029761904761907 0.5671296296296297 0.3950892857142857 0.5625 0.38591269841269843 0.5621693121693122 0.37276785714285715 0.5641534391534392 0.36607142857142855 0.5730820105820106 0.35813492063492064 0.5826719576719577 0.35540674603174605 0.5998677248677249 0.3541666666666667
0 0.27380952380952384 0.41096230158730157 0.2863756613756614 0.41393849206349204 0.29365079365079366 0.4181547619047619 0.29828042328042326 0.43601190476190477 0.28703703703703703 0.44990079365079366 0.2724867724867725 0.45337301587301587 0.2585978835978836 0.45163690476190477 0.24867724867724866 0.4466765873015873 0.24173280423280424 0.4392361111111111 0.23974867724867724 0.4312996031746032 0.24107142857142858 0.4243551587301587 0.24801587301587302 0.41790674603174605 0.26157407407407407 0.41195436507936506 0.273478835978836 0.41096230158730157
0 0.6273148148148148 0.4575892857142857 0.6378968253968254 0.45982142857142855 0.6484788359788359 0.466765873015873 0.6517857142857143 0.48387896825396826 0.6431878306878307 0.4947916666666667 0.6349206349206349 0.4990079365079365 0.6200396825396826 0.5022321428571429 0.6061507936507936 0.5 0.5978835978835979 0.4947916666666667 0.5916005291005291 0.48487103174603174 0.5912698412698413 0.47693452380952384 0.595568783068783 0.46999007936507936 0.6048280423280423 0.46205357142857145 0.6164021164021164 0.45783730158730157 0.626984126984127 0.4575892857142857
0 0.5697751322751323 0.3070436507936508 0.5853174603174603 0.3196924603174603 0.5863095238095238 0.3315972222222222 0.5744047619047619 0.345734126984127 0.5558862433862434 0.3492063492063492 0.5433201058201058 0.34771825396825395 0.53505291005291 0.34250992063492064 0.5261243386243386 0.32415674603174605 0.5347222222222222 0.3134920634920635 0.5423280423280423 0.3090277777777778 0.5558862433862434 0.30505952380952384 0.5694444444444444 0.3070436507936508
0 0.5304232804232805 0.39880952380952384 0.5363756613756614 0.40054563492063494 0.5462962962962963 0.4079861111111111 0.5499338624338624 0.41790674603174605 0.5496031746031746 0.42509920634920634 0.5446428571428571 0.43253968253968256 0.5337301587301587 0.4399801587301587 0.5162037037037037 0.44246031746031744 0.5052910052910053 0.4399801587301587 0.4914021164021164 0.4288194444444444 0.4887566137566138 0.421875 0.48974867724867727 0.4146825396825397 0.49404761904761907 0.40749007936507936 0.5029761904761905 0.4007936507936508 0.5300925925925926 0.39880952380952384
0 0.19378306878306878 0.23189484126984128 0.20634920634920634 0.2326388888888889 0.22023809523809523 0.23759920634920634 0.22718253968253968 0.24305555555555555 0.23313492063492064 0.25496031746031744 0.23115079365079366 0.265625 0.22685185185185186 0.2728174603174603 0.22023809523809523 0.2777777777777778 0.20767195767195767 0.28174603174603174 0.1818783068783069 0.2767857142857143 0.17096560846560846 0.2700892857142857 0.16765873015873015 0.265625 0.16732804232804233 0.2552083333333333 0.17195767195767195 0.2425595238095238 0.18915343915343916 0.23189484126984128 0.19345238095238096 0.23189484126984128
0 0.48644179894179895 0.46924603174603174 0.4976851851851852 0.4729662698412698 0.501984126984127 0.47643849206349204 0.5069444444444444 0.4833829365079365 0.5079365079365079 0.49181547619047616 0.5052910052910053 0.5012400793650794 0.4990079365079365 0.5086805555555556 0.49173280423280424 0.5131448412698413 0.48214285714285715 0.5153769841269841 0.4669312169312169 0.5138888888888888 0.45965608465608465 0.5096726190476191 0.455026455026455 0.5047123015873016 0.45072751322751325 0.49032738095238093 0.4546957671957672 0.47842261904761907 0.4619708994708995 0.4722222222222222 0.4728835978835979 0.46899801587301587 0.4861111111111111 0.46924603174603174
0 0.44312169312169314 0.5037202380952381 0.4537037037037037 0.5062003968253969 0.46130952380952384 0.5114087301587301 0.4718915343915344 0.5275297619047619 0.4705687830687831 0.5379464285714286 0.4646164021164021 0.546875 0.453042328042328 0.5535714285714286 0.44642857142857145 0.5545634920634921 0.43683862433862436 0.5538194444444444 0.4203042328042328 0.5481150793650794 0.4107142857142857 0.5399305555555556 0.40773809523809523 0.5337301587301587 0.4107142857142857 0.5198412698412699 0.41633597883597884 0.5124007936507936 0.43187830687830686 0.5037202380952381 0.4427910052910053 0.5037202380952381
0 0.32671957671957674 0.2775297619047619 0.3406084656084656 0.279265873015873 0.34755291005291006 0.28249007936507936 0.3558201058201058 0.28869047619047616 0.3601190476190476 0.29662698412698413 0.35714285714285715 0.3082837301587302 0.33564814814814814 0.32043650793650796 0.328042328042328 0.32018849206349204 0.31316137566137564 0.3149801587301587 0.30324074074074076 0.30778769841269843 0.3002645502645503 0.3005952380952381 0.30158730158730157 0.29389880952380953 0.31084656084656087 0.28149801587301587 0.3210978835978836 0.27728174603174605 0.3263888888888889 0.2775297619047619
0 0.6243386243386243 0.503968253968254 0.6355820105820106 0.5071924603174603 0.6438492063492064 0.5121527777777778 0.6511243386243386 0.5267857142857143 0.6507936507936508 0.5344742063492064 0.6474867724867724 0.5394345238095238 0.6335978835978836 0.5473710317460317 0.626984126984127 0.5476190476190477 0.6101190476190477 0.5473710317460317 0.6021825396825397 0.5443948412698413 0.5922619047619048 0.5262896825396826 0.593584656084656 0.5188492063492064 0.6041666666666666 0.5074404761904762 0.6127645502645502 0.5044642857142857 0.6240079365079365 0.503968253968254
0 0.7318121693121693 0.4146825396825397 0.7410714285714286 0.4181547619047619 0.7496693121693122 0.42485119047619047 0.7526455026455027 0.4310515873015873 0.7523148148148148 0.4402281746031746 0.7483465608465608 0.44990079365079366 0.7430555555555556 0.4538690476190476 0.7242063492063492 0.45808531746031744 0.7132936507936508 0.45709325396825395 0.701058201058201 0.45014880952380953 0.6957671957671958 0.44221230158730157 0.6944444444444444 0.43154761904761907 0.6990740740740741 0.4243551587301587 0.7086640211640212 0.4181547619047619 0.7192460317460317 0.4146825396825397 0.7314814814814815 0.4146825396825397
0 0.4652777777777778 0.24231150793650794 0.4775132275132275 0.2442956349206349 0.4877645502645503 0.2507440476190476 0.49272486772486773 0.2584325396825397 0.4937169312169312 0.2690972222222222 0.48412698412698413 0.28174603174603174 0.4636243386243386 0.28869047619047616 0.44742063492063494 0.2867063492063492 0.44047619047619047 0.28273809523809523 0.4351851851851852 0.2760416666666667 0.4308862433862434 0.26165674603174605 0.435515873015873 0.25396825396825395 0.44246031746031744 0.24925595238095238 0.46494708994708994 0.24231150793650794
0 0.4348544973544973 0.45907738095238093 0.44675925925925924 0.46651785714285715 0.4523809523809524 0.4739583333333333 0.45337301587301587 0.47966269841269843 0.4470899470899471 0.4945436507936508 0.4401455026455027 0.4992559523809524 0.42592592592592593 0.5027281746031746 0.4113756613756614 0.5004960317460317 0.40046296296296297 0.4957837301587302 0.39384920634920634 0.4885912698412698 0.3931878306878307 0.4799107142857143 0.3974867724867725 0.4704861111111111 0.40674603174603174 0.4632936507936508 0.42493386243386244 0.4585813492063492 0.43452380952380953 0.45907738095238093
0 0.37533068783068785 0.30679563492063494 0.3845899470899471 0.3100198412698413 0.38921957671957674 0.3142361111111111 0.3941798941798942 0.32415674603174605 0.3941798941798942 0.3350694444444444 0.3845899470899471 0.34598214285714285 0.36507936507936506 0.35267857142857145 0.3548280423280423 0.3524305555555556 0.3419312169312169 0.34523809523809523 0.33664021164021163 0.33779761904761907 0.335978835978836 0.32688492063492064 0.3382936507936508 0.3211805555555556 0.3578042328042328 0.30853174603174605 0.375 0.30679563492063494
0 0.5952380952380952 0.419890873015873 0.6068121693121693 0.421875 0.6177248677248677 0.4288194444444444 0.6240079365079365 0.44320436507936506 0.6197089947089947 0.45362103174603174 0.5972222222222222 0.4650297619047619 0.5813492063492064 0.46378968253968256 0.5710978835978836 0.45783730158730157 0.5638227513227513 0.4496527777777778 0.5615079365079365 0.44072420634920634 0.5628306878306878 0.4322916666666667 0.5707671957671958 0.42509920634920634 0.5790343915343915 0.42162698412698413 0.5949074074074074 0.419890873015873
0 0.5132275132275133 0.3211805555555556 0.5254629629629629 0.32762896825396826 0.5337301587301587 0.34523809523809523 0.52744708994709 0.35267857142857145 0.5191798941798942 0.357390873015873 0.4957010582010582 0.3611111111111111 0.48677248677248675 0.35962301587301587 0.4771825396825397 0.3529265873015873 0.4771825396825397 0.3373015873015873 0.4877645502645503 0.3244047619047619 0.5052910052910053 0.32043650793650796 0.5128968253968254 0.3211805555555556
0 0.33366402116402116 0.3586309523809524 0.3488756613756614 0.36433531746031744 0.357473544973545 0.37648809523809523 0.3498677248677249 0.3933531746031746 0.34226190476190477 0.39806547619047616 0.3247354497354497 0.3960813492063492 0.30787037037037035 0.39732142857142855 0.30257936507936506 0.3943452380952381 0.2986111111111111 0.3871527777777778 0.2986111111111111 0.37648809523809523 0.3019179894179894 0.3697916666666667 0.31812169312169314 0.36061507936507936 0.3244047619047619 0.3583829365079365 0.3333333333333333 0.3586309523809524
0 0.6484788359788359 0.4104662698412698 0.6712962962962963 0.4149305555555556 0.6808862433862434 0.42509920634920634 0.6828703703703703 0.43278769841269843 0.6798941798941799 0.43973214285714285 0.671957671957672 0.44717261904761907 0.6623677248677249 0.4513888888888889 0.6481481481481481 0.45362103174603174 0.640542328042328 0.453125 0.6266534391534392 0.4476686507936508 0.6193783068783069 0.42857142857142855 0.6220238095238095 0.4208829365079365 0.6299603174603174 0.41418650793650796 0.6481481481481481 0.4104662698412698
0 0.673941798941799 0.3712797619047619 0.6908068783068783 0.37648809523809523 0.6977513227513228 0.3836805555555556 0.6994047619047619 0.39211309523809523 0.6964285714285714 0.4007936507936508 0.6891534391534392 0.4097222222222222 0.6726190476190477 0.4131944444444444 0.6498015873015873 0.40922619047619047 0.640542328042328 0.4007936507936508 0.638558201058201 0.3916170634920635 0.6421957671957672 0.3834325396825397 0.6511243386243386 0.3759920634920635 0.6610449735449735 0.37202380952380953 0.6736111111111112 0.3712797619047619
0 0.3247354497354497 0.3968253968253968 0.34226190476190477 0.3993055555555556 0.3505291005291005 0.4037698412698413 0.36044973544973546 0.4149305555555556 0.3630952380952381 0.42683531746031744 0.3601190476190476 0.43253968253968256 0.351521164021164 0.4399801587301587 0.32175925925925924 0.44568452380952384 0.310515873015873 0.4429563492063492 0.3019179894179894 0.4367559523809524 0.2962962962962963 0.4176587301587302 0.29993386243386244 0.40922619047619047 0.30952380952380953 0.3993055555555556 0.3244047619047619 0.3968253968253968
0 0.4027777777777778 0.41964285714285715 0.41435185185185186 0.42485119047619047 0.4252645502645503 0.4332837301587302 0.4289021164021164 0.43898809523809523 0.42956349206349204 0.4479166666666667 0.4236111111111111 0.4583333333333333 0.40145502645502645 0.4652777777777778 0.3915343915343915 0.4632936507936508 0.3783068783068783 0.45634920634920634 0.3723544973544973 0.4489087301587302 0.37103174603174605 0.4384920634920635 0.3726851851851852 0.43154761904761907 0.3802910052910053 0.423859126984127 0.3898809523809524 0.41964285714285715 0.40244708994708994 0.41964285714285715
0 0.44146825396825395 0.3931051587301587 0.453042328042328 0.3960813492063492 0.46395502645502645 0.4027777777777778 0.4675925925925926 0.40773809523809523 0.46825396825396826 0.41418650793650796 0.4642857142857143 0.42584325396825395 0.45337301587301587 0.4337797619047619 0.4437830687830688 0.43601190476190477 0.42857142857142855 0.43427579365079366 0.4117063492063492 0.421875 0.4080687830687831 0.4154265873015873 0.4107142857142857 0.40401785714285715 0.4169973544973545 0.39657738095238093 0.4289021164021164 0.3931051587301587 0.44113756613756616 0.3931051587301587
0 0.4877645502645503 0.2819940476190476 0.4990079365079365 0.28521825396825395 0.5095899470899471 0.2914186507936508 0.5132275132275133 0.29637896825396826 0.5142195767195767 0.30505952380952384 0.5125661375661376 0.31101190476190477 0.5056216931216931 0.3196924603174603 0.48412698412698413 0.3244047619047619 0.4732142857142857 0.3229166666666667 0.4656084656084656 0.31845238095238093 0.4593253968253968 0.310515873015873 0.4573412698412698 0.3005952380952381 0.4599867724867725 0.2931547619047619 0.4656084656084656 0.2874503968253968 0.4738756613756614 0.2839781746031746 0.48743386243386244 0.2819940476190476
0 0.4322089947089947 0.35193452380952384 0.4497354497354497 0.3556547619047619 0.4583333333333333 0.3618551587301587 0.4626322751322751 0.36929563492063494 0.4623015873015873 0.3794642857142857 0.4494047619047619 0.39211309523809523 0.4305555555555556 0.392609126984127 0.4150132275132275 0.39632936507936506 0.40244708994708994 0.3787202380952381 0.40244708994708994 0.3663194444444444 0.414021164021164 0.3539186507936508 0.43187830687830686 0.35193452380952384
0 0.21693121693121692 0.37475198412698413 0.2390873015873016 0.3794642857142857 0.25132275132275134 0.390625 0.25396825396825395 0.3968253968253968 0.2526455026455027 0.40476190476190477 0.24537037037037038 0.41517857142857145 0.2390873015873016 0.41889880952380953 0.22718253968253968 0.421875 0.21395502645502645 0.42212301587301587 0.20304232804232805 0.41865079365079366 0.19411375661375663 0.41121031746031744 0.18981481481481483 0.40228174603174605 0.1917989417989418 0.39112103174603174 0.20072751322751323 0.38169642857142855 0.21064814814814814 0.3757440476190476 0.2166005291005291 0.375
0 0.5641534391534392 0.519593253968254 0.5816798941798942 0.5213293650793651 0.5912698412698413 0.5275297619047619 0.5962301587301587 0.5344742063492064 0.5985449735449735 0.5431547619047619 0.5968915343915344 0.5498511904761905 0.5859788359788359 0.5607638888888888 0.5757275132275133 0.5632440476190477 0.5562169312169312 0.5615079365079365 0.5413359788359788 0.546875 0.5423280423280423 0.5339781746031746 0.5453042328042328 0.5287698412698413 0.5555555555555556 0.5208333333333334 0.5638227513227513 0.5198412698412699
0 0.5145502645502645 0.5106646825396826 0.529431216931217 0.5131448412698413 0.5357142857142857 0.5190972222222222 0.5419973544973545 0.53125 0.5403439153439153 0.542906746031746 0.5327380952380952 0.5538194444444444 0.5257936507936508 0.5580357142857143 0.5148809523809523 0.5590277777777778 0.5016534391534392 0.5577876984126984 0.48908730158730157 0.5538194444444444 0.4828042328042328 0.5476190476190477 0.476521164021164 0.5334821428571429 0.4798280423280423 0.5248015873015873 0.4957010582010582 0.5143849206349206 0.5042989417989417 0.5104166666666666 0.5142195767195767 0.5106646825396826
0 0.5347222222222222 0.44221230158730157 0.5545634920634921 0.44990079365079366 0.5575396825396826 0.45362103174603174 0.5578703703703703 0.46081349206349204 0.5502645502645502 0.47842261904761907 0.5396825396825397 0.4853670634920635 0.5291005291005291 0.48660714285714285 0.5185185185185185 0.48586309523809523 0.5099206349206349 0.482390873015873 0.5003306878306878 0.4729662698412698 0.498015873015873 0.4652777777777778 0.5006613756613757 0.45610119047619047 0.5132275132275133 0.4444444444444444 0.5231481481481481 0.4419642857142857 0.5343915343915344 0.44221230158730157
0 0.3455687830687831 0.44320436507936506 0.35978835978835977 0.44742063492063494 0.3664021164021164 0.4521329365079365 0.3697089947089947 0.45982142857142855 0.37003968253968256 0.47098214285714285 0.3664021164021164 0.47966269841269843 0.36044973544973546 0.484375 0.35185185185185186 0.4885912698412698 0.34226190476190477 0.49032738095238093 0.3316798941798942 0.4898313492063492 0.32043650793650796 0.48387896825396826 0.31316137566137564 0.47544642857142855 0.3115079365079365 0.46478174603174605 0.31382275132275134 0.4565972222222222 0.3210978835978836 0.4476686507936508 0.34523809523809523 0.44320436507936506
0 0.7417328042328042 0.4575892857142857 0.7556216931216931 0.4595734126984127 0.7622354497354498 0.46279761904761907 0.7731481481481481 0.4801587301587302 0.7734788359788359 0.484375 0.7691798941798942 0.4913194444444444 0.7589285714285714 0.4982638888888889 0.7503306878306878 0.5 0.7301587301587301 0.498015873015873 0.7172619047619048 0.49107142857142855 0.7116402116402116 0.484375 0.718915343915344 0.4632936507936508 0.7271825396825397 0.45882936507936506 0.7414021164021164 0.4575892857142857
0 0.18683862433862433 0.31125992063492064 0.20866402116402116 0.31646825396825395 0.21626984126984128 0.32762896825396826 0.2166005291005291 0.3373015873015873 0.21329365079365079 0.34499007936507936 0.207010582010582 0.3501984126984127 0.19510582010582012 0.3539186507936508 0.1693121693121693 0.3499503968253968 0.15773809523809523 0.3385416666666667 0.1574074074074074 0.32787698412698413 0.16071428571428573 0.32018849206349204 0.1712962962962963 0.3134920634920635 0.1865079365079365 0.31125992063492064
0 0.3072089947089947 0.3134920634920635 0.330026455026455 0.3219246031746032 0.3353174603174603 0.3373015873015873 0.33465608465608465 0.34523809523809523 0.32936507936507936 0.3539186507936508 0.3237433862433862 0.35714285714285715 0.310515873015873 0.35962301587301587 0.30324074074074076 0.35912698412698413 0.2900132275132275 0.35367063492063494 0.2847222222222222 0.34871031746031744 0.2804232804232804 0.3382936507936508 0.2814153439153439 0.32762896825396826 0.2900132275132275 0.31746031746031744 0.296957671957672 0.31398809523809523 0.30687830687830686 0.3134920634920635
0 0.6332671957671958 0.5486111111111112 0.6441798941798942 0.5607638888888888 0.6438492063492064 0.5744047619047619 0.6319444444444444 0.5885416666666666 0.6164021164021164 0.5942460317460317 0.6015211640211641 0.5920138888888888 0.591931216931217 0.5873015873015873 0.5853174603174603 0.5744047619047619 0.5849867724867724 0.566468253968254 0.5912698412698413 0.5572916666666666 0.6025132275132276 0.5491071428571429 0.6329365079365079 0.5486111111111112
0 0.18022486772486773 0.3529265873015873 0.19477513227513227 0.35466269841269843 0.2027116402116402 0.35788690476190477 0.20899470899470898 0.36607142857142855 0.210978835978836 0.3732638888888889 0.20899470899470898 0.37723214285714285 0.1974206349206349 0.3851686507936508 0.19014550264550265 0.3933531746031746 0.18022486772486773 0.3950892857142857 0.167989417989418 0.3940972222222222 0.16104497354497355 0.3913690476190476 0.15013227513227514 0.37351190476190477 0.15178571428571427 0.36607142857142855 0.15806878306878308 0.3576388888888889 0.17162698412698413 0.3524305555555556 0.17989417989417988 0.3529265873015873
0 0.24107142857142858 0.2775297619047619 0.25165343915343913 0.2829861111111111 0.2605820105820106 0.29637896825396826 0.25992063492063494 0.30282738095238093 0.25396825396825395 0.3107638888888889 0.23974867724867724 0.31225198412698413 0.22784391534391535 0.3179563492063492 0.20667989417989419 0.31101190476190477 0.2027116402116402 0.30257936507936506 0.20304232804232805 0.2941468253968254 0.20899470899470898 0.2854662698412698 0.2199074074074074 0.2785218253968254 0.24074074074074073 0.2775297619047619
0 0.5734126984126984 0.47941468253968256 0.5886243386243386 0.48561507936507936 0.5952380952380952 0.5002480158730159 0.5892857142857143 0.5128968253968254 0.5750661375661376 0.5198412698412699 0.5565476190476191 0.5198412698412699 0.5496031746031746 0.5171130952380952 0.5396825396825397 0.5081845238095238 0.5367063492063492 0.49975198412698413 0.5383597883597884 0.49107142857142855 0.5466269841269841 0.48313492063492064 0.5598544973544973 0.4789186507936508 0.5730820105820106 0.47941468253968256
0 0.6868386243386243 0.4476686507936508 0.7020502645502645 0.45188492063492064 0.7106481481481481 0.4585813492063492 0.71494708994709 0.46577380952380953 0.7116402116402116 0.484375 0.7003968253968254 0.4913194444444444 0.6927910052910053 0.49330357142857145 0.6729497354497355 0.4913194444444444 0.658068783068783 0.48735119047619047 0.6537698412698413 0.4826388888888889 0.6517857142857143 0.4714781746031746 0.6527777777777778 0.46205357142857145 0.658068783068783 0.4548611111111111 0.6716269841269841 0.44816468253968256 0.6865079365079365 0.4476686507936508
0 0.4794973544973545 0.4263392857142857 0.4933862433862434 0.43154761904761907 0.5029761904761905 0.44047619047619047 0.5046296296296297 0.44642857142857145 0.4937169312169312 0.4645337301587302 0.484457671957672 0.46850198412698413 0.47023809523809523 0.46875 0.45965608465608465 0.4680059523809524 0.4523809523809524 0.4635416666666667 0.44742063492063494 0.45535714285714285 0.44775132275132273 0.44568452380952384 0.45205026455026454 0.435515873015873 0.4599867724867725 0.4288194444444444 0.4666005291005291 0.4263392857142857 0.4791666666666667 0.4263392857142857
0 0.2873677248677249 0.25297619047619047 0.3058862433862434 0.2621527777777778 0.31084656084656087 0.27356150793650796 0.3098544973544973 0.2829861111111111 0.30224867724867727 0.29389880952380953 0.29794973544973546 0.2976190476190476 0.28835978835978837 0.2993551587301587 0.2619047619047619 0.2951388888888889 0.25396825396825395 0.28596230158730157 0.25132275132275134 0.27802579365079366 0.25297619047619047 0.26587301587301587 0.2619047619047619 0.2569444444444444 0.2787698412698413 0.251984126984127 0.28703703703703703 0.25297619047619047
0 0.28174603174603174 0.35367063492063494 0.29398148148148145 0.36160714285714285 0.29794973544973546 0.36929563492063494 0.29828042328042326 0.37624007936507936 0.29563492063492064 0.38392857142857145 0.2900132275132275 0.3896329365079365 0.27744708994708994 0.3943452380952381 0.25496031746031744 0.39285714285714285 0.24272486772486773 0.37996031746031744 0.24272486772486773 0.3725198412698413 0.24702380952380953 0.36086309523809523 0.2552910052910053 0.3556547619047619 0.2681878306878307 0.3529265873015873 0.2814153439153439 0.35367063492063494
0 0.37896825396825395 0.373015873015873 0.39451058201058203 0.3759920634920635 0.4017857142857143 0.3802083333333333 0.41005291005291006 0.39657738095238093 0.4050925925925926 0.40922619047619047 0.3955026455026455 0.4164186507936508 0.38392857142857145 0.419890873015873 0.37334656084656087 0.41865079365079366 0.36144179894179895 0.41294642857142855 0.35185185185185186 0.39831349206349204 0.3525132275132275 0.39037698412698413 0.3584656084656085 0.3794642857142857 0.36706349206349204 0.37450396825396826 0.37863756613756616 0.373015873015873
0 0.5228174603174603 0.3583829365079365 0.5327380952380952 0.3621031746031746 0.5406746031746031 0.36830357142857145 0.5439814814814815 0.376984126984127 0.5436507936507936 0.3844246031746032 0.5327380952380952 0.3958333333333333 0.5228174603174603 0.39880952380952384 0.5049603174603174 0.39955357142857145 0.4937169312169312 0.3950892857142857 0.4877645502645503 0.38913690476190477 0.4877645502645503 0.37276785714285715 0.49173280423280424 0.3658234126984127 0.498015873015873 0.361359126984127 0.5224867724867724 0.3583829365079365
0 0.6554232804232805 0.31646825396825395 0.6716269841269841 0.3209325396825397 0.6782407407407407 0.328125 0.6798941798941799 0.33407738095238093 0.6789021164021164 0.3430059523809524 0.6752645502645502 0.3492063492063492 0.6650132275132276 0.3576388888888889 0.6583994708994709 0.3601190476190476 0.6468253968253969 0.359375 0.6345899470899471 0.3559027777777778 0.6256613756613757 0.3499503968253968 0.6223544973544973 0.34250992063492064 0.623015873015873 0.33556547619047616 0.6299603174603174 0.32341269841269843 0.6438492063492064 0.31721230158730157 0.6550925925925926 0.31646825396825395
0 0.7380952380952381 0.3194444444444444 0.7516534391534392 0.3226686507936508 0.7622354497354498 0.3291170634920635 0.7658730158730159 0.33556547619047616 0.7662037037037037 0.34672619047619047 0.7638888888888888 0.35367063492063494 0.7559523809523809 0.359375 0.7447089947089947 0.36408730158730157 0.7321428571428571 0.3655753968253968 0.7218915343915344 0.3630952380952381 0.7129629629629629 0.35639880952380953 0.7073412698412699 0.3492063492063492 0.7063492063492064 0.3420138888888889 0.7093253968253969 0.3335813492063492 0.7172619047619048 0.3253968253968254 0.7278439153439153 0.3209325396825397 0.7377645502645502 0.3194444444444444
0 0.5261243386243386 0.2390873015873016 0.5443121693121693 0.24503968253968253 0.5515873015873016 0.2619047619047619 0.5482804232804233 0.2760416666666667 0.5393518518518519 0.2839781746031746 0.533068783068783 0.28596230158730157 0.5122354497354498 0.2839781746031746 0.5046296296296297 0.2802579365079365 0.49636243386243384 0.265625 0.49702380952380953 0.25496031746031744 0.5016534391534392 0.2482638888888889 0.5162037037037037 0.24131944444444445 0.5257936507936508 0.2390873015873016
0 0.2562830687830688 0.31274801587301587 0.265542328042328 0.3162202380952381 0.2751322751322751 0.3244047619047619 0.2800925925925926 0.34523809523809523 0.27546296296296297 0.35143849206349204 0.25727513227513227 0.3541666666666667 0.24537037037037038 0.3603670634920635 0.22552910052910052 0.3521825396825397 0.2199074074074074 0.34350198412698413 0.21957671957671956 0.33407738095238093 0.22354497354497355 0.32415674603174605 0.23115079365079366 0.31721230158730157 0.2414021164021164 0.31274801587301587 0.25595238095238093 0.31274801587301587
0 0.6078042328042328 0.27802579365079366 0.6183862433862434 0.28249007936507936 0.6263227513227513 0.28943452380952384 0.626984126984127 0.3053075396825397 0.6197089947089947 0.3152281746031746 0.6008597883597884 0.3209325396825397 0.5843253968253969 0.31845238095238093 0.5720899470899471 0.3072916666666667 0.5704365079365079 0.296875 0.5737433862433863 0.2896825396825397 0.5836640211640212 0.28249007936507936 0.5982142857142857 0.27827380952380953 0.607473544973545 0.27802579365079366