0 0.453042328042328 0.000248015873015873 0.47619047619047616 0.015376984126984126 0.49206349206349204 0.034970238095238096 0.49933862433862436 0.057539682539682536 0.4966931216931217 0.0818452380952381 0.484457671957672 0.10342261904761904 0.4636243386243386 0.1212797619047619 0.439484126984127 0.1324404761904762 0.4074074074074074 0.13839285714285715 0.3835978835978836 0.13764880952380953 0.3630952380952381 0.13343253968253968 0.3412698412698413 0.12450396825396826 0.32341269841269843 0.11210317460317461 0.30886243386243384 0.09499007936507936 0.3019179894179894 0.07936507936507936 0.29993386243386244 0.05853174603174603 0.30224867724867727 0.046875 0.30787037037037035 0.0339781746031746 0.31712962962962965 0.02132936507936508 0.33201058201058203 0.008432539682539682 0.3468915343915344 0 0.45271164021164023 0.000248015873015873
0 0.453042328042328 0.1029265873015873 0.4566798941798942 0.10491071428571429 0.4632936507936508 0.10540674603174603 0.46726190476190477 0.1039186507936508 0.4708994708994709 0.09995039682539683 0.4718915343915344 0.09672619047619048 0.4712301587301587 0.0920138888888889 0.4666005291005291 0.08779761904761904 0.46064814814814814 0.08680555555555555 0.45601851851851855 0.08754960317460317 0.45171957671957674 0.0900297619047619 0.4494047619047619 0.09350198412698413 0.4494047619047619 0.09871031746031746 0.453042328042328 0.1029265873015873
0 0.5925925925925926 0.1277281746031746 0.5992063492063492 0.1297123015873016 0.605489417989418 0.12822420634920634 0.6091269841269841 0.12549603174603174 0.6104497354497355 0.11904761904761904 0.609457671957672 0.1158234126984127 0.6061507936507936 0.11210317460317461 0.6021825396825397 0.11086309523809523 0.5972222222222222 0.1111111111111111 0.591931216931217 0.11383928571428571 0.58994708994709 0.11656746031746032 0.5892857142857143 0.12351190476190477 0.5925925925925926 0.1277281746031746
0 0.6107804232804233 0.14087301587301587 0.6164021164021164 0.14360119047619047 0.6226851851851852 0.14360119047619047 0.6283068783068783 0.13938492063492064 0.6279761904761905 0.13020833333333334 0.623015873015873 0.12648809523809523 0.6190476190476191 0.1259920634920635 0.6127645502645502 0.12822420634920634 0.6087962962962963 0.13343253968253968 0.6084656084656085 0.1371527777777778 0.6107804232804233 0.14087301587301587
0 0.4289021164021164 0.19072420634920634 0.43584656084656087 0.1922123015873016 0.4437830687830688 0.18874007936507936 0.44543650793650796 0.1857638888888889 0.4451058201058201 0.18129960317460317 0.4437830687830688 0.1783234126984127 0.43882275132275134 0.17485119047619047 0.43253968253968256 0.17336309523809523 0.4289021164021164 0.17385912698412698 0.42394179894179895 0.17906746031746032 0.42394179894179895 0.18526785714285715 0.4289021164021164 0.19072420634920634
0 0.591931216931217 0.20808531746031747 0.5992063492063492 0.2095734126984127 0.6064814814814815 0.20684523809523808 0.6084656084656085 0.19940476190476192 0.605489417989418 0.1949404761904762 0.5982142857142857 0.19246031746031747 0.5916005291005291 0.1939484126984127 0.5876322751322751 0.19766865079365079 0.5873015873015873 0.20337301587301587 0.591931216931217 0.20808531746031747
0 0.6154100529100529 0.21031746031746032 0.6193783068783069 0.21180555555555555 0.6263227513227513 0.21205357142857142 0.6312830687830688 0.20982142857142858 0.6332671957671958 0.20163690476190477 0.6292989417989417 0.19593253968253968 0.6259920634920635 0.19469246031746032 0.6200396825396826 0.19518849206349206 0.6157407407407407 0.19717261904761904 0.6134259259259259 0.20014880952380953 0.6127645502645502 0.20560515873015872 0.6154100529100529 0.21031746031746032
0 0.5336210317460318 0.1863169642857143 0.03329034391534394 0.015158730158730132
0 0.648369708994709 0.16680803571428574 0.022486772486772486 0.009213789682539705
0 0.6164021164021164 0.13085069444444444 0.015873015873015872 0.008395337301587293
0 0.5799173280423281 0.18210069444444446 0.020062830687830713 0.011688988095238122
0 0.7174834656084657 0.22632440476190474 0.013005952380952358 0.015808531746031747
0 0.6440707671957672 0.20450148809523808 0.0205026455026455 0.01184771825396825
0 0.6460548941798943 0.18119047619047618 0.011243386243386243 0.02144345238095239
0 0.6677678571428571 0.23343253968253969 0.008376322751322727 0.013492063492063515
0 0.5413359788359788 0.215 0.026676587301587326 0.008043154761904777
0 0.5580919312169312 0.22252232142857145 0.007275132275132275 0.011512896825396843
0 0.5601851851851852 0.23814484126984128 0.013667328042328019 0.008035714285714307
0 0.58994708994709 0.24409722222222224 0.015873015873015872 0.013323412698412706
0 0.5977744708994709 0.2656696428571429 0.03373015873015873 0.01513640873015878
0 0.5392427248677248 0.23219246031746033 0.020281084656084632 0.00936011904761905
0 0.5119047619047619 0.22640625 0.018518518518518517 0.007708333333333315
0 0.509811507936508 0.24285714285714285 0.020942460317460294 0.015803571428571434
0 0.4623015873015873 0.2507911706349206 0.011904761904761904 0.011835317460317438
0 0.48291335978835975 0.2559176587301587 0.011243386243386243 0.005550595238095265
0 0.5070535714285714 0.26087549603174603 0.017635582010581987 0.008856646825396835
0 0.48390542328042324 0.2840203373015873 0.01984126984126984 0.008849206349206308
0 0.4853406084656085 0.29807291666666663 0.0205026455026455 0.013804563492063457
0 0.5123445767195767 0.31758184523809524 0.01940145502645505 0.013137400793650745
0 0.5034160052910053 0.33212797619047624 0.012566137566137565 0.015778769841269816
0 0.3630952380952381 0.29195684523809523 0.016312830687830664 0.011493055555555591
0 0.3869047619047619 0.30733134920634925 0.01984126984126984 0.01248015873015877
0 0.29883267195767194 0.28955853174603174 0.026676587301587326 0.008353174603174562
0 0.314593253968254 0.30270089285714286 0.016312830687830664 0.01644841269841274
0 0.3583564814814815 0.3457688492063492 0.013449074074074098 0.008335813492063523
0 0.3949503968253968 0.3367584325396825 0.016094576719576745 0.011810515873015846
0 0.3199966931216931 0.3601736111111111 0.016094576719576745 0.014000496031745987
0 0.3077612433862434 0.3753025793650794 0.024692460317460342 0.00622519841269839
0 0.2649900793650794 0.37191220238095235 0.018518518518518517 0.01432787698412698
0 0.28395171957671955 0.3857986111111111 0.021164021164021163 0.009032738095238113
0 0.30423280423280424 0.39067708333333334 0.017635582010581987 0.007212301587301569
0 0.3417096560846561 0.38414682539682543 0.022046957671957697 0.012338789682539682
0 0.36287367724867725 0.38199652777777776 0.020281084656084632 0.011349206349206404
0 0.2985019841269841 0.4005133928571428 0.014990079365079342 0.008697916666666708
0 0.2980588624338624 0.4196081349206349 0.014110449735449759 0.008856646825396835
0 0.3192228835978836 0.4326686507936508 0.012344576719576696 0.00521825396825396
0 0.37466931216931215 0.39588293650793654 0.01961970899470897 0.006054067460317425
0 0.39770833333333333 0.4069593253968254 0.01940145502645505 0.01167162698412697
0 0.37819775132275135 0.41249751984126987 0.017857142857142856 0.011173115079365125
0 0.3668419312169312 0.42200396825396824 0.02821759259259257 0.011999007936507964
0 0.3486541005291005 0.4222519841269841 0.011683201058201035 0.007534722222222249
0 0.3627645502645503 0.43250248015873016 0.013449074074074098 0.008191964285714335
0 0.34093915343915343 0.4420089285714286 0.01829695767195765 0.009017857142857175
0 0.3455687830687831 0.42374007936507935 0.01432870370370368 0.007202380952380944
0 0.36551917989417987 0.45911954365079366 0.016755952380952406 0.011822916666666685
0 0.3757705026455026 0.45019097222222226 0.017417328042328067 0.00719494047619053
0 0.3862433862433862 0.4339905753968254 0.014110449735449759 0.00786210317460313
0 0.40630621693121693 0.4350644841269841 0.01455026455026455 0.008358134920634875
0 0.4269179894179894 0.42390625000000004 0.022708333333333358 0.01084077380952382
0 0.4812599206349206 0.40224950396825393 0.02336970899470902 0.01051587301587304
0 0.4480820105820106 0.47904017857142855 0.012126322751322775 0.016941964285714272
0 0.3944014550264551 0.47961805555555553 0.017195767195767195 0.013139880952380957
0 0.5089285714285714 0.531530257936508 0.02799933862433865 0.017752976190476173
0 0.6221329365079364 0.4964806547619047 0.03615410052910051 0.020409226190476182
0 0.6911375661375662 0.4121676587301587 0.03747685185185183 0.030352182539682568
0 0.11078042328042328 0.47534226190476186 0.016534391534391533 0.011202876984127003
0 0.07616732804232805 0.47865079365079366 0.013449074074074079 0.011202876984127003
0 0.09744378306878307 0.4924553571428571 0.009699074074074087 0.007395833333333374
0 0.10802579365079365 0.5044394841269841 0.013227513227513227 0.00987103174603179
0 0.12952050264550266 0.511547619047619 0.014328703703703717 0.014169146825396852
0 0.10703373015873016 0.5175 0.013449074074074061 0.012844742063492055
0 0.09579034391534393 0.5370907738095239 0.021825396825396824 0.010689484126984217
0 0.1291898148148148 0.5294022817460318 0.011464947089947077 0.010195932539682458
0 0.13833664021164022 0.5460193452380953 0.014328703703703717 0.00870287698412702
0 0.12610119047619048 0.5562673611111111 0.014110449735449723 0.009362599206349206
0 0.13734457671957673 0.571312003968254 0.01455026455026455 0.009687500000000099
0 0.1583994708994709 0.5665178571428571 0.014771825396825384 0.01001984126984118
0 0.1823181216931217 0.5434548611111111 0.016312830687830664 0.00853918650793658
0 0.18904431216931217 0.5594097222222222 0.01874007936507939 0.01233630952380947
0 0.22795304232804234 0.5506473214285714 0.014990079365079342 0.01134672619047619
0 0.25496031746031744 0.5508953373015874 0.013888888888888888 0.013497023809523827
0 0.1421957671957672 0.5896626984126984 0.015433201058201045 0.01662698412698412
0 0.16247685185185184 0.5946230158730159 0.011904761904761904 0.013318452380952335
0 0.23633267195767194 0.5740401785714286 0.014110449735449759 0.013489583333333414
0 0.34799272486772487 0.5652777777777778 0.005952380952380952 0.01249999999999991
0 0.26884920634920634 0.6100793650793651 0.028439153439153438 0.01943204365079374
0 0.40916997354497353 0.6509250992063492 0.015873015873015872 0.01183779761904751
0 0.4058630952380952 0.6671279761904763 0.0048511904761905 0.004558531746031773
0 0.4365079365079365 0.6658878968253968 0.017635582010581987 0.013653273809523855
0 0.44268187830687833 0.6869667658730159 0.021164021164021163 0.011165674603174712
0 0.5191798941798942 0.6548933531746032 0.011021825396825374 0.01315972222222232
0 0.5540112433862434 0.6499330357142857 0.01895833333333331 0.01646825396825388
0 0.5394609788359788 0.6634895833333333 0.016312830687830664 0.01712549603174608
0 0.5394609788359788 0.6845684523809523 0.016312830687830664 0.00802579365079357
0 0.5666898148148148 0.6912648809523809 0.011243386243386243 0.013149801587301696
0 0.5467361111111111 0.6983730158730159 0.017635582010581987 0.010833333333333405
0 0.5462962962962963 0.7133333333333333 0.016755952380952406 0.01264632936507931
0 0.4939384920634921 0.7071354166666667 0.015651455026455003 0.011822916666666685
0 0.5159821428571428 0.7126736111111112 0.015651455026455003 0.011324404761904727
0 0.46208002645502644 0.7275520833333333 0.015873015873015872 0.014627976190476082
0 0.48699404761904763 0.7281299603174604 0.017195767195767195 0.010825892857142767
0 0.5088194444444445 0.7263938492063492 0.012344576719576696 0.009007936507936435
0 0.5451951058201059 0.7106076388888889 0.010142195767195791 0.008846726190476209
0 0.5622784391534391 0.7226760912698412 0.011243386243386243 0.009833829365079275
0 0.5676818783068783 0.7410267857142857 0.011021825396825374 0.010158730158730167
0 0.5884027777777777 0.7435044642857143 0.017195767195767195 0.011812996031746058
0 0.5521395502645503 0.7516071428571428 0.026233465608465584 0.011480654761904753
0 0.5127876984126984 0.7458209325396825 0.011464947089947114 0.009828869047619074
0 0.5136673280423281 0.7317683531746031 0.022046957671957697 0.011485615079365179
0 0.46252314814814816 0.7580530753968253 0.016755952380952406 0.014454365079365017
0 0.43860119047619045 0.7521006944444444 0.01521164021164021 0.015778769841269816
0 0.3732374338624339 0.7053993055555555 0.01895833333333331 0.010004960317460353
0 0.36144179894179895 0.720111607142857 0.01961970899470897 0.009670138888888834
0 0.3034623015873016 0.7190376984126984 0.013888888888888888 0.015786210317460227
0 0.2865972222222222 0.7279662698412698 0.017635582010581987 0.013799603174603256
0 0.26322751322751325 0.7361483134920636 0.023809523809523808 0.01859375000000006
0 0.3208763227513228 0.7631795634920635 0.026676587301587326 0.008169642857142757
0 0.3169080687830688 0.7770659722222223 0.01874007936507939 0.009489087301587356
0 0.5185185185185185 0.7802058531746031 0.014110449735449759 0.01246279761904762
0 0.6018518518518519 0.8787375992063492 0.022046957671957697 0.01772569444444451