0 0.715625 0.0421875 0.7171875 0.04375 0.715625 0.059375 0.70625 0.06875 0.6921875 0.0765625 0.678125 0.0765625 0.6734375 0.0734375 0.671875 0.06875 0.6734375 0.05625 0.690625 0.0421875 0.7 0.0390625 0.7078125 0.0390625 0.7140625 0.0421875
0 0.49375 0.834375 0.4953125 0.8359375 0.53125 0.8359375 0.5359375 0.8375 0.5421875 0.84375 0.5484375 0.859375 0.5484375 0.8734375 0.540625 0.8828125 0.525 0.8875 0.478125 0.884375 0.4703125 0.8796875 0.465625 0.8734375 0.4625 0.8625 0.4640625 0.8453125 0.4765625 0.8359375 0.4921875 0.834375
0 0.6609375 0.115625 0.6703125 0.121875 0.6703125 0.1328125 0.6671875 0.1453125 0.6625 0.1546875 0.65 0.1578125 0.64375 0.1578125 0.6359375 0.153125 0.634375 0.1390625 0.6375 0.128125 0.6453125 0.1171875 0.659375 0.115625
0 0.56875 0.1625 0.60625 0.1703125 0.609375 0.1734375 0.6078125 0.1828125 0.59375 0.1859375 0.584375 0.1921875 0.5640625 0.1890625 0.5546875 0.184375 0.553125 0.16875 0.559375 0.1625 0.5671875 0.1625
0 0.678125 0.7640625 0.7171875 0.7921875 0.728125 0.8078125 0.73125 0.8140625 0.73125 0.825 0.728125 0.8296875 0.71875 0.834375 0.7078125 0.834375 0.7 0.83125 0.6640625 0.803125 0.6578125 0.7953125 0.653125 0.784375 0.6546875 0.771875 0.6609375 0.765625 0.6765625 0.7640625
0 0.475 0.0890625 0.48125 0.0921875 0.484375 0.096875 0.484375 0.1109375 0.4796875 0.115625 0.4734375 0.1171875 0.4421875 0.1140625 0.4375 0.1125 0.43125 0.103125 0.43125 0.09375 0.4390625 0.0875 0.4734375 0.0890625
0 0.13125 0.5578125 0.1625 0.56875 0.171875 0.575 0.1734375 0.578125 0.171875 0.59375 0.1671875 0.5984375 0.1546875 0.603125 0.1390625 0.6 0.1078125 0.5890625 0.1015625 0.5828125 0.1046875 0.5671875 0.109375 0.5625 0.11875 0.5578125 0.1296875 0.5578125
0 0.3703125 0.3359375 0.378125 0.3484375 0.378125 0.35625 0.36875 0.3640625 0.3375 0.36875 0.328125 0.36875 0.3171875 0.3625 0.3125 0.353125 0.3171875 0.3421875 0.334375 0.3359375 0.3453125 0.3359375 0.3578125 0.3328125 0.36875 0.3359375
0 0.4375 0.171875 0.44375 0.175 0.446875 0.1796875 0.4484375 0.1921875 0.446875 0.2109375 0.4375 0.2171875 0.428125 0.2171875 0.421875 0.2140625 0.415625 0.2015625 0.415625 0.184375 0.4203125 0.175 0.428125 0.171875 0.4359375 0.171875
0 0.6140625 0.184375 0.6421875 0.1984375 0.6421875 0.2109375 0.6375 0.2171875 0.63125 0.2203125 0.6171875 0.21875 0.5953125 0.2078125 0.590625 0.203125 0.5875 0.19375 0.590625 0.1890625 0.6046875 0.184375 0.6125 0.184375
0 0.40625 0.1171875 0.4328125 0.1203125 0.4359375 0.1234375 0.4390625 0.13125 0.4390625 0.1390625 0.434375 0.1453125 0.4296875 0.146875 0.396875 0.1453125 0.3890625 0.140625 0.384375 0.13125 0.3859375 0.1234375 0.3921875 0.11875 0.4046875 0.1171875
0 0.590625 0.871875 0.5953125 0.8734375 0.603125 0.88125 0.6109375 0.9015625 0.6109375 0.9125 0.6 0.9234375 0.571875 0.9265625 0.540625 0.9265625 0.5328125 0.921875 0.525 0.9078125 0.5234375 0.8921875 0.5390625 0.8859375 0.5546875 0.8734375 0.5890625 0.871875
0 0.578125 0.1375 0.5890625 0.140625 0.603125 0.140625 0.6171875 0.146875 0.6203125 0.1515625 0.6171875 0.1640625 0.6078125 0.1703125 0.5640625 0.159375 0.5625 0.15625 0.5640625 0.14375 0.5703125 0.1390625 0.5765625 0.1390625
0 0.6796875 0.1546875 0.6890625 0.1609375 0.6890625 0.1703125 0.6859375 0.1765625 0.678125 0.18125 0.65 0.1859375 0.634375 0.184375 0.6296875 0.178125 0.6296875 0.165625 0.634375 0.1609375 0.6546875 0.159375 0.6671875 0.1546875 0.678125 0.1546875