0 0.4808201058201058 0.7222222222222222 0.4877645502645503 0.7234623015873016 0.49503968253968256 0.7301587301587301 0.49636243386243384 0.7403273809523809 0.4930555555555556 0.746031746031746 0.4877645502645503 0.7490079365079365 0.47685185185185186 0.7492559523809523 0.47023809523809523 0.7472718253968254 0.46395502645502645 0.7410714285714286 0.4632936507936508 0.7333829365079365 0.4666005291005291 0.7276785714285714 0.4722222222222222 0.7239583333333334 0.48048941798941797 0.7224702380952381
0 0.4146825396825397 0.6507936507936508 0.42427248677248675 0.6540178571428571 0.4289021164021164 0.6612103174603174 0.4255952380952381 0.6711309523809523 0.41633597883597884 0.6748511904761905 0.4044312169312169 0.6726190476190477 0.3994708994708995 0.6684027777777778 0.3968253968253968 0.6619543650793651 0.4027777777777778 0.6532738095238095 0.41435185185185186 0.6507936507936508
0 0.4322089947089947 0.6034226190476191 0.44212962962962965 0.6046626984126984 0.44742063492063494 0.6091269841269841 0.4494047619047619 0.6160714285714286 0.44543650793650796 0.6227678571428571 0.43816137566137564 0.6267361111111112 0.42923280423280424 0.6274801587301587 0.41865079365079366 0.6225198412698413 0.4173280423280423 0.613343253968254 0.419973544973545 0.6081349206349206 0.42427248677248675 0.6046626984126984 0.43187830687830686 0.6036706349206349
0 0.39021164021164023 0.6622023809523809 0.396494708994709 0.6639384920634921 0.40343915343915343 0.6765873015873016 0.3974867724867725 0.6845238095238095 0.38822751322751325 0.6867559523809523 0.376984126984127 0.6845238095238095 0.37136243386243384 0.6748511904761905 0.3802910052910053 0.6636904761904762 0.3898809523809524 0.6622023809523809
0 0.4398148148148148 0.5788690476190477 0.44742063492063494 0.5833333333333334 0.4503968253968254 0.5880456349206349 0.4497354497354497 0.5954861111111112 0.44113756613756616 0.6036706349206349 0.42857142857142855 0.6034226190476191 0.42162698412698413 0.6006944444444444 0.4183201058201058 0.5974702380952381 0.4169973544973545 0.5887896825396826 0.4262566137566138 0.580109126984127 0.439484126984127 0.5788690476190477
0 0.45436507936507936 0.5555555555555556 0.4669312169312169 0.5607638888888888 0.4699074074074074 0.5711805555555556 0.4642857142857143 0.5783730158730159 0.453042328042328 0.5815972222222222 0.43783068783068785 0.5768849206349206 0.43452380952380953 0.5674603174603174 0.4417989417989418 0.5590277777777778 0.4540343915343915 0.5555555555555556
0 0.40773809523809523 0.6096230158730159 0.41633597883597884 0.6160714285714286 0.4150132275132275 0.6262400793650794 0.4007936507936508 0.6314484126984127 0.39186507936507936 0.6302083333333334 0.38657407407407407 0.6262400793650794 0.3845899470899471 0.6190476190476191 0.3869047619047619 0.6138392857142857 0.3941798941798942 0.6101190476190477 0.4074074074074074 0.6098710317460317
0 0.3687169312169312 0.6475694444444444 0.376984126984127 0.652281746031746 0.3802910052910053 0.6577380952380952 0.37797619047619047 0.6649305555555556 0.3697089947089947 0.6721230158730159 0.3525132275132275 0.669890873015873 0.3458994708994709 0.6617063492063492 0.3472222222222222 0.6545138888888888 0.3525132275132275 0.6500496031746031 0.35978835978835977 0.6473214285714286 0.3683862433862434 0.6475694444444444
0 0.41104497354497355 0.5629960317460317 0.42294973544973546 0.5654761904761905 0.42724867724867727 0.574156746031746 0.42328042328042326 0.5818452380952381 0.4123677248677249 0.5875496031746031 0.39880952380952384 0.5828373015873016 0.3955026455026455 0.5746527777777778 0.39616402116402116 0.5701884920634921 0.4041005291005291 0.5634920634920635 0.4107142857142857 0.5629960317460317
0 0.4007936507936508 0.5850694444444444 0.4146825396825397 0.5885416666666666 0.4169973544973545 0.5997023809523809 0.4113756613756614 0.607390873015873 0.3958333333333333 0.6096230158730159 0.38591269841269843 0.6063988095238095 0.38326719576719576 0.5974702380952381 0.390542328042328 0.5877976190476191 0.40046296296296297 0.5850694444444444
0 0.46395502645502645 0.49603174603174605 0.4738756613756614 0.5014880952380952 0.47619047619047616 0.5089285714285714 0.4705687830687831 0.5166170634920635 0.45965608465608465 0.5200892857142857 0.4513888888888889 0.519593253968254 0.44477513227513227 0.5161210317460317 0.4427910052910053 0.5049603174603174 0.4494047619047619 0.4972718253968254 0.4636243386243386 0.49603174603174605
0 0.4226190476190476 0.5379464285714286 0.435515873015873 0.5416666666666666 0.43882275132275134 0.5500992063492064 0.4351851851851852 0.5577876984126984 0.42228835978835977 0.5632440476190477 0.4074074074074074 0.5595238095238095 0.4044312169312169 0.5505952380952381 0.4097222222222222 0.5421626984126984 0.41798941798941797 0.5379464285714286 0.42228835978835977 0.5379464285714286
0 0.43716931216931215 0.517609126984127 0.4460978835978836 0.5215773809523809 0.44841269841269843 0.5277777777777778 0.4460978835978836 0.5354662698412699 0.43716931216931215 0.5414186507936508 0.42162698412698413 0.5376984126984127 0.4176587301587302 0.5327380952380952 0.4209656084656085 0.5208333333333334 0.4289021164021164 0.5178571428571429 0.43683862433862436 0.517609126984127
0 0.4755291005291005 0.46924603174603174 0.484457671957672 0.47371031746031744 0.4871031746031746 0.484375 0.4808201058201058 0.49206349206349204 0.47255291005291006 0.4945436507936508 0.46395502645502645 0.49404761904761907 0.4580026455026455 0.49107142857142855 0.4546957671957672 0.48040674603174605 0.4573412698412698 0.47544642857142855 0.4669312169312169 0.46924603174603174 0.4751984126984127 0.46924603174603174
0 0.3773148148148148 0.566468253968254 0.39186507936507936 0.5706845238095238 0.3958333333333333 0.578125 0.3951719576719577 0.5848214285714286 0.3835978835978836 0.5920138888888888 0.3707010582010582 0.5892857142857143 0.36574074074074076 0.5815972222222222 0.3654100529100529 0.5771329365079365 0.36904761904761907 0.5709325396825397 0.376984126984127 0.566468253968254
0 0.3974867724867725 0.5476190476190477 0.4037698412698413 0.5525793650793651 0.40575396825396826 0.5607638888888888 0.39384920634920634 0.5704365079365079 0.3773148148148148 0.5657242063492064 0.37533068783068785 0.5572916666666666 0.3862433862433862 0.5476190476190477 0.39715608465608465 0.5476190476190477
0 0.4269179894179894 0.4955357142857143 0.4398148148148148 0.5002480158730159 0.44146825396825395 0.5096726190476191 0.4365079365079365 0.5171130952380952 0.4226190476190476 0.5183531746031746 0.4146825396825397 0.5153769841269841 0.41104497354497355 0.5062003968253969 0.4156746031746032 0.4975198412698413 0.42658730158730157 0.4955357142857143
0 0.43915343915343913 0.4749503968253968 0.4497354497354497 0.4779265873015873 0.4540343915343915 0.4861111111111111 0.4487433862433862 0.49528769841269843 0.43915343915343913 0.4990079365079365 0.42658730158730157 0.4945436507936508 0.42328042328042326 0.4853670634920635 0.42857142857142855 0.4771825396825397 0.43882275132275134 0.4749503968253968
0 0.453042328042328 0.45337301587301587 0.4636243386243386 0.45882936507936506 0.46593915343915343 0.4632936507936508 0.4646164021164021 0.47023809523809523 0.45337301587301587 0.4779265873015873 0.43584656084656087 0.47371031746031744 0.43154761904761907 0.466765873015873 0.43353174603174605 0.4623015873015873 0.44246031746031744 0.4548611111111111 0.45271164021164023 0.45337301587301587
0 0.40476190476190477 0.5109126984126984 0.4156746031746032 0.5190972222222222 0.4169973544973545 0.5270337301587301 0.4156746031746032 0.5329861111111112 0.4107142857142857 0.5364583333333334 0.4027777777777778 0.5379464285714286 0.390542328042328 0.5369543650793651 0.38293650793650796 0.529265873015873 0.3819444444444444 0.5243055555555556 0.38955026455026454 0.5141369047619048 0.3968253968253968 0.5109126984126984 0.4044312169312169 0.5109126984126984
0 0.4675925925925926 0.42658730158730157 0.478505291005291 0.43080357142857145 0.4837962962962963 0.4392361111111111 0.4781746031746032 0.44841269841269843 0.4669312169312169 0.45188492063492064 0.455026455026455 0.44717261904761907 0.45105820105820105 0.43725198412698413 0.45634920634920634 0.4303075396825397 0.46726190476190477 0.42658730158730157
0 0.3521825396825397 0.576140873015873 0.3627645502645503 0.5793650793650794 0.36673280423280424 0.5845734126984127 0.3680555555555556 0.5920138888888888 0.36342592592592593 0.5989583333333334 0.3558201058201058 0.6024305555555556 0.34854497354497355 0.6024305555555556 0.3419312169312169 0.6001984126984127 0.33664021164021163 0.5954861111111112 0.3349867724867725 0.5882936507936508 0.33796296296296297 0.5803571428571429 0.3419312169312169 0.5773809523809523 0.35185185185185186 0.5763888888888888
0 0.37863756613756616 0.5257936507936508 0.38822751322751325 0.5357142857142857 0.3898809523809524 0.5404265873015873 0.38756613756613756 0.5456349206349206 0.37665343915343913 0.5525793650793651 0.36607142857142855 0.5513392857142857 0.357473544973545 0.5453869047619048 0.3548280423280423 0.5391865079365079 0.36144179894179895 0.5287698412698413 0.36904761904761907 0.5255456349206349 0.3783068783068783 0.5257936507936508
0 0.4027777777777778 0.48487103174603174 0.41203703703703703 0.4888392857142857 0.416005291005291 0.49875992063492064 0.4103835978835979 0.5069444444444444 0.4007936507936508 0.5094246031746031 0.38822751322751325 0.5069444444444444 0.38326719576719576 0.5014880952380952 0.38756613756613756 0.4895833333333333 0.3941798941798942 0.4861111111111111 0.40244708994708994 0.48487103174603174
0 0.3541666666666667 0.5456349206349206 0.36342592592592593 0.5510912698412699 0.36607142857142855 0.5575396825396826 0.3630952380952381 0.564484126984127 0.35119047619047616 0.5721726190476191 0.3376322751322751 0.5687003968253969 0.33134920634920634 0.5602678571428571 0.33366402116402116 0.5505952380952381 0.33796296296296297 0.5463789682539683 0.35383597883597884 0.5456349206349206
0 0.41534391534391535 0.4595734126984127 0.42493386243386244 0.46279761904761907 0.42923280423280424 0.46899801587301587 0.4269179894179894 0.4774305555555556 0.42162698412698413 0.482390873015873 0.41534391534391535 0.484375 0.4044312169312169 0.48139880952380953 0.39616402116402116 0.4742063492063492 0.3994708994708995 0.46378968253968256 0.40773809523809523 0.45982142857142855 0.4150132275132275 0.4595734126984127
0 0.43022486772486773 0.4399801587301587 0.43882275132275134 0.44146825396825395 0.44312169312169314 0.4494047619047619 0.4401455026455027 0.4565972222222222 0.42857142857142855 0.4635416666666667 0.41435185185185186 0.4583333333333333 0.41104497354497355 0.45089285714285715 0.4150132275132275 0.44494047619047616 0.4246031746031746 0.4402281746031746 0.4298941798941799 0.4399801587301587
0 0.3802910052910053 0.5012400793650794 0.38822751322751325 0.5081845238095238 0.38822751322751325 0.5138888888888888 0.38062169312169314 0.5235615079365079 0.37103174603174605 0.5248015873015873 0.36607142857142855 0.5245535714285714 0.3578042328042328 0.5193452380952381 0.3558201058201058 0.5153769841269841 0.35714285714285715 0.5089285714285714 0.3673941798941799 0.5014880952380952 0.37996031746031744 0.5012400793650794
0 0.4441137566137566 0.41369047619047616 0.45337301587301587 0.41790674603174605 0.45535714285714285 0.43005952380952384 0.4494047619047619 0.43601190476190477 0.4408068783068783 0.43774801587301587 0.43452380952380953 0.4367559523809524 0.42956349206349204 0.4332837301587302 0.4255952380952381 0.42162698412698413 0.4348544973544973 0.4146825396825397 0.4437830687830688 0.41369047619047616
0 0.328042328042328 0.5659722222222222 0.3349867724867725 0.5714285714285714 0.33664021164021163 0.5818452380952381 0.33134920634920634 0.5890376984126984 0.32275132275132273 0.591765873015873 0.3134920634920635 0.5895337301587301 0.3082010582010582 0.5850694444444444 0.3062169312169312 0.574156746031746 0.310515873015873 0.5687003968253969 0.32771164021164023 0.5659722222222222
0 0.4583333333333333 0.39360119047619047 0.4675925925925926 0.3970734126984127 0.4705687830687831 0.408234126984127 0.46494708994708994 0.4149305555555556 0.4573412698412698 0.41716269841269843 0.4427910052910053 0.4126984126984127 0.43882275132275134 0.40848214285714285 0.4384920634920635 0.4037698412698413 0.44576719576719576 0.39558531746031744 0.4580026455026455 0.39360119047619047
0 0.37003968253968256 0.4781746031746032 0.3835978835978836 0.4826388888888889 0.38591269841269843 0.49107142857142855 0.38062169312169314 0.5 0.36706349206349204 0.501984126984127 0.35714285714285715 0.49875992063492064 0.3541666666666667 0.4868551587301587 0.36177248677248675 0.47941468253968256 0.3697089947089947 0.4781746031746032
0 0.34226190476190477 0.5163690476190477 0.3531746031746032 0.5198412698412699 0.3587962962962963 0.529265873015873 0.35284391534391535 0.5396825396825397 0.3429232804232804 0.5431547619047619 0.33101851851851855 0.5404265873015873 0.3237433862433862 0.5297619047619048 0.32936507936507936 0.5210813492063492 0.3353174603174603 0.5173611111111112 0.3419312169312169 0.5163690476190477
0 0.38095238095238093 0.4568452380952381 0.392526455026455 0.4618055555555556 0.396494708994709 0.466765873015873 0.3951719576719577 0.4771825396825397 0.3835978835978836 0.48214285714285715 0.36772486772486773 0.4771825396825397 0.3644179894179894 0.470734126984127 0.36772486772486773 0.4625496031746032 0.38062169312169314 0.4568452380952381
0 0.4126984126984127 0.4208829365079365 0.4226190476190476 0.4228670634920635 0.42824074074074076 0.4322916666666667 0.4262566137566138 0.43874007936507936 0.42063492063492064 0.4437003968253968 0.4080687830687831 0.44568452380952384 0.3994708994708995 0.4392361111111111 0.3958333333333333 0.4322916666666667 0.4021164021164021 0.4228670634920635 0.4123677248677249 0.4208829365079365
0 0.31977513227513227 0.5456349206349206 0.3290343915343915 0.5510912698412699 0.3296957671957672 0.5607638888888888 0.3247354497354497 0.5647321428571429 0.31084656084656087 0.5682043650793651 0.29993386243386244 0.5629960317460317 0.29828042328042326 0.5538194444444444 0.3002645502645503 0.5503472222222222 0.30787037037037035 0.5466269841269841 0.3194444444444444 0.5456349206349206
0 0.40046296296296297 0.43799603174603174 0.4087301587301587 0.4429563492063492 0.4093915343915344 0.45163690476190477 0.40575396825396826 0.45808531746031744 0.3974867724867725 0.4625496031746032 0.39384920634920634 0.4625496031746032 0.37962962962962965 0.455109126984127 0.3776455026455027 0.4466765873015873 0.38326719576719576 0.4382440476190476 0.39715608465608465 0.4357638888888889 0.4001322751322751 0.43799603174603174
0 0.41964285714285715 0.39856150793650796 0.4298941798941799 0.4025297619047619 0.43386243386243384 0.408234126984127 0.43287037037037035 0.41517857142857145 0.42228835978835977 0.42137896825396826 0.4070767195767196 0.4201388888888889 0.4017857142857143 0.4126984126984127 0.4021164021164021 0.4072420634920635 0.40575396825396826 0.4025297619047619 0.41005291005291006 0.39955357142857145 0.4193121693121693 0.39856150793650796
0 0.3425925925925926 0.48288690476190477 0.3541666666666667 0.486359126984127 0.35615079365079366 0.4982638888888889 0.35185185185185186 0.5052083333333334 0.3402777777777778 0.5081845238095238 0.3343253968253968 0.5074404761904762 0.328042328042328 0.5034722222222222 0.32572751322751325 0.4972718253968254 0.33035714285714285 0.4868551587301587 0.34226190476190477 0.48288690476190477
0 0.31960978835978837 0.5131448412698413 0.03273809523809524 0.02628968253968254
0 0.439484126984127 0.37723214285714285 0.4470899470899471 0.38318452380952384 0.4480820105820106 0.3916170634920635 0.44345238095238093 0.39831349206349204 0.4351851851851852 0.40228174603174605 0.42294973544973546 0.3993055555555556 0.4183201058201058 0.3940972222222222 0.41798941798941797 0.3896329365079365 0.42857142857142855 0.3777281746031746 0.43915343915343913 0.37723214285714285
0 0.390542328042328 0.41096230158730157 0.398478835978836 0.41443452380952384 0.4017857142857143 0.4226190476190476 0.3951719576719577 0.43427579365079366 0.3872354497354497 0.4365079365079365 0.37996031746031744 0.435515873015873 0.37136243386243384 0.4303075396825397 0.36904761904761907 0.421875 0.3773148148148148 0.41220238095238093 0.39021164021164023 0.41096230158730157
0 0.3941798941798942 0.38169642857142855 0.4054232804232804 0.3871527777777778 0.40674603174603174 0.3968253968253968 0.3974867724867725 0.40500992063492064 0.3878968253968254 0.40575396825396826 0.38293650793650796 0.4055059523809524 0.3759920634920635 0.4007936507936508 0.3740079365079365 0.39384920634920634 0.3812830687830688 0.3834325396825397 0.39384920634920634 0.38169642857142855
0 0.4117063492063492 0.36061507936507936 0.42162698412698413 0.36433531746031744 0.42857142857142855 0.3725198412698413 0.4262566137566138 0.3802083333333333 0.4150132275132275 0.3878968253968254 0.4080687830687831 0.3878968253968254 0.4001322751322751 0.3841765873015873 0.392526455026455 0.3759920634920635 0.3948412698412698 0.3658234126984127 0.4113756613756614 0.36061507936507936
0 0.35284391534391535 0.43179563492063494 0.36044973544973546 0.4347718253968254 0.36607142857142855 0.44320436507936506 0.3644179894179894 0.44915674603174605 0.3601190476190476 0.45337301587301587 0.3488756613756614 0.4573412698412698 0.3402777777777778 0.455109126984127 0.3316798941798942 0.44568452380952384 0.33796296296296297 0.43625992063492064 0.3525132275132275 0.43179563492063494
0 0.3287037037037037 0.455109126984127 0.3412698412698413 0.45610119047619047 0.3478835978835979 0.46726190476190477 0.3429232804232804 0.4756944444444444 0.32837301587301587 0.4818948412698413 0.314484126984127 0.47445436507936506 0.31117724867724866 0.4704861111111111 0.31547619047619047 0.46056547619047616 0.32837301587301587 0.455109126984127
0 0.3630952380952381 0.3950892857142857 0.37433862433862436 0.40054563492063494 0.37896825396825395 0.4079861111111111 0.37797619047619047 0.4114583333333333 0.36607142857142855 0.4228670634920635 0.3558201058201058 0.42137896825396826 0.3468915343915344 0.4114583333333333 0.3488756613756614 0.4045138888888889 0.3558201058201058 0.3975694444444444 0.3627645502645503 0.3950892857142857
0 0.3210978835978836 0.4260912698412698 0.3333333333333333 0.4350198412698413 0.33465608465608465 0.43898809523809523 0.3326719576719577 0.4476686507936508 0.32275132275132273 0.45262896825396826 0.3091931216931217 0.4506448412698413 0.30357142857142855 0.44717261904761907 0.30257936507936506 0.4439484126984127 0.30522486772486773 0.4305555555555556 0.32076719576719576 0.4260912698412698
0 0.3998015873015873 0.3402777777777778 0.41005291005291006 0.34523809523809523 0.4117063492063492 0.35639880952380953 0.40773809523809523 0.36086309523809523 0.3941798941798942 0.36433531746031744 0.38525132275132273 0.3601190476190476 0.3802910052910053 0.34846230158730157 0.38591269841269843 0.341765873015873 0.3994708994708995 0.3402777777777778
0 0.3048941798941799 0.5193452380952381 0.31547619047619047 0.5240575396825397 0.3167989417989418 0.5324900793650794 0.31117724867724866 0.5401785714285714 0.29828042328042326 0.5441468253968254 0.2933201058201058 0.5436507936507936 0.28835978835978837 0.5399305555555556 0.2847222222222222 0.5285218253968254 0.28935185185185186 0.5215773809523809 0.30456349206349204 0.5193452380952381
0 0.36342592592592593 0.3705357142857143 0.37202380952380953 0.37276785714285715 0.37863756613756616 0.38070436507936506 0.373015873015873 0.3940972222222222 0.3673941798941799 0.39657738095238093 0.3558201058201058 0.39558531746031744 0.3478835978835979 0.3836805555555556 0.3558201058201058 0.37276785714285715 0.3630952380952381 0.3705357142857143
0 0.3048941798941799 0.4486607142857143 0.3158068783068783 0.45436507936507936 0.31712962962962965 0.4600694444444444 0.31216931216931215 0.46999007936507936 0.3012566137566138 0.4724702380952381 0.2962962962962963 0.47197420634920634 0.28835978835978837 0.46726190476190477 0.28505291005291006 0.4568452380952381 0.29563492063492064 0.4489087301587302 0.30456349206349204 0.4486607142857143
0 0.31316137566137564 0.4724702380952381 0.32605820105820105 0.48214285714285715 0.328042328042328 0.48759920634920634 0.3237433862433862 0.49851190476190477 0.31117724867724866 0.5022321428571429 0.29662698412698413 0.49503968253968256 0.29464285714285715 0.484375 0.3005952380952381 0.4742063492063492 0.31283068783068785 0.4724702380952381
0 0.3382936507936508 0.43526785714285715 0.3316798941798942 0.4332837301587302 0.32275132275132273 0.4263392857142857 0.3263888888888889 0.4154265873015873 0.33664021164021163 0.4099702380952381 0.34523809523809523 0.40947420634920634 0.35284391534391535 0.4184027777777778 0.35284391534391535 0.4303075396825397 0.3386243386243386 0.4350198412698413
0 0.34226190476190477 0.38318452380952384 0.3488756613756614 0.38566468253968256 0.3541666666666667 0.3933531746031746 0.3541666666666667 0.39732142857142855 0.3455687830687831 0.40649801587301587 0.3392857142857143 0.4069940476190476 0.3273809523809524 0.40401785714285715 0.32407407407407407 0.4007936507936508 0.32341269841269843 0.39285714285714285 0.3316798941798942 0.38392857142857145 0.3419312169312169 0.38318452380952384
0 0.2837301587301587 0.4712301587301587 0.29298941798941797 0.4771825396825397 0.29464285714285715 0.48412698412698413 0.2876984126984127 0.4930555555555556 0.2761243386243386 0.4962797619047619 0.265542328042328 0.49503968253968256 0.25992063492063494 0.4913194444444444 0.25793650793650796 0.48040674603174605 0.265542328042328 0.4722222222222222 0.2833994708994709 0.4712301587301587
0 0.37466931216931215 0.3509424603174603 0.38227513227513227 0.3541666666666667 0.3862433862433862 0.3630952380952381 0.38062169312169314 0.37028769841269843 0.37367724867724866 0.37276785714285715 0.3578042328042328 0.3705357142857143 0.35383597883597884 0.36532738095238093 0.35284391534391535 0.3586309523809524 0.3544973544973545 0.3551587301587302 0.3630952380952381 0.35044642857142855 0.37433862433862436 0.3509424603174603
0 0.310515873015873 0.40649801587301587 0.31712962962962965 0.40773809523809523 0.32242063492063494 0.4117063492063492 0.32407407407407407 0.4149305555555556 0.3210978835978836 0.42584325396825395 0.30357142857142855 0.4310515873015873 0.2943121693121693 0.423859126984127 0.29298941798941797 0.4156746031746032 0.2959656084656085 0.41096230158730157 0.3012566137566138 0.4079861111111111 0.3101851851851852 0.40674603174603174
0 0.2953042328042328 0.4263392857142857 0.3029100529100529 0.4320436507936508 0.30158730158730157 0.4429563492063492 0.29794973544973546 0.44717261904761907 0.2880291005291005 0.45014880952380953 0.2751322751322751 0.4461805555555556 0.27215608465608465 0.44320436507936506 0.27116402116402116 0.435515873015873 0.27546296296296297 0.4288194444444444 0.28174603174603174 0.4253472222222222 0.29298941798941797 0.42485119047619047 0.294973544973545 0.4263392857142857
0 0.26884920634920634 0.4466765873015873 0.2757936507936508 0.4479166666666667 0.2810846560846561 0.4521329365079365 0.2837301587301587 0.4603174603174603 0.2791005291005291 0.46825396825396826 0.2662037037037037 0.470734126984127 0.25462962962962965 0.4670138888888889 0.2509920634920635 0.4585813492063492 0.2562830687830688 0.44915674603174605 0.26851851851851855 0.4466765873015873
0 0.3382936507936508 0.32490079365079366 0.3488756613756614 0.3291170634920635 0.353505291005291 0.33705357142857145 0.3501984126984127 0.34523809523809523 0.3382936507936508 0.3499503968253968 0.3247354497354497 0.3472222222222222 0.3191137566137566 0.3385416666666667 0.32043650793650796 0.3315972222222222 0.32506613756613756 0.3273809523809524 0.33796296296296297 0.32490079365079366
0 0.39715608465608465 0.3400297619047619 0.4097222222222222 0.34523809523809523 0.41369047619047616 0.35912698412698413 0.42592592592592593 0.36706349206349204 0.43187830687830686 0.3757440476190476 0.4444444444444444 0.37996031746031744 0.45006613756613756 0.3913690476190476 0.460978835978836 0.39384920634920634 0.46825396825396826 0.39831349206349204 0.4705687830687831 0.4087301587301587 0.46164021164021163 0.4181547619047619 0.4619708994708995 0.42237103174603174 0.46395502645502645 0.4253472222222222 0.4738756613756614 0.42782738095238093 0.4794973544973545 0.43154761904761907 0.48313492063492064 0.4412202380952381 0.4781746031746032 0.4486607142857143 0.4642857142857143 0.4565972222222222 0.46726190476190477 0.4670138888888889 0.48048941798941797 0.4704861111111111 0.4851190476190476 0.4739583333333333 0.48743386243386244 0.4801587301587302 0.48478835978835977 0.4888392857142857 0.47156084656084657 0.49776785714285715 0.47585978835978837 0.5047123015873016 0.4751984126984127 0.5119047619047619 0.46593915343915343 0.5188492063492064 0.4513888888888889 0.5225694444444444 0.458994708994709 0.5290178571428571 0.46064814814814814 0.5334821428571429 0.4599867724867725 0.5367063492063492 0.45171957671957674 0.5379464285714286 0.44841269841269843 0.5505952380952381 0.45271164021164023 0.5510912698412699 0.4666005291005291 0.5600198412698413 0.4695767195767196 0.5714285714285714 0.46494708994708994 0.578125 0.4523809523809524 0.5848214285714286 0.45171957671957674 0.5952380952380952 0.44543650793650796 0.6021825396825397 0.44907407407407407 0.6116071428571429 0.44775132275132273 0.6202876984126984 0.4365079365079365 0.6279761904761905 0.42857142857142855 0.6287202380952381 0.4183201058201058 0.6252480158730159 0.4011243386243386 0.6321924603174603 0.39087301587301587 0.6312003968253969 0.3869047619047619 0.6279761904761905 0.38392857142857145 0.6197916666666666 0.38392857142857145 0.6059027777777778 0.38062169312169314 0.5999503968253969 0.37103174603174605 0.5944940476190477 0.359457671957672 0.6019345238095238 0.3482142857142857 0.6026785714285714 0.3412698412698413 0.6001984126984127 0.33201058201058203 0.5907738095238095 0.31845238095238093 0.5912698412698413 0.3082010582010582 0.5853174603174603 0.3058862433862434 0.5796130952380952 0.30654761904761907 0.5696924603174603 0.29662698412698413 0.5572916666666666 0.2996031746031746 0.546875 0.28935185185185186 0.5414186507936508 0.28406084656084657 0.5310019841269841 0.2867063492063492 0.5210813492063492 0.29894179894179895 0.515625 0.30423280423280424 0.5017361111111112 0.2996031746031746 0.5002480158730159 0.2933201058201058 0.4935515873015873 0.2761243386243386 0.4965277777777778 0.2665343915343915 0.4945436507936508 0.2605820105820106 0.49107142857142855 0.25727513227513227 0.4816468253968254 0.2595899470899471 0.47371031746031744 0.25066137566137564 0.46056547619047616 0.25363756613756616 0.4513888888888889 0.26951058201058203 0.4439484126984127 0.27414021164021163 0.4303075396825397 0.29034391534391535 0.42162698412698413 0.29662698412698413 0.4097222222222222 0.3098544973544973 0.40575396825396826 0.3253968253968254 0.40773809523809523 0.32242063492063494 0.39360119047619047 0.3263888888888889 0.3864087301587302 0.3343253968253968 0.38244047619047616 0.34523809523809523 0.3821924603174603 0.3551587301587302 0.3697916666666667 0.3505291005291005 0.35714285714285715 0.35548941798941797 0.3479662698412698 0.35813492063492064 0.34970238095238093 0.37632275132275134 0.35044642857142855 0.38591269841269843 0.3412698412698413 0.3968253968253968 0.3400297619047619