0 0.7486772486772487 0.6954365079365079 0.765542328042328 0.7023809523809523 0.7718253968253969 0.7155257936507936 0.7718253968253969 0.7202380952380952 0.765542328042328 0.7306547619047619 0.7585978835978836 0.7358630952380952 0.7513227513227513 0.7373511904761905 0.7301587301587301 0.734375 0.7212301587301587 0.7274305555555556 0.718584656084656 0.7197420634920635 0.7195767195767195 0.7100694444444444 0.7265211640211641 0.7018849206349206 0.7374338624338624 0.6959325396825397 0.7483465608465608 0.6954365079365079
0 0.6656746031746031 0.7192460317460317 0.683531746031746 0.7222222222222222 0.6908068783068783 0.7266865079365079 0.6964285714285714 0.7351190476190477 0.6960978835978836 0.7452876984126984 0.6924603174603174 0.7527281746031746 0.6815476190476191 0.7586805555555556 0.673941798941799 0.7594246031746031 0.6517857142857143 0.7552083333333334 0.642526455026455 0.7445436507936508 0.6421957671957672 0.7375992063492064 0.6458333333333334 0.7299107142857143 0.658068783068783 0.7202380952380952 0.6653439153439153 0.7192460317460317
0 0.7046957671957672 0.6527777777777778 0.7116402116402116 0.654265873015873 0.7228835978835979 0.6612103174603174 0.7288359788359788 0.6681547619047619 0.7301587301587301 0.6750992063492064 0.728505291005291 0.6832837301587301 0.7232142857142857 0.689484126984127 0.7083333333333334 0.6939484126984127 0.6957671957671958 0.6937003968253969 0.6775793650793651 0.6790674603174603 0.6848544973544973 0.6604662698412699 0.6960978835978836 0.6540178571428571 0.7043650793650794 0.6527777777777778
0 0.8353174603174603 0.5453869047619048 0.8525132275132276 0.5525793650793651 0.8591269841269841 0.5625 0.8584656084656085 0.5674603174603174 0.8525132275132276 0.5758928571428571 0.841931216931217 0.5808531746031746 0.816468253968254 0.5788690476190477 0.8091931216931217 0.5736607142857143 0.8058862433862434 0.5677083333333334 0.8072089947089947 0.5575396825396826 0.8131613756613757 0.5491071428571429 0.8240740740740741 0.5453869047619048 0.8349867724867724 0.5453869047619048
0 0.6746031746031746 0.6810515873015873 0.689484126984127 0.6887400793650794 0.6964285714285714 0.6959325396825397 0.6984126984126984 0.7028769841269841 0.6934523809523809 0.7135416666666666 0.6795634920634921 0.7212301587301587 0.6541005291005291 0.7150297619047619 0.6498015873015873 0.7115575396825397 0.6458333333333334 0.7026289682539683 0.646494708994709 0.6917162698412699 0.6491402116402116 0.6879960317460317 0.6547619047619048 0.6845238095238095 0.6742724867724867 0.6810515873015873
0 0.7602513227513228 0.5825892857142857 0.7757936507936508 0.5887896825396826 0.781084656084656 0.5952380952380952 0.783068783068783 0.6026785714285714 0.7767857142857143 0.6130952380952381 0.7589285714285714 0.6220238095238095 0.7380952380952381 0.6165674603174603 0.7331349206349206 0.6130952380952381 0.7288359788359788 0.6049107142857143 0.7377645502645502 0.5870535714285714 0.7599206349206349 0.5825892857142857
0 0.7066798941798942 0.6116071428571429 0.7159391534391535 0.6125992063492064 0.7278439153439153 0.6173115079365079 0.7334656084656085 0.6292162698412699 0.7278439153439153 0.640625 0.7099867724867724 0.6488095238095238 0.6994047619047619 0.6483134920634921 0.6921296296296297 0.6450892857142857 0.685515873015873 0.6396329365079365 0.6818783068783069 0.6304563492063492 0.6878306878306878 0.6138392857142857 0.6921296296296297 0.611359126984127 0.7063492063492064 0.6116071428571429
0 0.6590608465608465 0.6408730158730159 0.6759259259259259 0.6468253968253969 0.6805555555555556 0.6540178571428571 0.6812169312169312 0.6612103174603174 0.6736111111111112 0.6785714285714286 0.656084656084656 0.683531746031746 0.6474867724867724 0.6827876984126984 0.6408730158730159 0.6795634920634921 0.6326058201058201 0.6723710317460317 0.6309523809523809 0.6651785714285714 0.6349206349206349 0.6473214285714286 0.6418650793650794 0.6431051587301587 0.6587301587301587 0.6408730158730159
0 0.5869708994708994 0.7130456349206349 0.5992063492063492 0.7199900793650794 0.6044973544973545 0.7276785714285714 0.605489417989418 0.734375 0.6001984126984127 0.7445436507936508 0.5849867724867724 0.7517361111111112 0.5750661375661376 0.7514880952380952 0.564484126984127 0.7485119047619048 0.5565476190476191 0.7408234126984127 0.5548941798941799 0.7321428571428571 0.5572089947089947 0.7242063492063492 0.5641534391534392 0.7162698412698413 0.5866402116402116 0.7130456349206349
0 0.7076719576719577 0.574156746031746 0.7238756613756614 0.5796130952380952 0.7331349206349206 0.5907738095238095 0.7281746031746031 0.6049107142857143 0.720568783068783 0.6101190476190477 0.7142857142857143 0.611359126984127 0.6927910052910053 0.6091269841269841 0.6815476190476191 0.5987103174603174 0.6779100529100529 0.5920138888888888 0.6779100529100529 0.5855654761904762 0.6822089947089947 0.5796130952380952 0.6957671957671958 0.574156746031746 0.7073412698412699 0.574156746031746
0 0.6620370370370371 0.5915178571428571 0.6785714285714286 0.5972222222222222 0.6868386243386243 0.6088789682539683 0.6802248677248677 0.626984126984127 0.6646825396825397 0.6336805555555556 0.6488095238095238 0.6304563492063492 0.6395502645502645 0.6240079365079365 0.6359126984126984 0.6096230158730159 0.6375661375661376 0.6026785714285714 0.6428571428571429 0.5987103174603174 0.654431216931217 0.5920138888888888 0.6617063492063492 0.5915178571428571
0 0.5988756613756614 0.6371527777777778 0.6121031746031746 0.6393849206349206 0.6306216931216931 0.6480654761904762 0.6319444444444444 0.6564980158730159 0.6273148148148148 0.6701388888888888 0.6173941798941799 0.6755952380952381 0.6018518518518519 0.6778273809523809 0.5876322751322751 0.6736111111111112 0.5796957671957672 0.6659226190476191 0.576058201058201 0.6577380952380952 0.5763888888888888 0.6510416666666666 0.5876322751322751 0.6393849206349206 0.5985449735449735 0.6374007936507936
0 0.5803571428571429 0.6716269841269841 0.5949074074074074 0.6822916666666666 0.5992063492063492 0.6907242063492064 0.5995370370370371 0.6999007936507936 0.595568783068783 0.7065972222222222 0.5886243386243386 0.7118055555555556 0.5704365079365079 0.7145337301587301 0.5628306878306878 0.7137896825396826 0.5535714285714286 0.7073412698412699 0.5466269841269841 0.6981646825396826 0.5456349206349206 0.6889880952380952 0.5492724867724867 0.6822916666666666 0.5631613756613757 0.6736111111111112 0.580026455026455 0.6716269841269841
0 0.6200396825396826 0.6014384920634921 0.6319444444444444 0.6081349206349206 0.6359126984126984 0.6240079365079365 0.6286375661375662 0.6336805555555556 0.6167328042328042 0.638640873015873 0.5949074074074074 0.6349206349206349 0.5866402116402116 0.626984126984127 0.5859788359788359 0.6185515873015873 0.6001984126984127 0.6021825396825397 0.6197089947089947 0.6014384920634921
0 0.7066798941798942 0.5166170634920635 0.7212301587301587 0.5260416666666666 0.7215608465608465 0.546875 0.7146164021164021 0.5540674603174603 0.707010582010582 0.5572916666666666 0.6931216931216931 0.5587797619047619 0.6818783068783069 0.5570436507936508 0.6729497354497355 0.5503472222222222 0.6686507936507936 0.5431547619047619 0.6696428571428571 0.5319940476190477 0.6736111111111112 0.5252976190476191 0.6805555555555556 0.5213293650793651 0.7063492063492064 0.5166170634920635
0 0.6372354497354498 0.5610119047619048 0.6438492063492064 0.5637400793650794 0.6507936507936508 0.5701884920634921 0.6547619047619048 0.5855654761904762 0.6514550264550265 0.5930059523809523 0.6339285714285714 0.6026785714285714 0.6127645502645502 0.5999503968253969 0.6038359788359788 0.5927579365079365 0.5978835978835979 0.5813492063492064 0.6018518518518519 0.5746527777777778 0.6160714285714286 0.5617559523809523 0.6369047619047619 0.5610119047619048
0 0.5393518518518519 0.6453373015873016 0.5568783068783069 0.6507936507936508 0.5641534391534392 0.660218253968254 0.5638227513227513 0.671875 0.5466269841269841 0.6830357142857143 0.5267857142857143 0.6793154761904762 0.5158730158730159 0.6684027777777778 0.5185185185185185 0.6500496031746031 0.5228174603174603 0.6473214285714286 0.5390211640211641 0.6453373015873016
0 0.5552248677248677 0.6150793650793651 0.5787037037037037 0.6190476190476191 0.5836640211640212 0.6225198412698413 0.5863095238095238 0.628968253968254 0.5859788359788359 0.6383928571428571 0.5783730158730159 0.6485615079365079 0.5744047619047619 0.6512896825396826 0.560515873015873 0.6530257936507936 0.5419973544973545 0.6453373015873016 0.5357142857142857 0.6336805555555556 0.5360449735449735 0.6254960317460317 0.5403439153439153 0.6185515873015873 0.5462962962962963 0.6155753968253969 0.5548941798941799 0.6150793650793651
0 0.6990740740740741 0.4806547619047619 0.7159391534391535 0.4905753968253968 0.7182539682539683 0.4965277777777778 0.716931216931217 0.5066964285714286 0.7139550264550265 0.511656746031746 0.7066798941798942 0.5158730158730159 0.6865079365079365 0.5173611111111112 0.6805555555555556 0.5158730158730159 0.6693121693121693 0.5086805555555556 0.6656746031746031 0.5017361111111112 0.666005291005291 0.4947916666666667 0.6782407407407407 0.4833829365079365 0.6865079365079365 0.4806547619047619 0.6987433862433863 0.4806547619047619
0 0.501984126984127 0.6780753968253969 0.5115740740740741 0.6793154761904762 0.5218253968253969 0.6852678571428571 0.5271164021164021 0.6919642857142857 0.5287698412698413 0.699156746031746 0.5281084656084656 0.707093253968254 0.5228174603174603 0.7155257936507936 0.5188492063492064 0.7185019841269841 0.5059523809523809 0.7209821428571429 0.49404761904761907 0.7204861111111112 0.4851190476190476 0.7170138888888888 0.47784391534391535 0.7098214285714286 0.4755291005291005 0.7028769841269841 0.4771825396825397 0.6932043650793651 0.4837962962962963 0.6850198412698413 0.49007936507936506 0.6808035714285714 0.5016534391534392 0.6780753968253969
0 0.5717592592592593 0.5778769841269841 0.5892857142857143 0.5840773809523809 0.5982142857142857 0.5974702380952381 0.5922619047619048 0.6103670634920635 0.5843253968253969 0.6168154761904762 0.5767195767195767 0.6180555555555556 0.5552248677248677 0.6140873015873016 0.5456349206349206 0.6029265873015873 0.5459656084656085 0.591765873015873 0.5499338624338624 0.5853174603174603 0.5578703703703703 0.5808531746031746 0.5714285714285714 0.5778769841269841
0 0.5882936507936508 0.5369543650793651 0.6058201058201058 0.5419146825396826 0.6127645502645502 0.5503472222222222 0.6140873015873016 0.5612599206349206 0.6064814814814815 0.5709325396825397 0.5952380952380952 0.5786210317460317 0.5849867724867724 0.580109126984127 0.5667989417989417 0.576140873015873 0.5578703703703703 0.5672123015873016 0.5558862433862434 0.5558035714285714 0.5591931216931217 0.5500992063492064 0.5720899470899471 0.5399305555555556 0.5879629629629629 0.5372023809523809
0 0.6160714285714286 0.5024801587301587 0.6243386243386243 0.5049603174603174 0.6326058201058201 0.5119047619047619 0.6349206349206349 0.5250496031746031 0.623015873015873 0.5374503968253969 0.609457671957672 0.5419146825396826 0.5843253968253969 0.5334821428571429 0.5806878306878307 0.527281746031746 0.5803571428571429 0.5188492063492064 0.583994708994709 0.5119047619047619 0.5922619047619048 0.5064484126984127 0.6058201058201058 0.5027281746031746 0.6157407407407407 0.5024801587301587
0 0.45866402116402116 0.7105654761904762 0.4679232804232804 0.7127976190476191 0.4732142857142857 0.7172619047619048 0.4775132275132275 0.7271825396825397 0.4771825396825397 0.7348710317460317 0.4738756613756614 0.7425595238095238 0.4666005291005291 0.7495039682539683 0.44642857142857145 0.7554563492063492 0.435515873015873 0.7542162698412699 0.42493386243386244 0.748015873015873 0.4209656084656085 0.7410714285714286 0.4212962962962963 0.7301587301587301 0.42724867724867727 0.7202380952380952 0.4384920634920635 0.7127976190476191 0.4497354497354497 0.7098214285714286 0.4583333333333333 0.7105654761904762
0 0.4877645502645503 0.628968253968254 0.5026455026455027 0.6334325396825397 0.5082671957671958 0.6411210317460317 0.5085978835978836 0.6475694444444444 0.49503968253968256 0.6622023809523809 0.4791666666666667 0.6671626984126984 0.4699074074074074 0.6651785714285714 0.4623015873015873 0.6589781746031746 0.4576719576719577 0.6510416666666666 0.4576719576719577 0.6440972222222222 0.4623015873015873 0.6364087301587301 0.4699074074074074 0.6299603174603174 0.48743386243386244 0.628968253968254
0 0.515542328042328 0.5726686507936508 0.5333994708994709 0.5776289682539683 0.5439814814814815 0.5865575396825397 0.5436507936507936 0.6006944444444444 0.5380291005291006 0.613343253968254 0.5257936507936508 0.6202876984126984 0.5125661375661376 0.6202876984126984 0.5033068783068783 0.6168154761904762 0.4937169312169312 0.6081349206349206 0.49074074074074076 0.5949900793650794 0.49404761904761907 0.5848214285714286 0.5016534391534392 0.5783730158730159 0.5152116402116402 0.5729166666666666
0 0.6448412698412699 0.455109126984127 0.6613756613756614 0.46279761904761907 0.6653439153439153 0.47023809523809523 0.6650132275132276 0.47767857142857145 0.6583994708994709 0.48759920634920634 0.65244708994709 0.49206349206349204 0.6369047619047619 0.4947916666666667 0.626984126984127 0.4937996031746032 0.6160714285714286 0.4878472222222222 0.6127645502645502 0.47371031746031744 0.6200396825396826 0.4618055555555556 0.6263227513227513 0.4585813492063492 0.644510582010582 0.455109126984127
0 0.5446428571428571 0.5153769841269841 0.560515873015873 0.5213293650793651 0.5674603174603174 0.5282738095238095 0.5684523809523809 0.533234126984127 0.5651455026455027 0.5431547619047619 0.5608465608465608 0.5476190476190477 0.5512566137566137 0.5538194444444444 0.5439814814814815 0.5548115079365079 0.5333994708994709 0.5540674603174603 0.5251322751322751 0.5503472222222222 0.5185185185185185 0.5414186507936508 0.5181878306878307 0.5329861111111112 0.5284391534391535 0.5183531746031746 0.5443121693121693 0.5153769841269841
0 0.49933862433862436 0.5404265873015873 0.5122354497354498 0.5434027777777778 0.5158730158730159 0.5466269841269841 0.517526455026455 0.5550595238095238 0.5128968253968254 0.5716765873015873 0.4957010582010582 0.5798611111111112 0.4798280423280423 0.5783730158730159 0.4699074074074074 0.5744047619047619 0.46494708994708994 0.5674603174603174 0.4646164021164021 0.5597718253968254 0.46593915343915343 0.5560515873015873 0.4808201058201058 0.5436507936507936 0.4990079365079365 0.5404265873015873
0 0.43816137566137564 0.607390873015873 0.4497354497354497 0.6088789682539683 0.45965608465608465 0.6125992063492064 0.46825396825396826 0.6227678571428571 0.46726190476190477 0.6302083333333334 0.4566798941798942 0.6421130952380952 0.44312169312169314 0.6460813492063492 0.42923280423280424 0.644593253968254 0.41964285714285715 0.6411210317460317 0.4146825396825397 0.6376488095238095 0.41104497354497355 0.6309523809523809 0.4150132275132275 0.6163194444444444 0.4255952380952381 0.6083829365079365 0.43783068783068785 0.607390873015873
0 0.5714285714285714 0.43625992063492064 0.5909391534391535 0.44568452380952384 0.5962301587301587 0.45163690476190477 0.5965608465608465 0.4568452380952381 0.5929232804232805 0.4670138888888889 0.5882936507936508 0.47098214285714285 0.5694444444444444 0.4759424603174603 0.5575396825396826 0.47445436507936506 0.5502645502645502 0.47023809523809523 0.542989417989418 0.4615575396825397 0.5413359788359788 0.45262896825396826 0.5443121693121693 0.44543650793650796 0.5505952380952381 0.43898809523809523 0.560515873015873 0.43625992063492064 0.5710978835978836 0.43625992063492064
0 0.5089285714285714 0.49975198412698413 0.5224867724867724 0.5079365079365079 0.5248015873015873 0.5190972222222222 0.5148809523809523 0.5339781746031746 0.49834656084656087 0.5386904761904762 0.48743386243386244 0.5381944444444444 0.4801587301587302 0.5342261904761905 0.4732142857142857 0.5248015873015873 0.47255291005291006 0.5151289682539683 0.47784391534391535 0.5084325396825397 0.4904100529100529 0.5004960317460317 0.5085978835978836 0.49975198412698413
0 0.4451058201058201 0.5580357142857143 0.460978835978836 0.5632440476190477 0.46593915343915343 0.5709325396825397 0.4666005291005291 0.578125 0.4603174603174603 0.5907738095238095 0.44212962962962965 0.5949900793650794 0.4255952380952381 0.5930059523809523 0.41369047619047616 0.5813492063492064 0.41369047619047616 0.5736607142857143 0.41633597883597884 0.5677083333333334 0.4252645502645503 0.560515873015873 0.4375 0.5572916666666666 0.44477513227513227 0.5580357142857143
0 0.37103174603174605 0.6517857142857143 0.3835978835978836 0.6540178571428571 0.38955026455026454 0.6577380952380952 0.3955026455026455 0.6711309523809523 0.3941798941798942 0.6788194444444444 0.3872354497354497 0.6867559523809523 0.3826058201058201 0.6897321428571429 0.3716931216931217 0.6919642857142857 0.3525132275132275 0.689484126984127 0.3445767195767196 0.6832837301587301 0.3396164021164021 0.6733630952380952 0.3416005291005291 0.6639384920634921 0.3472222222222222 0.6569940476190477 0.35978835978835977 0.652281746031746 0.3707010582010582 0.6517857142857143
0 0.4513888888888889 0.5200892857142857 0.47023809523809523 0.529265873015873 0.47619047619047616 0.5399305555555556 0.4755291005291005 0.5461309523809523 0.47156084656084657 0.5510912698412699 0.4632936507936508 0.5567956349206349 0.4566798941798942 0.558531746031746 0.4365079365079365 0.5548115079365079 0.42757936507936506 0.5481150793650794 0.4246031746031746 0.5414186507936508 0.42493386243386244 0.5337301587301587 0.4298941798941799 0.5250496031746031 0.43882275132275134 0.5208333333333334 0.45105820105820105 0.5200892857142857
0 0.4064153439153439 0.5803571428571429 0.4146825396825397 0.5828373015873016 0.42394179894179895 0.5915178571428571 0.42658730158730157 0.6026785714285714 0.42294973544973546 0.609375 0.4146825396825397 0.6163194444444444 0.4031084656084656 0.6190476190476191 0.38525132275132273 0.6170634920634921 0.37566137566137564 0.6088789682539683 0.373015873015873 0.6019345238095238 0.3759920634920635 0.5939980158730159 0.38525132275132273 0.5843253968253969 0.3951719576719577 0.5808531746031746 0.4060846560846561 0.5803571428571429
0 0.36673280423280424 0.605406746031746 0.38095238095238093 0.6150793650793651 0.38227513227513227 0.6267361111111112 0.3726851851851852 0.6381448412698413 0.35978835978835977 0.6440972222222222 0.3525132275132275 0.6450892857142857 0.34325396825396826 0.6443452380952381 0.333994708994709 0.6388888888888888 0.328042328042328 0.626984126984127 0.3290343915343915 0.6195436507936508 0.33796296296296297 0.6086309523809523 0.3498677248677249 0.6051587301587301 0.3664021164021164 0.605406746031746
0 0.6299603174603174 0.41592261904761907 0.6435185185185185 0.42038690476190477 0.6507936507936508 0.4305555555555556 0.6514550264550265 0.44246031746031744 0.6441798941798942 0.4523809523809524 0.6362433862433863 0.4565972222222222 0.6193783068783069 0.45982142857142855 0.6031746031746031 0.45337301587301587 0.5958994708994709 0.44543650793650796 0.5958994708994709 0.43601190476190477 0.603505291005291 0.42311507936507936 0.6134259259259259 0.4181547619047619 0.6296296296296297 0.41617063492063494
0 0.5049603174603174 0.4632936507936508 0.5145502645502645 0.4660218253968254 0.5208333333333334 0.47023809523809523 0.5267857142857143 0.4806547619047619 0.5261243386243386 0.4878472222222222 0.5224867724867724 0.4930555555555556 0.5085978835978836 0.49975198412698413 0.49437830687830686 0.49875992063492064 0.4871031746031746 0.4962797619047619 0.48048941798941797 0.4913194444444444 0.47685185185185186 0.48387896825396826 0.47784391534391535 0.4749503968253968 0.4837962962962963 0.4670138888888889 0.5046296296296297 0.4632936507936508
0 0.43617724867724866 0.48214285714285715 0.44742063492063494 0.4833829365079365 0.45535714285714285 0.4878472222222222 0.46130952380952384 0.49503968253968256 0.4623015873015873 0.5052083333333334 0.4523809523809524 0.517609126984127 0.43353174603174605 0.5215773809523809 0.42493386243386244 0.5203373015873016 0.41633597883597884 0.5138888888888888 0.4126984126984127 0.5089285714285714 0.41104497354497355 0.498015873015873 0.4146825396825397 0.49007936507936506 0.41898148148148145 0.4868551587301587 0.43584656084656087 0.48214285714285715
0 0.38326719576719576 0.5357142857142857 0.40145502645502645 0.5381944444444444 0.4080687830687831 0.5431547619047619 0.41203703703703703 0.5500992063492064 0.4113756613756614 0.5587797619047619 0.4054232804232804 0.5677083333333334 0.398478835978836 0.5716765873015873 0.38756613756613756 0.5729166666666666 0.376984126984127 0.5719246031746031 0.3627645502645503 0.5652281746031746 0.35813492063492064 0.5575396825396826 0.35813492063492064 0.546875 0.36408730158730157 0.5396825396825397 0.3707010582010582 0.535218253968254 0.38293650793650796 0.5357142857142857
0 0.3548280423280423 0.5649801587301587 0.36673280423280424 0.566468253968254 0.3740079365079365 0.5701884920634921 0.37962962962962965 0.5771329365079365 0.38062169312169314 0.5850694444444444 0.36673280423280424 0.6031746031746031 0.3455687830687831 0.6046626984126984 0.33895502645502645 0.6034226190476191 0.33134920634920634 0.5962301587301587 0.3296957671957672 0.5823412698412699 0.3343253968253968 0.574156746031746 0.34226190476190477 0.5672123015873016 0.3544973544973545 0.5649801587301587
0 0.48908730158730157 0.4260912698412698 0.5006613756613757 0.4288194444444444 0.5052910052910053 0.43253968253968256 0.5095899470899471 0.43874007936507936 0.5105820105820106 0.44717261904761907 0.5089285714285714 0.45362103174603174 0.5026455026455027 0.4615575396825397 0.48412698412698413 0.4660218253968254 0.4738756613756614 0.4642857142857143 0.4619708994708995 0.4565972222222222 0.4576719576719577 0.44568452380952384 0.45965608465608465 0.4392361111111111 0.4669312169312169 0.4312996031746032 0.47784391534391535 0.42683531746031744 0.4887566137566138 0.4260912698412698
0 0.39087301587301587 0.49429563492063494 0.4060846560846561 0.5004960317460317 0.4156746031746032 0.5153769841269841 0.41534391534391535 0.5240575396825397 0.4117063492063492 0.5302579365079365 0.3968253968253968 0.5357142857142857 0.38591269841269843 0.5354662698412699 0.37665343915343913 0.5324900793650794 0.3716931216931217 0.527281746031746 0.3654100529100529 0.5131448412698413 0.36607142857142855 0.5084325396825397 0.37202380952380953 0.5014880952380952 0.37896825396825395 0.4972718253968254 0.390542328042328 0.49429563492063494
0 0.6091269841269841 0.3663194444444444 0.6190476190476191 0.36904761904761907 0.6286375661375662 0.3759920634920635 0.6316137566137566 0.3888888888888889 0.6302910052910053 0.3948412698412698 0.6243386243386243 0.4007936507936508 0.6170634920634921 0.4055059523809524 0.6071428571428571 0.40848214285714285 0.595568783068783 0.4072420634920635 0.5856481481481481 0.4010416666666667 0.5806878306878307 0.3940972222222222 0.5796957671957672 0.3861607142857143 0.5823412698412699 0.3767361111111111 0.5879629629629629 0.3705357142857143 0.5972222222222222 0.36731150793650796 0.6087962962962963 0.3663194444444444
0 0.30853174603174605 0.6195436507936508 0.32506613756613756 0.6247519841269841 0.3333333333333333 0.6393849206349206 0.3326719576719577 0.6465773809523809 0.3287037037037037 0.6532738095238095 0.3210978835978836 0.6592261904761905 0.3115079365079365 0.6624503968253969 0.2996031746031746 0.6617063492063492 0.2919973544973545 0.6584821428571429 0.2804232804232804 0.6423611111111112 0.28869047619047616 0.6257440476190477 0.296957671957672 0.6205357142857143 0.3082010582010582 0.6195436507936508
0 0.31812169312169314 0.5858134920634921 0.328042328042328 0.5912698412698413 0.3323412698412698 0.6071428571428571 0.32771164021164023 0.6160714285714286 0.31316137566137564 0.6195436507936508 0.29828042328042326 0.6185515873015873 0.2933201058201058 0.6158234126984127 0.2880291005291005 0.609375 0.2867063492063492 0.5982142857142857 0.28935185185185186 0.591765873015873 0.2943121693121693 0.5880456349206349 0.30952380952380953 0.5853174603174603 0.3177910052910053 0.5858134920634921
0 0.42328042328042326 0.44841269841269843 0.435515873015873 0.45188492063492064 0.44246031746031744 0.4565972222222222 0.44543650793650796 0.4704861111111111 0.439484126984127 0.4799107142857143 0.4150132275132275 0.48735119047619047 0.4044312169312169 0.48586309523809523 0.3958333333333333 0.48115079365079366 0.390542328042328 0.47371031746031744 0.39021164021164023 0.46726190476190477 0.3931878306878307 0.4593253968253968 0.4001322751322751 0.45287698412698413 0.41435185185185186 0.4476686507936508 0.42294973544973546 0.44841269841269843
0 0.3445767195767196 0.5069444444444444 0.35548941798941797 0.5081845238095238 0.3637566137566138 0.5126488095238095 0.37103174603174605 0.5290178571428571 0.37037037037037035 0.5329861111111112 0.359457671957672 0.5431547619047619 0.3482142857142857 0.5471230158730159 0.3373015873015873 0.546875 0.3290343915343915 0.5443948412698413 0.3237433862433862 0.5409226190476191 0.31712962962962965 0.5300099206349206 0.31845238095238093 0.519593253968254 0.3244047619047619 0.511656746031746 0.33201058201058203 0.5079365079365079 0.34424603174603174 0.5069444444444444
0 0.31746031746031744 0.5411706349206349 0.32837301587301587 0.5453869047619048 0.335978835978836 0.5518353174603174 0.33895502645502645 0.5577876984126984 0.3386243386243386 0.5669642857142857 0.32936507936507936 0.5791170634920635 0.3244047619047619 0.582093253968254 0.3048941798941799 0.5845734126984127 0.2933201058201058 0.5825892857142857 0.2824074074074074 0.5746527777777778 0.27744708994708994 0.5677083333333334 0.2771164021164021 0.5567956349206349 0.2824074074074074 0.5500992063492064 0.2923280423280423 0.5434027777777778 0.3062169312169312 0.5406746031746031 0.31712962962962965 0.5411706349206349
0 0.3568121693121693 0.4595734126984127 0.37533068783068785 0.46651785714285715 0.3816137566137566 0.47643849206349204 0.3812830687830688 0.486359126984127 0.3783068783068783 0.49206349206349204 0.37003968253968256 0.49975198412698413 0.36078042328042326 0.5027281746031746 0.3488756613756614 0.5022321428571429 0.3382936507936508 0.49851190476190477 0.33134920634920634 0.49255952380952384 0.32605820105820105 0.48139880952380953 0.32771164021164023 0.47271825396825395 0.3386243386243386 0.4632936507936508 0.35648148148148145 0.4595734126984127
0 0.23974867724867724 0.5632440476190477 0.25132275132275134 0.5654761904761905 0.25892857142857145 0.5701884920634921 0.26521164021164023 0.578125 0.26587301587301587 0.5833333333333334 0.25925925925925924 0.5962301587301587 0.24867724867724866 0.6026785714285714 0.23644179894179895 0.6063988095238095 0.2199074074074074 0.6049107142857143 0.21064814814814814 0.6011904761904762 0.2027116402116402 0.5925099206349206 0.20072751322751323 0.5808531746031746 0.20634920634920634 0.5714285714285714 0.22023809523809523 0.5642361111111112 0.23941798941798942 0.5632440476190477
0 0.20436507936507936 0.6091269841269841 0.22718253968253968 0.6170634920634921 0.2347883597883598 0.6247519841269841 0.23677248677248677 0.6309523809523809 0.23544973544973544 0.6408730158730159 0.23082010582010581 0.6475694444444444 0.22056878306878308 0.654265873015873 0.20502645502645503 0.6579861111111112 0.19014550264550265 0.6567460317460317 0.1822089947089947 0.6530257936507936 0.17394179894179895 0.6344246031746031 0.1779100529100529 0.6227678571428571 0.18386243386243387 0.6155753968253969 0.19212962962962962 0.6111111111111112 0.20403439153439154 0.6091269841269841
0 0.15773809523809523 0.5657242063492064 0.1712962962962963 0.5677083333333334 0.17989417989417988 0.5724206349206349 0.18253968253968253 0.5776289682539683 0.18287037037037038 0.5892857142857143 0.17989417989417988 0.5974702380952381 0.1736111111111111 0.6041666666666666 0.1636904761904762 0.609375 0.15211640211640212 0.611359126984127 0.13822751322751323 0.6091269841269841 0.13128306878306878 0.6056547619047619 0.12301587301587301 0.5974702380952381 0.12103174603174603 0.5885416666666666 0.12665343915343916 0.5773809523809523 0.1349206349206349 0.5706845238095238 0.14417989417989419 0.566468253968254 0.1574074074074074 0.5657242063492064
0 0.5591931216931217 0.33878968253968256 0.5710978835978836 0.34375 0.576058201058201 0.3482142857142857 0.578042328042328 0.359375 0.5710978835978836 0.37177579365079366 0.5562169312169312 0.37797619047619047 0.5462962962962963 0.37797619047619047 0.5340608465608465 0.3740079365079365 0.5287698412698413 0.36904761904761907 0.5267857142857143 0.35912698412698413 0.5291005291005291 0.35119047619047616 0.5363756613756614 0.3430059523809524 0.548941798941799 0.3382936507936508 0.5588624338624338 0.33878968253968256
0 0.26256613756613756 0.4283234126984127 0.27215608465608465 0.43179563492063494 0.2800925925925926 0.4382440476190476 0.2833994708994709 0.4506448412698413 0.2771164021164021 0.46056547619047616 0.2619047619047619 0.4670138888888889 0.24801587301587302 0.46577380952380953 0.2347883597883598 0.4600694444444444 0.22883597883597884 0.453125 0.2275132275132275 0.44320436507936506 0.2318121693121693 0.4357638888888889 0.2414021164021164 0.42956349206349204 0.2622354497354497 0.4283234126984127