0 0.7589285714285714 0.5815972222222222 0.765542328042328 0.5830853174603174 0.7751322751322751 0.5890376984126984 0.779431216931217 0.5944940476190477 0.7800925925925926 0.6001984126984127 0.7734788359788359 0.6125992063492064 0.767526455026455 0.6163194444444444 0.7569444444444444 0.6185515873015873 0.7443783068783069 0.6173115079365079 0.736441798941799 0.6130952380952381 0.7308201058201058 0.6049107142857143 0.7294973544973545 0.5944940476190477 0.7318121693121693 0.5882936507936508 0.7410714285714286 0.5825892857142857 0.7585978835978836 0.5815972222222222
0 0.5515873015873016 0.6413690476190477 0.564484126984127 0.6473214285714286 0.5684523809523809 0.6520337301587301 0.5694444444444444 0.6599702380952381 0.5641534391534392 0.6713789682539683 0.5512566137566137 0.6775793650793651 0.5386904761904762 0.6763392857142857 0.529431216931217 0.671875 0.5228174603174603 0.6584821428571429 0.5251322751322751 0.6505456349206349 0.5327380952380952 0.6436011904761905 0.5512566137566137 0.6413690476190477
0 0.6038359788359788 0.4930555555555556 0.6127645502645502 0.4945436507936508 0.6193783068783069 0.49851190476190477 0.6263227513227513 0.5101686507936508 0.6193783068783069 0.5225694444444444 0.6127645502645502 0.5262896825396826 0.6028439153439153 0.5280257936507936 0.5952380952380952 0.527281746031746 0.5859788359788359 0.5228174603174603 0.5816798941798942 0.5111607142857143 0.5846560846560847 0.5022321428571429 0.5912698412698413 0.49503968253968256 0.603505291005291 0.4930555555555556
0 0.5092592592592593 0.5419146825396826 0.5185185185185185 0.5441468253968254 0.5257936507936508 0.5486111111111112 0.5320767195767195 0.560515873015873 0.5264550264550265 0.5716765873015873 0.5122354497354498 0.5786210317460317 0.4904100529100529 0.5749007936507936 0.4837962962962963 0.5709325396825397 0.48148148148148145 0.5652281746031746 0.48214285714285715 0.5567956349206349 0.48644179894179895 0.5491071428571429 0.5089285714285714 0.5419146825396826
0 0.460978835978836 0.5600198412698413 0.47156084656084657 0.566468253968254 0.4751984126984127 0.580109126984127 0.46726190476190477 0.5920138888888888 0.45601851851851855 0.5964781746031746 0.4408068783068783 0.5954861111111112 0.43452380952380953 0.5925099206349206 0.42857142857142855 0.5843253968253969 0.42757936507936506 0.574156746031746 0.43584656084656087 0.5620039682539683 0.44841269841269843 0.558531746031746 0.46064814814814814 0.5600198412698413
0 0.48115079365079366 0.5131448412698413 0.4947089947089947 0.5131448412698413 0.503968253968254 0.5153769841269841 0.5089285714285714 0.5188492063492064 0.5125661375661376 0.5260416666666666 0.5122354497354498 0.533234126984127 0.5076058201058201 0.5401785714285714 0.4877645502645503 0.5463789682539683 0.47354497354497355 0.5401785714285714 0.4656084656084656 0.5300099206349206 0.4685846560846561 0.5188492063492064 0.4808201058201058 0.5131448412698413
0 0.4494047619047619 0.5243055555555556 0.4566798941798942 0.5257936507936508 0.4646164021164021 0.5310019841269841 0.4685846560846561 0.5362103174603174 0.46924603174603174 0.5426587301587301 0.46494708994708994 0.5515873015873016 0.45601851851851855 0.5580357142857143 0.4408068783068783 0.5595238095238095 0.435515873015873 0.5595238095238095 0.4226190476190476 0.5540674603174603 0.4183201058201058 0.5461309523809523 0.42162698412698413 0.5386904761904762 0.4305555555555556 0.5287698412698413 0.439484126984127 0.5250496031746031 0.44907407407407407 0.5243055555555556
0 0.513558201058201 0.4176587301587302 0.5291005291005291 0.4228670634920635 0.5363756613756614 0.43427579365079366 0.53505291005291 0.44246031746031744 0.5300925925925926 0.44816468253968256 0.5205026455026455 0.453125 0.513558201058201 0.4541170634920635 0.5056216931216931 0.45287698412698413 0.4947089947089947 0.4459325396825397 0.49007936507936506 0.43452380952380953 0.49107142857142855 0.42857142857142855 0.49503968253968256 0.4243551587301587 0.5052910052910053 0.41889880952380953 0.5132275132275133 0.4176587301587302
0 0.41534391534391535 0.4913194444444444 0.4322089947089947 0.49503968253968256 0.44047619047619047 0.5049603174603174 0.43882275132275134 0.515625 0.42923280423280424 0.5243055555555556 0.421957671957672 0.5270337301587301 0.40343915343915343 0.5225694444444444 0.39715608465608465 0.5178571428571429 0.3941798941798942 0.5121527777777778 0.3955026455026455 0.501984126984127 0.39914021164021163 0.4975198412698413 0.40773809523809523 0.49255952380952384 0.4150132275132275 0.4913194444444444
0 0.37136243386243384 0.5252976190476191 0.38425925925925924 0.5329861111111112 0.3878968253968254 0.5399305555555556 0.38756613756613756 0.5461309523809523 0.37665343915343913 0.5590277777777778 0.36144179894179895 0.5625 0.3498677248677249 0.560515873015873 0.3406084656084656 0.5543154761904762 0.33796296296296297 0.5483630952380952 0.3382936507936508 0.5391865079365079 0.3429232804232804 0.5329861111111112 0.35548941798941797 0.5260416666666666 0.37103174603174605 0.5252976190476191
0 0.414021164021164 0.4312996031746032 0.419973544973545 0.4322916666666667 0.42857142857142855 0.4375 0.43253968253968256 0.4427083333333333 0.4332010582010582 0.4494047619047619 0.4252645502645503 0.46378968253968256 0.4117063492063492 0.46924603174603174 0.4021164021164021 0.4677579365079365 0.39384920634920634 0.4632936507936508 0.38657407407407407 0.4556051587301587 0.38425925925925924 0.44568452380952384 0.39087301587301587 0.43452380952380953 0.3974867724867725 0.43179563492063494 0.41369047619047616 0.4312996031746032
0 0.44675925925925924 0.3794642857142857 0.460978835978836 0.38566468253968256 0.46825396825396826 0.3970734126984127 0.4642857142857143 0.4089781746031746 0.45601851851851855 0.4149305555555556 0.4513888888888889 0.4156746031746032 0.43353174603174605 0.4117063492063492 0.42757936507936506 0.40649801587301587 0.42394179894179895 0.39856150793650796 0.4246031746031746 0.3923611111111111 0.4322089947089947 0.3836805555555556 0.43882275132275134 0.3802083333333333 0.44642857142857145 0.3794642857142857
0 0.4041005291005291 0.39112103174603174 0.4183201058201058 0.3960813492063492 0.42592592592592593 0.4069940476190476 0.4252645502645503 0.41443452380952384 0.41865079365079366 0.421875 0.40476190476190477 0.4255952380952381 0.39715608465608465 0.4246031746031746 0.3878968253968254 0.41964285714285715 0.38227513227513227 0.4146825396825397 0.3802910052910053 0.4087301587301587 0.38492063492063494 0.3990575396825397 0.39186507936507936 0.39285714285714285 0.4037698412698413 0.39112103174603174
0 0.25165343915343913 0.4880952380952381 0.26157407407407407 0.49007936507936506 0.2681878306878307 0.49429563492063494 0.2724867724867725 0.5007440476190477 0.273478835978836 0.5089285714285714 0.26587301587301587 0.5205853174603174 0.2509920634920635 0.5250496031746031 0.2361111111111111 0.5228174603174603 0.22354497354497355 0.5128968253968254 0.2222222222222222 0.5071924603174603 0.22387566137566137 0.4982638888888889 0.2275132275132275 0.4945436507936508 0.24107142857142858 0.48908730158730157 0.25132275132275134 0.4880952380952381
0 0.3687169312169312 0.36433531746031744 0.38062169312169314 0.3655753968253968 0.38657407407407407 0.36830357142857145 0.39451058201058203 0.3821924603174603 0.3941798941798942 0.38740079365079366 0.3888888888888889 0.3948412698412698 0.3835978835978836 0.39831349206349204 0.37103174603174605 0.4017857142857143 0.3601190476190476 0.4007936507936508 0.3488756613756614 0.3940972222222222 0.3472222222222222 0.390625 0.3482142857142857 0.3794642857142857 0.35284391534391535 0.3722718253968254 0.3683862433862434 0.36433531746031744
0 0.3492063492063492 0.33209325396825395 0.3584656084656085 0.33407738095238093 0.36474867724867727 0.33779761904761907 0.3707010582010582 0.35119047619047616 0.36673280423280424 0.3638392857142857 0.35284391534391535 0.3712797619047619 0.3406084656084656 0.3705357142857143 0.33134920634920634 0.36706349206349204 0.32671957671957674 0.36235119047619047 0.3230820105820106 0.3521825396825397 0.32771164021164023 0.34077380952380953 0.33796296296296297 0.33382936507936506 0.3488756613756614 0.33209325396825395
0 0.3019179894179894 0.33903769841269843 0.310515873015873 0.34052579365079366 0.31845238095238093 0.34523809523809523 0.32341269841269843 0.35912698412698413 0.31812169312169314 0.3707837301587302 0.30423280423280424 0.37624007936507936 0.29298941798941797 0.37450396825396826 0.2833994708994709 0.37003968253968256 0.27843915343915343 0.36607142857142855 0.2748015873015873 0.35714285714285715 0.2757936507936508 0.3501984126984127 0.2810846560846561 0.34325396825396826 0.2896825396825397 0.3392857142857143 0.30158730158730157 0.33903769841269843
0 0.28869047619047616 0.3097718253968254 0.3062169312169312 0.31746031746031744 0.30952380952380953 0.32415674603174605 0.3091931216931217 0.33110119047619047 0.30357142857142855 0.33878968253968256 0.28273809523809523 0.34250992063492064 0.27314814814814814 0.3400297619047619 0.267526455026455 0.33581349206349204 0.26455026455026454 0.3239087301587302 0.26884920634920634 0.3159722222222222 0.2757936507936508 0.3107638888888889 0.28835978835978837 0.3097718253968254