0 0.33895502645502645 0.6832837301587301 0.3449074074074074 0.685515873015873 0.3521825396825397 0.6922123015873016 0.353505291005291 0.7041170634920635 0.3468915343915344 0.7135416666666666 0.33630952380952384 0.7175099206349206 0.3273809523809524 0.7170138888888888 0.3187830687830688 0.7135416666666666 0.31415343915343913 0.707093253968254 0.31283068783068785 0.6989087301587301 0.3177910052910053 0.6875 0.328042328042328 0.6832837301587301 0.3386243386243386 0.6832837301587301
0 0.5892857142857143 0.5128968253968254 0.5992063492063492 0.5178571428571429 0.6048280423280423 0.5295138888888888 0.5992063492063492 0.5414186507936508 0.5882936507936508 0.5466269841269841 0.578042328042328 0.5446428571428571 0.5677910052910053 0.5399305555555556 0.5641534391534392 0.5248015873015873 0.5724206349206349 0.5153769841269841 0.5810185185185185 0.5126488095238095 0.5889550264550265 0.5128968253968254
0 0.3568121693121693 0.5463789682539683 0.3627645502645503 0.5481150793650794 0.3707010582010582 0.5545634920634921 0.373015873015873 0.5617559523809523 0.37037037037037035 0.5706845238095238 0.36673280423280424 0.5744047619047619 0.3601190476190476 0.5791170634920635 0.35284391534391535 0.5803571428571429 0.3382936507936508 0.578125 0.3333333333333333 0.5724206349206349 0.3306878306878307 0.5627480158730159 0.3386243386243386 0.5491071428571429 0.3458994708994709 0.5463789682539683 0.35648148148148145 0.5463789682539683
0 0.23809523809523808 0.6346726190476191 0.25 0.636656746031746 0.25595238095238093 0.6401289682539683 0.2605820105820106 0.6470734126984127 0.2612433862433862 0.6550099206349206 0.24735449735449735 0.6691468253968254 0.23115079365079366 0.6716269841269841 0.22321428571428573 0.6691468253968254 0.2123015873015873 0.6619543650793651 0.2099867724867725 0.6512896825396826 0.21362433862433863 0.6440972222222222 0.21924603174603174 0.6396329365079365 0.23776455026455026 0.6346726190476191
0 0.48148148148148145 0.7093253968253969 0.4880952380952381 0.7100694444444444 0.49867724867724866 0.7165178571428571 0.5003306878306878 0.7284226190476191 0.4947089947089947 0.7388392857142857 0.4808201058201058 0.7445436507936508 0.47023809523809523 0.7437996031746031 0.4623015873015873 0.7398313492063492 0.4583333333333333 0.7346230158730159 0.4566798941798942 0.7256944444444444 0.4576719576719577 0.7202380952380952 0.4642857142857143 0.7130456349206349 0.48115079365079366 0.7093253968253969
0 0.2585978835978836 0.7681051587301587 0.27645502645502645 0.7770337301587301 0.2787698412698413 0.7829861111111112 0.2767857142857143 0.7906746031746031 0.2708333333333333 0.7986111111111112 0.2552910052910053 0.8050595238095238 0.24074074074074073 0.800843253968254 0.23644179894179895 0.7966269841269841 0.2347883597883598 0.7896825396825397 0.2404100529100529 0.7750496031746031 0.2490079365079365 0.7688492063492064 0.25826719576719576 0.7681051587301587
0 0.5525793650793651 0.37971230158730157 0.5598544973544973 0.38268849206349204 0.5641534391534392 0.38740079365079366 0.5671296296296297 0.3978174603174603 0.5578703703703703 0.40848214285714285 0.5446428571428571 0.4104662698412698 0.5343915343915344 0.408234126984127 0.5297619047619048 0.40476190476190477 0.5271164021164021 0.39012896825396826 0.5291005291005291 0.38566468253968256 0.5357142857142857 0.3812003968253968 0.5522486772486772 0.37971230158730157
0 0.3816137566137566 0.6832837301587301 0.3869047619047619 0.6840277777777778 0.3912037037037037 0.6872519841269841 0.3974867724867725 0.6954365079365079 0.39880952380952384 0.7021329365079365 0.39351851851851855 0.7132936507936508 0.38095238095238093 0.7182539682539683 0.37103174603174605 0.7175099206349206 0.35912698412698413 0.7132936507936508 0.3551587301587302 0.7065972222222222 0.3548280423280423 0.6959325396825397 0.3587962962962963 0.6892361111111112 0.36607142857142855 0.6845238095238095 0.3812830687830688 0.6832837301587301
0 0.5066137566137566 0.6160714285714286 0.5201719576719577 0.6259920634920635 0.5211640211640212 0.6371527777777778 0.5115740740740741 0.6465773809523809 0.49834656084656087 0.6520337301587301 0.49074074074074076 0.6512896825396826 0.48048941798941797 0.6465773809523809 0.4748677248677249 0.6371527777777778 0.4748677248677249 0.6302083333333334 0.48048941798941797 0.6225198412698413 0.4877645502645503 0.6180555555555556 0.49404761904761907 0.6160714285714286 0.5062830687830688 0.6160714285714286
0 0.529431216931217 0.6599702380952381 0.541005291005291 0.6612103174603174 0.5496031746031746 0.6649305555555556 0.5548941798941799 0.6773313492063492 0.5509259259259259 0.6902281746031746 0.5466269841269841 0.6932043650793651 0.531084656084656 0.6951884920634921 0.5205026455026455 0.6927083333333334 0.5112433862433863 0.6860119047619048 0.5085978835978836 0.6753472222222222 0.5102513227513228 0.6671626984126984 0.515542328042328 0.6631944444444444 0.5291005291005291 0.660218253968254
0 0.4685846560846561 0.40401785714285715 0.4775132275132275 0.4072420634920635 0.4834656084656085 0.41865079365079366 0.4771825396825397 0.4320436507936508 0.4646164021164021 0.43625992063492064 0.44642857142857145 0.4332837301587302 0.4398148148148148 0.4253472222222222 0.4384920634920635 0.4181547619047619 0.44146825396825395 0.4114583333333333 0.44742063492063494 0.4072420634920635 0.45634920634920634 0.404265873015873 0.46825396825396826 0.40401785714285715
0 0.49603174603174605 0.5746527777777778 0.5102513227513228 0.5808531746031746 0.5142195767195767 0.5932539682539683 0.5082671957671958 0.6034226190476191 0.49173280423280424 0.6081349206349206 0.4808201058201058 0.6061507936507936 0.47619047619047616 0.6031746031746031 0.47156084656084657 0.5882936507936508 0.4791666666666667 0.578125 0.4957010582010582 0.5746527777777778
0 0.6064814814814815 0.4382440476190476 0.6200396825396826 0.44518849206349204 0.6233465608465608 0.4568452380952381 0.6197089947089947 0.4642857142857143 0.6061507936507936 0.46999007936507936 0.5925925925925926 0.4680059523809524 0.5830026455026455 0.45362103174603174 0.5909391534391535 0.44221230158730157 0.5982142857142857 0.43874007936507936 0.6061507936507936 0.4382440476190476
0 0.3826058201058201 0.6428571428571429 0.3948412698412698 0.6483134920634921 0.4021164021164021 0.6604662698412699 0.39814814814814814 0.675843253968254 0.38525132275132273 0.6840277777777778 0.3716931216931217 0.6832837301587301 0.3664021164021164 0.6810515873015873 0.3587962962962963 0.6748511904761905 0.3558201058201058 0.6684027777777778 0.3578042328042328 0.6584821428571429 0.36904761904761907 0.6465773809523809 0.373015873015873 0.6431051587301587 0.38227513227513227 0.6428571428571429
0 0.5714285714285714 0.6421130952380952 0.5869708994708994 0.6495535714285714 0.5902777777777778 0.6594742063492064 0.5896164021164021 0.6651785714285714 0.5849867724867724 0.6716269841269841 0.5717592592592593 0.675843253968254 0.5558862433862434 0.6726190476190477 0.5466269841269841 0.6584821428571429 0.548941798941799 0.6510416666666666 0.5539021164021164 0.6465773809523809 0.5710978835978836 0.6421130952380952
0 0.33465608465608465 0.7470238095238095 0.3455687830687831 0.7537202380952381 0.3472222222222222 0.7621527777777778 0.34226190476190477 0.7757936507936508 0.33630952380952384 0.7797619047619048 0.328042328042328 0.7814980158730159 0.31812169312169314 0.7797619047619048 0.310515873015873 0.7757936507936508 0.3058862433862434 0.7690972222222222 0.3062169312169312 0.7648809523809523 0.30886243386243384 0.7549603174603174 0.31415343915343913 0.7497519841269841 0.3247354497354497 0.746031746031746 0.3343253968253968 0.7470238095238095
0 0.5730820105820106 0.45337301587301587 0.5813492063492064 0.455109126984127 0.5856481481481481 0.45907738095238093 0.5906084656084656 0.466765873015873 0.5906084656084656 0.47098214285714285 0.5889550264550265 0.4774305555555556 0.582010582010582 0.48462301587301587 0.5691137566137566 0.4888392857142857 0.558531746031746 0.4878472222222222 0.5499338624338624 0.4833829365079365 0.5456349206349206 0.47767857142857145 0.5443121693121693 0.4694940476190476 0.5466269841269841 0.4615575396825397 0.5539021164021164 0.4556051587301587 0.5727513227513228 0.45337301587301587
0 0.2771164021164021 0.6552579365079365 0.2847222222222222 0.6577380952380952 0.291005291005291 0.6631944444444444 0.2933201058201058 0.6753472222222222 0.28703703703703703 0.6857638888888888 0.2794312169312169 0.6892361111111112 0.2698412698412698 0.6904761904761905 0.2605820105820106 0.6897321428571429 0.25132275132275134 0.6842757936507936 0.24834656084656084 0.6785714285714286 0.2490079365079365 0.6696428571428571 0.2619047619047619 0.6577380952380952 0.2767857142857143 0.6552579365079365
0 0.3191137566137566 0.5617559523809523 0.3290343915343915 0.5667162698412699 0.3323412698412698 0.5758928571428571 0.3230820105820106 0.5930059523809523 0.314484126984127 0.5949900793650794 0.30324074074074076 0.5932539682539683 0.2959656084656085 0.5880456349206349 0.2926587301587302 0.5746527777777778 0.2962962962962963 0.5677083333333334 0.30158730158730157 0.5639880952380952 0.3187830687830688 0.5617559523809523
0 0.560515873015873 0.3420138888888889 0.5714285714285714 0.34970238095238093 0.5750661375661376 0.35987103174603174 0.5687830687830688 0.3705357142857143 0.5601851851851852 0.3742559523809524 0.542989417989418 0.3725198412698413 0.5357142857142857 0.36755952380952384 0.5317460317460317 0.3601190476190476 0.5327380952380952 0.35342261904761907 0.5396825396825397 0.345734126984127 0.5502645502645502 0.34250992063492064 0.5601851851851852 0.3420138888888889
0 0.2698412698412698 0.5071924603174603 0.28406084656084657 0.5148809523809523 0.28604497354497355 0.5223214285714286 0.2833994708994709 0.529265873015873 0.2791005291005291 0.5329861111111112 0.2622354497354497 0.5384424603174603 0.25165343915343913 0.5369543650793651 0.24636243386243387 0.5334821428571429 0.2414021164021164 0.5198412698412699 0.2509920634920635 0.5084325396825397 0.26951058201058203 0.5071924603174603
0 0.4689153439153439 0.48660714285714285 0.4775132275132275 0.4895833333333333 0.48214285714285715 0.4935515873015873 0.48578042328042326 0.5059523809523809 0.4808201058201058 0.5133928571428571 0.4679232804232804 0.5181051587301587 0.4513888888888889 0.5146329365079365 0.44312169312169314 0.5012400793650794 0.45271164021164023 0.48908730158730157 0.45965608465608465 0.48660714285714285 0.4685846560846561 0.48660714285714285
0 0.2906746031746032 0.7398313492063492 0.30423280423280424 0.748015873015873 0.3072089947089947 0.7522321428571429 0.3072089947089947 0.7589285714285714 0.3048941798941799 0.7661210317460317 0.29794973544973546 0.7730654761904762 0.2896825396825397 0.7767857142857143 0.27976190476190477 0.7782738095238095 0.2665343915343915 0.7738095238095238 0.26025132275132273 0.7688492063492064 0.25826719576719576 0.7552083333333334 0.26322751322751325 0.7477678571428571 0.2718253968253968 0.7423115079365079 0.2830687830687831 0.7390873015873016 0.29034391534391535 0.7398313492063492
0 0.38855820105820105 0.45262896825396826 0.4027777777777778 0.45982142857142855 0.4060846560846561 0.4704861111111111 0.396494708994709 0.4809027777777778 0.3869047619047619 0.4833829365079365 0.37037037037037035 0.47941468253968256 0.36574074074074076 0.47371031746031744 0.36507936507936506 0.4680059523809524 0.3680555555555556 0.4600694444444444 0.37334656084656087 0.4548611111111111 0.38822751322751325 0.45262896825396826
0 0.24503968253968253 0.6825396825396826 0.2619047619047619 0.6919642857142857 0.26256613756613756 0.7021329365079365 0.2552910052910053 0.7125496031746031 0.24239417989417988 0.7177579365079365 0.23346560846560846 0.7175099206349206 0.226521164021164 0.7140376984126984 0.21924603174603174 0.6994047619047619 0.2218915343915344 0.6924603174603174 0.23082010582010581 0.6847718253968254 0.2447089947089947 0.6825396825396826
0 0.3419312169312169 0.46651785714285715 0.3531746031746032 0.47023809523809523 0.3611111111111111 0.4771825396825397 0.36243386243386244 0.484375 0.35648148148148145 0.4962797619047619 0.3419312169312169 0.5002480158730159 0.32936507936507936 0.4957837301587302 0.32242063492063494 0.48933531746031744 0.3220899470899471 0.4806547619047619 0.32605820105820105 0.4732142857142857 0.3306878306878307 0.4697420634920635 0.3416005291005291 0.466765873015873
0 0.19973544973544974 0.6946924603174603 0.21031746031746032 0.6971726190476191 0.21792328042328044 0.7023809523809523 0.22123015873015872 0.7170138888888888 0.210978835978836 0.7274305555555556 0.19940476190476192 0.7299107142857143 0.18915343915343916 0.7289186507936508 0.1818783068783069 0.7254464285714286 0.17526455026455026 0.7135416666666666 0.17691798941798942 0.7061011904761905 0.18353174603174602 0.6996527777777778 0.19212962962962962 0.6946924603174603 0.19940476190476192 0.6946924603174603
0 0.49603174603174605 0.6676587301587301 0.5059523809523809 0.6721230158730159 0.5112433862433863 0.6887400793650794 0.5066137566137566 0.6966765873015873 0.4947089947089947 0.7018849206349206 0.4837962962962963 0.7008928571428571 0.4748677248677249 0.6971726190476191 0.47023809523809523 0.6917162698412699 0.4685846560846561 0.6830357142857143 0.47023809523809523 0.6770833333333334 0.4771825396825397 0.669890873015873 0.4871031746031746 0.6674107142857143 0.4957010582010582 0.6676587301587301
0 0.35813492063492064 0.6212797619047619 0.36607142857142855 0.623015873015873 0.3697089947089947 0.6259920634920635 0.3740079365079365 0.6356646825396826 0.3697089947089947 0.6450892857142857 0.35912698412698413 0.6517857142857143 0.3419312169312169 0.6510416666666666 0.3349867724867725 0.6478174603174603 0.33035714285714285 0.6403769841269841 0.33134920634920634 0.6316964285714286 0.33664021164021163 0.6245039682539683 0.34854497354497355 0.621031746031746 0.3578042328042328 0.6212797619047619
0 0.23313492063492064 0.5500992063492064 0.24537037037037038 0.5562996031746031 0.2490079365079365 0.5662202380952381 0.24537037037037038 0.5731646825396826 0.23941798941798942 0.5778769841269841 0.22718253968253968 0.5815972222222222 0.2175925925925926 0.5798611111111112 0.21296296296296297 0.5768849206349206 0.2080026455026455 0.5706845238095238 0.20667989417989419 0.5639880952380952 0.2156084656084656 0.5533234126984127 0.2328042328042328 0.5500992063492064
0 0.3402777777777778 0.5935019841269841 0.3455687830687831 0.5944940476190477 0.3531746031746032 0.5999503968253969 0.35648148148148145 0.6098710317460317 0.3488756613756614 0.621031746031746 0.3353174603174603 0.6252480158730159 0.3263888888888889 0.6235119047619048 0.3194444444444444 0.6195436507936508 0.3148148148148148 0.6125992063492064 0.31382275132275134 0.6059027777777778 0.32407407407407407 0.5947420634920635 0.33994708994708994 0.5935019841269841
0 0.1832010582010582 0.7259424603174603 0.19444444444444445 0.7341269841269841 0.19543650793650794 0.7447916666666666 0.1884920634920635 0.7549603174603174 0.17625661375661375 0.7609126984126984 0.1650132275132275 0.7594246031746031 0.1574074074074074 0.7554563492063492 0.1527777777777778 0.7487599206349206 0.1531084656084656 0.7380952380952381 0.15707671957671956 0.7306547619047619 0.1626984126984127 0.7274305555555556 0.17394179894179895 0.7249503968253969 0.18287037037037038 0.7259424603174603
0 0.41005291005291006 0.5399305555555556 0.42228835978835977 0.544890873015873 0.4262566137566138 0.5575396825396826 0.4176587301587302 0.5674603174603174 0.4064153439153439 0.5709325396825397 0.3978174603174603 0.5709325396825397 0.38921957671957674 0.5679563492063492 0.3835978835978836 0.5602678571428571 0.38326719576719576 0.5538194444444444 0.390542328042328 0.5431547619047619 0.3998015873015873 0.5396825396825397 0.4097222222222222 0.5399305555555556
0 0.3029100529100529 0.4781746031746032 0.31382275132275134 0.47966269841269843 0.32275132275132273 0.49007936507936506 0.3210978835978836 0.4965277777777778 0.3039021164021164 0.5091765873015873 0.28604497354497355 0.5059523809523809 0.27843915343915343 0.4990079365079365 0.2794312169312169 0.48908730158730157 0.28273809523809523 0.4836309523809524 0.2926587301587302 0.47842261904761907 0.30257936507936506 0.4781746031746032
0 0.5651455026455027 0.5674603174603174 0.5830026455026455 0.5711805555555556 0.5909391534391535 0.5811011904761905 0.5889550264550265 0.5932539682539683 0.5757275132275133 0.6001984126984127 0.5562169312169312 0.5954861111111112 0.5472883597883598 0.5885416666666666 0.548941798941799 0.5744047619047619 0.5568783068783069 0.5694444444444444 0.5648148148148148 0.5674603174603174
0 0.2761243386243386 0.5701884920634921 0.29133597883597884 0.5746527777777778 0.294973544973545 0.5855654761904762 0.2943121693121693 0.5925099206349206 0.2896825396825397 0.5997023809523809 0.2830687830687831 0.6039186507936508 0.27645502645502645 0.6051587301587301 0.25793650793650796 0.6006944444444444 0.25132275132275134 0.5947420634920635 0.24768518518518517 0.5855654761904762 0.25066137566137564 0.5786210317460317 0.25925925925925924 0.5729166666666666 0.2757936507936508 0.5701884920634921
0 0.21164021164021163 0.6641865079365079 0.22685185185185186 0.6721230158730159 0.2294973544973545 0.6785714285714286 0.22817460317460317 0.6860119047619048 0.2199074074074074 0.6944444444444444 0.21362433862433863 0.6964285714285714 0.1927910052910053 0.6927083333333334 0.18915343915343916 0.6860119047619048 0.19378306878306878 0.6708829365079365 0.19973544973544974 0.6661706349206349 0.2113095238095238 0.6641865079365079
0 0.1736111111111111 0.6636904761904762 0.18783068783068782 0.6674107142857143 0.19212962962962962 0.6716269841269841 0.1917989417989418 0.675843253968254 0.18716931216931218 0.6892361111111112 0.17923280423280424 0.6929563492063492 0.16666666666666666 0.6949404761904762 0.15773809523809523 0.6946924603174603 0.15244708994708994 0.6922123015873016 0.14682539682539683 0.6798115079365079 0.15707671957671956 0.6676587301587301 0.16534391534391535 0.6641865079365079 0.17328042328042328 0.6636904761904762
0 0.3773148148148148 0.7194940476190477 0.390542328042328 0.7259424603174603 0.39384920634920634 0.7375992063492064 0.38756613756613756 0.7492559523809523 0.3716931216931217 0.7549603174603174 0.3551587301587302 0.7509920634920635 0.34953703703703703 0.7445436507936508 0.3482142857142857 0.7366071428571429 0.35185185185185186 0.7301587301587301 0.3611111111111111 0.7224702380952381 0.36904761904761907 0.7192460317460317 0.376984126984127 0.7194940476190477
0 0.328042328042328 0.4962797619047619 0.3425925925925926 0.5014880952380952 0.34854497354497355 0.5119047619047619 0.3425925925925926 0.5238095238095238 0.3290343915343915 0.5285218253968254 0.3177910052910053 0.5267857142857143 0.31117724867724866 0.5230654761904762 0.30687830687830686 0.5188492063492064 0.30522486772486773 0.5124007936507936 0.31117724867724866 0.5034722222222222 0.32142857142857145 0.4975198412698413 0.32771164021164023 0.4962797619047619
0 0.37632275132275134 0.5796130952380952 0.390542328042328 0.5845734126984127 0.3955026455026455 0.5942460317460317 0.3941798941798942 0.6014384920634921 0.390542328042328 0.6056547619047619 0.37665343915343913 0.6108630952380952 0.36574074074074076 0.609375 0.357473544973545 0.6034226190476191 0.3541666666666667 0.597718253968254 0.3548280423280423 0.5910218253968254 0.3601190476190476 0.5845734126984127 0.36673280423280424 0.5808531746031746 0.3759920634920635 0.5796130952380952
0 0.6339285714285714 0.48586309523809523 0.6461640211640212 0.4915674603174603 0.6488095238095238 0.4982638888888889 0.6438492063492064 0.5101686507936508 0.6306216931216931 0.5163690476190477 0.6127645502645502 0.5131448412698413 0.6078042328042328 0.5086805555555556 0.6058201058201058 0.5009920634920635 0.6087962962962963 0.4915674603174603 0.6134259259259259 0.48735119047619047 0.6335978835978836 0.48586309523809523
0 0.6025132275132276 0.39657738095238093 0.6147486772486772 0.4037698412698413 0.6183862433862434 0.4166666666666667 0.6107804232804233 0.4260912698412698 0.6005291005291006 0.42981150793650796 0.5922619047619048 0.4288194444444444 0.580026455026455 0.42311507936507936 0.5767195767195767 0.4146825396825397 0.5777116402116402 0.4079861111111111 0.5853174603174603 0.3993055555555556 0.6021825396825397 0.39657738095238093
0 0.3220899470899471 0.6507936507936508 0.33564814814814814 0.6560019841269841 0.3406084656084656 0.6656746031746031 0.3386243386243386 0.6736111111111112 0.3316798941798942 0.6815476190476191 0.31812169312169314 0.6865079365079365 0.3082010582010582 0.685515873015873 0.294973544973545 0.6785714285714286 0.2933201058201058 0.6664186507936508 0.29662698412698413 0.6592261904761905 0.30357142857142855 0.654265873015873 0.32175925925925924 0.6507936507936508
0 0.30853174603174605 0.4489087301587302 0.32175925925925924 0.45287698412698413 0.32671957671957674 0.4625496031746032 0.3220899470899471 0.4739583333333333 0.31216931216931215 0.4781746031746032 0.29133597883597884 0.4751984126984127 0.28406084656084657 0.46403769841269843 0.2857142857142857 0.4568452380952381 0.2900132275132275 0.45262896825396826 0.2976190476190476 0.4494047619047619 0.3082010582010582 0.4489087301587302
0 0.5965608465608465 0.3665674603174603 0.605489417989418 0.36929563492063494 0.6107804232804233 0.3732638888888889 0.6134259259259259 0.3821924603174603 0.605489417989418 0.3950892857142857 0.5896164021164021 0.3975694444444444 0.5770502645502645 0.39360119047619047 0.5724206349206349 0.38740079365079366 0.5714285714285714 0.3792162698412698 0.5740740740740741 0.373015873015873 0.5803571428571429 0.36830357142857145 0.5962301587301587 0.3665674603174603
0 0.6689814814814815 0.4164186507936508 0.6841931216931217 0.42212301587301587 0.6878306878306878 0.4322916666666667 0.6851851851851852 0.43874007936507936 0.6792328042328042 0.44419642857142855 0.6653439153439153 0.4476686507936508 0.6583994708994709 0.44717261904761907 0.6504629629629629 0.4427083333333333 0.646494708994709 0.435515873015873 0.6461640211640212 0.4283234126984127 0.6537698412698413 0.419890873015873 0.6686507936507936 0.4164186507936508
0 0.5261243386243386 0.5171130952380952 0.5373677248677249 0.5223214285714286 0.5413359788359788 0.5295138888888888 0.5367063492063492 0.5401785714285714 0.5248015873015873 0.5443948412698413 0.5158730158730159 0.5434027777777778 0.5085978835978836 0.5396825396825397 0.5049603174603174 0.5285218253968254 0.5122354497354498 0.5200892857142857 0.5257936507936508 0.5171130952380952
0 0.5092592592592593 0.3740079365079365 0.5185185185185185 0.37996031746031744 0.5221560846560847 0.3913690476190476 0.5165343915343915 0.4017857142857143 0.5062830687830688 0.4069940476190476 0.4990079365079365 0.40674603174603174 0.4877645502645503 0.4025297619047619 0.4828042328042328 0.3975694444444444 0.4801587301587302 0.39037698412698413 0.4877645502645503 0.3767361111111111 0.4990079365079365 0.3732638888888889 0.5089285714285714 0.3740079365079365
0 0.4332010582010582 0.4982638888888889 0.4427910052910053 0.5014880952380952 0.45006613756613756 0.5119047619047619 0.4497354497354497 0.515625 0.44212962962962965 0.5265376984126984 0.42857142857142855 0.5310019841269841 0.4212962962962963 0.5302579365079365 0.41335978835978837 0.5262896825396826 0.4097222222222222 0.5183531746031746 0.4166666666666667 0.5044642857142857 0.42493386243386244 0.49975198412698413 0.43287037037037035 0.4982638888888889
0 0.21362433862433863 0.595734126984127 0.2294973544973545 0.6016865079365079 0.2318121693121693 0.6098710317460317 0.22718253968253968 0.6192956349206349 0.21064814814814814 0.6267361111111112 0.19411375661375663 0.6225198412698413 0.18915343915343916 0.6155753968253969 0.1884920634920635 0.609375 0.19543650793650794 0.5984623015873016 0.21329365079365079 0.595734126984127
0 0.5575396825396826 0.4193948412698413 0.5674603174603174 0.4290674603174603 0.5681216931216931 0.4392361111111111 0.564484126984127 0.4459325396825397 0.5515873015873016 0.4523809523809524 0.5400132275132276 0.45089285714285715 0.5304232804232805 0.44568452380952384 0.5271164021164021 0.43973214285714285 0.5271164021164021 0.43278769841269843 0.5291005291005291 0.4280753968253968 0.5363756613756614 0.421875 0.5572089947089947 0.4193948412698413
0 0.20105820105820105 0.6946924603174603 0.21362433862433863 0.6989087301587301 0.21858465608465608 0.7028769841269841 0.22156084656084657 0.7103174603174603 0.21825396825396826 0.7219742063492064 0.210978835978836 0.7274305555555556 0.20105820105820105 0.7296626984126984 0.1917989417989418 0.7294146825396826 0.1818783068783069 0.7251984126984127 0.17559523809523808 0.7145337301587301 0.17691798941798942 0.7063492063492064 0.18386243386243387 0.6994047619047619 0.1927910052910053 0.6944444444444444 0.20072751322751323 0.6946924603174603
0 0.27215608465608465 0.5399305555555556 0.2863756613756614 0.5463789682539683 0.289021164021164 0.5570436507936508 0.2794312169312169 0.5687003968253969 0.26256613756613756 0.5706845238095238 0.25033068783068785 0.5649801587301587 0.24768518518518517 0.5510912698412699 0.2562830687830688 0.5431547619047619 0.2718253968253968 0.5399305555555556
0 0.4441137566137566 0.6361607142857143 0.45601851851851855 0.6443452380952381 0.458994708994709 0.6557539682539683 0.45337301587301587 0.6644345238095238 0.44212962962962965 0.6686507936507936 0.4322089947089947 0.6681547619047619 0.4183201058201058 0.6619543650793651 0.41534391534391535 0.6507936507936508 0.4176587301587302 0.6431051587301587 0.4255952380952381 0.6369047619047619 0.4437830687830688 0.6361607142857143
0 0.3978174603174603 0.6121031746031746 0.41104497354497355 0.6158234126984127 0.41865079365079366 0.6259920634920635 0.41865079365079366 0.6341765873015873 0.4156746031746032 0.6403769841269841 0.4074074074074074 0.644593253968254 0.39880952380952384 0.6458333333333334 0.39186507936507936 0.6455853174603174 0.38062169312169314 0.6413690476190477 0.37566137566137564 0.6341765873015873 0.37632275132275134 0.6264880952380952 0.3802910052910053 0.6195436507936508 0.39021164021164023 0.613343253968254 0.3974867724867725 0.6121031746031746
0 0.2777777777777778 0.8020833333333334 0.28505291005291006 0.8035714285714286 0.29034391534391535 0.8077876984126984 0.29365079365079366 0.8149801587301587 0.2933201058201058 0.8231646825396826 0.28273809523809523 0.8348214285714286 0.26951058201058203 0.8370535714285714 0.25363756613756616 0.8313492063492064 0.24801587301587302 0.8246527777777778 0.24636243386243387 0.8167162698412699 0.25396825396825395 0.8058035714285714 0.26785714285714285 0.8015873015873016 0.27744708994708994 0.8020833333333334