0 0.6623677248677249 0.5052083333333334 0.6726190476190477 0.5089285714285714 0.6798941798941799 0.5190972222222222 0.6746031746031746 0.5295138888888888 0.6620370370370371 0.5359623015873016 0.6458333333333334 0.533234126984127 0.640542328042328 0.529265873015873 0.6378968253968254 0.5230654761904762 0.6388888888888888 0.5153769841269841 0.6458333333333334 0.5079365079365079 0.6547619047619048 0.5049603174603174 0.6620370370370371 0.5052083333333334
0 0.3941798941798942 0.4444444444444444 0.4060846560846561 0.4496527777777778 0.4126984126984127 0.4600694444444444 0.4087301587301587 0.46999007936507936 0.4041005291005291 0.4732142857142857 0.39451058201058203 0.47544642857142855 0.3792989417989418 0.4739583333333333 0.36937830687830686 0.46403769841269843 0.3697089947089947 0.4558531746031746 0.37466931216931215 0.4494047619047619 0.3826058201058201 0.44568452380952384 0.39384920634920634 0.4444444444444444
0 0.5853174603174603 0.4779265873015873 0.6011904761904762 0.48412698412698413 0.6061507936507936 0.49330357142857145 0.6028439153439153 0.5027281746031746 0.5882936507936508 0.5094246031746031 0.5777116402116402 0.5086805555555556 0.5710978835978836 0.5057043650793651 0.5641534391534392 0.4935515873015873 0.5697751322751323 0.48387896825396826 0.5753968253968254 0.4799107142857143 0.5849867724867724 0.4779265873015873
0 0.3115079365079365 0.5471230158730159 0.3220899470899471 0.5493551587301587 0.330026455026455 0.560515873015873 0.32936507936507936 0.5672123015873016 0.32572751322751325 0.5719246031746031 0.32142857142857145 0.5758928571428571 0.3134920634920635 0.5783730158730159 0.30357142857142855 0.578125 0.29563492063492064 0.5753968253968254 0.2880291005291005 0.5607638888888888 0.28869047619047616 0.5560515873015873 0.29298941798941797 0.5515873015873016 0.30158730158730157 0.5481150793650794 0.31117724867724866 0.5471230158730159
0 0.5271164021164021 0.4156746031746032 0.5433201058201058 0.4184027777777778 0.548941798941799 0.42509920634920634 0.5476190476190477 0.43601190476190477 0.5396825396825397 0.44146825396825395 0.5340608465608465 0.4427083333333333 0.5181878306878307 0.44047619047619047 0.5102513227513228 0.4288194444444444 0.5119047619047619 0.42162698412698413 0.515542328042328 0.4184027777777778 0.5267857142857143 0.4156746031746032
0 0.5929232804232805 0.5528273809523809 0.5985449735449735 0.5540674603174603 0.6064814814814815 0.5595238095238095 0.611441798941799 0.5674603174603174 0.6101190476190477 0.5788690476190477 0.5995370370370371 0.5865575396825397 0.578042328042328 0.5845734126984127 0.5710978835978836 0.5791170634920635 0.5674603174603174 0.5716765873015873 0.5691137566137566 0.5637400793650794 0.5744047619047619 0.5582837301587301 0.5816798941798942 0.5538194444444444 0.5925925925925926 0.5528273809523809
0 0.5949074074074074 0.5860615079365079 0.6061507936507936 0.5947420634920635 0.6097883597883598 0.6066468253968254 0.6021825396825397 0.6183035714285714 0.5889550264550265 0.6220238095238095 0.5813492063492064 0.6212797619047619 0.5691137566137566 0.6160714285714286 0.5625 0.6091269841269841 0.5618386243386243 0.6021825396825397 0.5651455026455027 0.5952380952380952 0.5744047619047619 0.5875496031746031 0.5843253968253969 0.5850694444444444 0.5945767195767195 0.5860615079365079
0 0.439484126984127 0.35714285714285715 0.45105820105820105 0.3628472222222222 0.458994708994709 0.37648809523809523 0.45634920634920634 0.3836805555555556 0.4427910052910053 0.38938492063492064 0.42162698412698413 0.3854166666666667 0.416005291005291 0.3794642857142857 0.4126984126984127 0.3705357142857143 0.41435185185185186 0.36433531746031744 0.4203042328042328 0.35912698412698413 0.43022486772486773 0.3566468253968254 0.43915343915343913 0.35714285714285715
0 0.4794973544973545 0.4618055555555556 0.4937169312169312 0.4670138888888889 0.49933862433862436 0.4771825396825397 0.49537037037037035 0.4853670634920635 0.4877645502645503 0.49007936507936506 0.4771825396825397 0.49231150793650796 0.46924603174603174 0.4915674603174603 0.4632936507936508 0.4885912698412698 0.4576719576719577 0.48139880952380953 0.45701058201058203 0.4759424603174603 0.4632936507936508 0.4642857142857143 0.4791666666666667 0.4618055555555556
0 0.484457671957672 0.38268849206349204 0.49437830687830686 0.3836805555555556 0.5026455026455027 0.3923611111111111 0.5046296296296297 0.4007936507936508 0.5003306878306878 0.408234126984127 0.49107142857142855 0.41393849206349204 0.482473544973545 0.4149305555555556 0.47354497354497355 0.4117063492063492 0.46593915343915343 0.40476190476190477 0.4652777777777778 0.39657738095238093 0.4685846560846561 0.3898809523809524 0.4732142857142857 0.3861607142857143 0.48412698412698413 0.38293650793650796
0 0.5548941798941799 0.49330357142857145 0.5651455026455027 0.498015873015873 0.5687830687830688 0.5091765873015873 0.5625 0.5188492063492064 0.5505952380952381 0.5228174603174603 0.5436507936507936 0.5225694444444444 0.53505291005291 0.5188492063492064 0.531415343915344 0.5151289682539683 0.529431216931217 0.5054563492063492 0.5363756613756614 0.49603174603174605 0.5545634920634921 0.49330357142857145
0 0.5714285714285714 0.44568452380952384 0.5810185185185185 0.4521329365079365 0.5833333333333334 0.4632936507936508 0.5767195767195767 0.470734126984127 0.5661375661375662 0.4742063492063492 0.5502645502645502 0.4704861111111111 0.544973544973545 0.46552579365079366 0.5436507936507936 0.4595734126984127 0.5499338624338624 0.44915674603174605 0.5591931216931217 0.44543650793650796 0.5710978835978836 0.44568452380952384
0 0.28604497354497355 0.49875992063492064 0.2959656084656085 0.5017361111111112 0.30357142857142855 0.5111607142857143 0.30224867724867727 0.5188492063492064 0.28604497354497355 0.5295138888888888 0.2708333333333333 0.527281746031746 0.26455026455026454 0.5233134920634921 0.25992063492063494 0.5153769841269841 0.2605820105820106 0.511656746031746 0.27215608465608465 0.5007440476190477 0.2857142857142857 0.49875992063492064
0 0.4957010582010582 0.4255952380952381 0.5085978835978836 0.42981150793650796 0.515542328042328 0.43874007936507936 0.5102513227513228 0.45014880952380953 0.49933862433862436 0.45461309523809523 0.49107142857142855 0.4538690476190476 0.48412698412698413 0.4506448412698413 0.4771825396825397 0.4417162698412698 0.4801587301587302 0.43080357142857145 0.4877645502645503 0.42658730158730157 0.49537037037037035 0.4255952380952381
0 0.5406746031746031 0.5262896825396826 0.5512566137566137 0.5327380952380952 0.5548941798941799 0.5441468253968254 0.5486111111111112 0.5535714285714286 0.5376984126984127 0.5575396825396826 0.529431216931217 0.5567956349206349 0.5191798941798942 0.5520833333333334 0.5152116402116402 0.546875 0.5148809523809523 0.5419146825396826 0.5171957671957672 0.533234126984127 0.5221560846560847 0.5290178571428571 0.529431216931217 0.5257936507936508 0.5403439153439153 0.5262896825396826
0 0.5092592592592593 0.5523313492063492 0.5228174603174603 0.5582837301587301 0.5264550264550265 0.5682043650793651 0.5205026455026455 0.5778769841269841 0.5089285714285714 0.5823412698412699 0.498015873015873 0.5813492063492064 0.4914021164021164 0.578125 0.4837962962962963 0.566468253968254 0.4851190476190476 0.560515873015873 0.4947089947089947 0.5533234126984127 0.5089285714285714 0.5523313492063492
0 0.4027777777777778 0.5384424603174603 0.4146825396825397 0.5483630952380952 0.41534391534391535 0.5577876984126984 0.4080687830687831 0.5667162698412699 0.3941798941798942 0.5706845238095238 0.38326719576719576 0.5684523809523809 0.37797619047619047 0.564484126984127 0.37367724867724866 0.5570436507936508 0.37367724867724866 0.550843253968254 0.37632275132275134 0.5456349206349206 0.3855820105820106 0.5391865079365079 0.40244708994708994 0.5384424603174603
0 0.7447089947089947 0.5476190476190477 0.7516534391534392 0.5493551587301587 0.7585978835978836 0.5545634920634921 0.7609126984126984 0.5634920634920635 0.7552910052910053 0.574156746031746 0.7440476190476191 0.5786210317460317 0.7334656084656085 0.578125 0.7248677248677249 0.5744047619047619 0.7192460317460317 0.5691964285714286 0.7172619047619048 0.5634920634920635 0.7232142857142857 0.5515873015873016 0.7443783068783069 0.5476190476190477
0 0.2612433862433862 0.5250496031746031 0.273478835978836 0.5319940476190477 0.27645502645502645 0.5396825396825397 0.26884920634920634 0.5498511904761905 0.25562169312169314 0.5535714285714286 0.24107142857142858 0.5520833333333334 0.23412698412698413 0.5456349206349206 0.2328042328042328 0.5396825396825397 0.23743386243386244 0.53125 0.2447089947089947 0.5265376984126984 0.25132275132275134 0.5245535714285714 0.26091269841269843 0.5250496031746031
0 0.3115079365079365 0.40649801587301587 0.32175925925925924 0.4117063492063492 0.32671957671957674 0.4181547619047619 0.3220899470899471 0.43154761904761907 0.31216931216931215 0.4367559523809524 0.2962962962962963 0.43427579365079366 0.29034391534391535 0.4283234126984127 0.2873677248677249 0.42063492063492064 0.28935185185185186 0.41418650793650796 0.29662698412698413 0.4087301587301587 0.30456349206349204 0.40575396825396826 0.31117724867724866 0.40649801587301587
0 0.49173280423280424 0.5131448412698413 0.5016534391534392 0.5188492063492064 0.503968253968254 0.529265873015873 0.49867724867724866 0.5391865079365079 0.48478835978835977 0.5436507936507936 0.476521164021164 0.5421626984126984 0.4669312169312169 0.5362103174603174 0.4632936507936508 0.5255456349206349 0.4652777777777778 0.5205853174603174 0.4718915343915344 0.515625 0.4808201058201058 0.5131448412698413 0.4914021164021164 0.5131448412698413
0 0.31117724867724866 0.5173611111111112 0.3244047619047619 0.5208333333333334 0.33134920634920634 0.5310019841269841 0.32837301587301587 0.5409226190476191 0.3148148148148148 0.5463789682539683 0.29828042328042326 0.5438988095238095 0.2923280423280423 0.5401785714285714 0.2896825396825397 0.5339781746031746 0.29298941798941797 0.5243055555555556 0.3029100529100529 0.5181051587301587 0.31084656084656087 0.5173611111111112
0 0.396494708994709 0.5059523809523809 0.4041005291005291 0.5074404761904762 0.4103835978835979 0.5121527777777778 0.4150132275132275 0.5260416666666666 0.4083994708994709 0.5349702380952381 0.4021164021164021 0.5374503968253969 0.3912037037037037 0.5379464285714286 0.3835978835978836 0.5367063492063492 0.37566137566137564 0.5310019841269841 0.3726851851851852 0.5188492063492064 0.3812830687830688 0.5084325396825397 0.39616402116402116 0.5059523809523809
0 0.2533068783068783 0.48313492063492064 0.2691798941798942 0.48759920634920634 0.273478835978836 0.49429563492063494 0.2701719576719577 0.5017361111111112 0.25595238095238093 0.5131448412698413 0.24107142857142858 0.5119047619047619 0.23313492063492064 0.5066964285714286 0.230489417989418 0.5017361111111112 0.2337962962962963 0.4880952380952381 0.2414021164021164 0.48387896825396826 0.25297619047619047 0.48313492063492064
0 0.603505291005291 0.5141369047619048 0.6177248677248677 0.5218253968253969 0.6200396825396826 0.5322420634920635 0.6130952380952381 0.5404265873015873 0.6008597883597884 0.5438988095238095 0.5925925925925926 0.5434027777777778 0.5886243386243386 0.5411706349206349 0.5813492063492064 0.5342261904761905 0.5796957671957672 0.529265873015873 0.5846560846560847 0.5183531746031746 0.5909391534391535 0.5151289682539683 0.6031746031746031 0.5141369047619048
0 0.6759259259259259 0.4615575396825397 0.685515873015873 0.46577380952380953 0.6878306878306878 0.47271825396825395 0.6825396825396826 0.48487103174603174 0.6712962962962963 0.49007936507936506 0.6613756613756614 0.48933531746031744 0.6521164021164021 0.48487103174603174 0.6474867724867724 0.4779265873015873 0.6471560846560847 0.4712301587301587 0.6498015873015873 0.4662698412698413 0.6574074074074074 0.46205357142857145 0.6755952380952381 0.4615575396825397
0 0.5231481481481481 0.4774305555555556 0.5327380952380952 0.48387896825396826 0.53505291005291 0.49404761904761907 0.529431216931217 0.5024801587301587 0.5181878306878307 0.5066964285714286 0.5082671957671958 0.5059523809523809 0.498015873015873 0.49975198412698413 0.49636243386243384 0.48735119047619047 0.5046296296296297 0.4789186507936508 0.513558201058201 0.47668650793650796 0.5228174603174603 0.4774305555555556
0 0.2916666666666667 0.4556051587301587 0.30423280423280424 0.4618055555555556 0.3072089947089947 0.470734126984127 0.29794973544973546 0.48214285714285715 0.28703703703703703 0.48487103174603174 0.2794312169312169 0.484375 0.2718253968253968 0.48040674603174605 0.2681878306878307 0.4749503968253968 0.26785714285714285 0.4680059523809524 0.27116402116402116 0.4600694444444444 0.2757936507936508 0.4565972222222222 0.29133597883597884 0.4556051587301587
0 0.4255952380952381 0.5885416666666666 0.43253968253968256 0.5895337301587301 0.4427910052910053 0.5954861111111112 0.44642857142857145 0.6078869047619048 0.43882275132275134 0.6173115079365079 0.42294973544973546 0.6220238095238095 0.4113756613756614 0.621031746031746 0.4037698412698413 0.6165674603174603 0.4001322751322751 0.6021825396825397 0.4027777777777778 0.5972222222222222 0.41005291005291006 0.591765873015873 0.4252645502645503 0.5885416666666666