0 0.6402116402116402 0.48412698412698413 0.6521164021164021 0.49107142857142855 0.656084656084656 0.5017361111111112 0.6481481481481481 0.5124007936507936 0.6382275132275133 0.5148809523809523 0.6246693121693122 0.5128968253968254 0.6177248677248677 0.5066964285714286 0.6150793650793651 0.49851190476190477 0.6213624338624338 0.48735119047619047 0.6309523809523809 0.48412698412698413 0.6398809523809523 0.48412698412698413
0 0.34523809523809523 0.6334325396825397 0.35615079365079366 0.6398809523809523 0.36078042328042326 0.6515376984126984 0.3544973544973545 0.6622023809523809 0.34854497354497355 0.6664186507936508 0.33895502645502645 0.6681547619047619 0.32837301587301587 0.6674107142857143 0.3158068783068783 0.6604662698412699 0.3134920634920635 0.6560019841269841 0.31415343915343913 0.6465773809523809 0.3230820105820106 0.6364087301587301 0.3323412698412698 0.6336805555555556 0.3449074074074074 0.6334325396825397
0 0.3584656084656085 0.5109126984126984 0.37103174603174605 0.5146329365079365 0.37797619047619047 0.5252976190476191 0.3740079365079365 0.5362103174603174 0.36607142857142855 0.5409226190476191 0.36044973544973546 0.5411706349206349 0.34755291005291006 0.5396825396825397 0.3416005291005291 0.5359623015873016 0.33796296296296297 0.5300099206349206 0.3396164021164021 0.5220734126984127 0.3445767195767196 0.5148809523809523 0.35185185185185186 0.5111607142857143 0.35813492063492064 0.5109126984126984
0 0.31712962962962965 0.5796130952380952 0.328042328042328 0.5838293650793651 0.33201058201058203 0.5952380952380952 0.32572751322751325 0.6066468253968254 0.31283068783068785 0.6130952380952381 0.2953042328042328 0.6101190476190477 0.289021164021164 0.6029265873015873 0.2876984126984127 0.5944940476190477 0.2900132275132275 0.5887896825396826 0.294973544973545 0.5848214285714286 0.310515873015873 0.5796130952380952 0.3167989417989418 0.5796130952380952
0 0.5271164021164021 0.40947420634920634 0.5363756613756614 0.4166666666666667 0.5396825396825397 0.4288194444444444 0.531415343915344 0.43601190476190477 0.5231481481481481 0.4392361111111111 0.5138888888888888 0.43898809523809523 0.5049603174603174 0.4357638888888889 0.498015873015873 0.4288194444444444 0.4973544973544973 0.4228670634920635 0.5052910052910053 0.41369047619047616 0.5152116402116402 0.4099702380952381 0.5267857142857143 0.40947420634920634
0 0.48048941798941797 0.45337301587301587 0.4947089947089947 0.45709325396825395 0.5003306878306878 0.46304563492063494 0.5009920634920635 0.46899801587301587 0.49437830687830686 0.48115079365079366 0.478505291005291 0.48487103174603174 0.4718915343915344 0.484375 0.4619708994708995 0.47842261904761907 0.4583333333333333 0.466765873015873 0.46164021164021163 0.4593253968253968 0.4666005291005291 0.455109126984127 0.4801587301587302 0.45337301587301587
0 0.5370370370370371 0.7140376984126984 0.5512566137566137 0.71875 0.5578703703703703 0.7271825396825397 0.5522486772486772 0.7447916666666666 0.5400132275132276 0.7509920634920635 0.5231481481481481 0.7482638888888888 0.5165343915343915 0.7420634920634921 0.5138888888888888 0.7353670634920635 0.5142195767195767 0.7276785714285714 0.5185185185185185 0.720734126984127 0.529431216931217 0.7145337301587301 0.5367063492063492 0.7140376984126984
0 0.4828042328042328 0.5248015873015873 0.49107142857142855 0.5250496031746031 0.49834656084656087 0.5287698412698413 0.5029761904761905 0.5322420634920635 0.5059523809523809 0.5394345238095238 0.5016534391534392 0.5496031746031746 0.4877645502645503 0.5570436507936508 0.4679232804232804 0.5515873015873016 0.46296296296296297 0.5424107142857143 0.46296296296296297 0.5364583333333334 0.46726190476190477 0.529265873015873 0.4738756613756614 0.5255456349206349 0.482473544973545 0.5248015873015873
0 0.29728835978835977 0.38839285714285715 0.30886243386243384 0.3958333333333333 0.31117724867724866 0.4079861111111111 0.3072089947089947 0.4134424603174603 0.29133597883597884 0.419890873015873 0.2830687830687831 0.41865079365079366 0.2761243386243386 0.4146825396825397 0.2708333333333333 0.40327380952380953 0.2724867724867725 0.3975694444444444 0.2794312169312169 0.39012896825396826 0.289021164021164 0.38764880952380953 0.296957671957672 0.38839285714285715
0 0.42228835978835977 0.5989583333333334 0.43452380952380953 0.6046626984126984 0.43816137566137564 0.613343253968254 0.4332010582010582 0.6232638888888888 0.4252645502645503 0.6287202380952381 0.41964285714285715 0.6299603174603174 0.4083994708994709 0.6287202380952381 0.40046296296296297 0.6245039682539683 0.3968253968253968 0.6125992063492064 0.4001322751322751 0.6056547619047619 0.4064153439153439 0.6006944444444444 0.41369047619047616 0.5984623015873016 0.421957671957672 0.5989583333333334
0 0.7142857142857143 0.4521329365079365 0.7212301587301587 0.453125 0.7271825396825397 0.4568452380952381 0.7311507936507936 0.46304563492063494 0.7314814814814815 0.47098214285714285 0.7238756613756614 0.47966269841269843 0.7073412698412699 0.4836309523809524 0.6924603174603174 0.47867063492063494 0.6881613756613757 0.47023809523809523 0.6927910052910053 0.45610119047619047 0.701058201058201 0.4523809523809524 0.7139550264550265 0.4521329365079365
0 0.5370370370370371 0.5280257936507936 0.5529100529100529 0.5344742063492064 0.5568783068783069 0.5426587301587301 0.5552248677248677 0.550843253968254 0.5502645502645502 0.5562996031746031 0.5373677248677249 0.5592757936507936 0.529431216931217 0.5587797619047619 0.5221560846560847 0.5553075396825397 0.5145502645502645 0.5453869047619048 0.5148809523809523 0.5401785714285714 0.5205026455026455 0.5329861111111112 0.5281084656084656 0.5290178571428571 0.5367063492063492 0.5280257936507936
0 0.6755952380952381 0.4466765873015873 0.6878306878306878 0.453125 0.6904761904761905 0.4603174603174603 0.6868386243386243 0.4712301587301587 0.6789021164021164 0.47668650793650796 0.6726190476190477 0.4781746031746032 0.6630291005291006 0.4771825396825397 0.6554232804232805 0.47371031746031744 0.6507936507936508 0.4677579365079365 0.6501322751322751 0.45982142857142855 0.6587301587301587 0.4496527777777778 0.6752645502645502 0.4466765873015873
0 0.2569444444444444 0.5153769841269841 0.2691798941798942 0.5215773809523809 0.2744708994708995 0.5295138888888888 0.2744708994708995 0.5339781746031746 0.2724867724867725 0.5396825396825397 0.26521164021164023 0.5461309523809523 0.24834656084656084 0.5505952380952381 0.23776455026455026 0.5486111111111112 0.22916666666666666 0.5431547619047619 0.22486772486772486 0.5290178571428571 0.2294973544973545 0.5225694444444444 0.23677248677248677 0.5188492063492064 0.24768518518518517 0.515625 0.2566137566137566 0.5153769841269841
0 0.30456349206349204 0.503968253968254 0.310515873015873 0.5044642857142857 0.31613756613756616 0.5076884920634921 0.32142857142857145 0.511656746031746 0.3244047619047619 0.517609126984127 0.32142857142857145 0.5305059523809523 0.31746031746031744 0.5337301587301587 0.30522486772486773 0.5367063492063492 0.296957671957672 0.5364583333333334 0.2896825396825397 0.5337301587301587 0.28273809523809523 0.5280257936507936 0.2804232804232804 0.5228174603174603 0.2820767195767196 0.5128968253968254 0.28604497354497355 0.5086805555555556 0.30423280423280424 0.503968253968254
0 0.4322089947089947 0.5612599206349206 0.44345238095238093 0.5684523809523809 0.44576719576719576 0.578125 0.43617724867724866 0.5882936507936508 0.4226190476190476 0.5920138888888888 0.4146825396825397 0.5892857142857143 0.4097222222222222 0.5850694444444444 0.4064153439153439 0.5783730158730159 0.40674603174603174 0.5714285714285714 0.4176587301587302 0.5617559523809523 0.43187830687830686 0.5612599206349206
0 0.3134920634920635 0.4131944444444444 0.32572751322751325 0.4181547619047619 0.3316798941798942 0.42757936507936506 0.3316798941798942 0.4332837301587302 0.32837301587301587 0.4384920634920635 0.31415343915343913 0.44518849206349204 0.2996031746031746 0.44320436507936506 0.28869047619047616 0.43253968253968256 0.2919973544973545 0.4208829365079365 0.3072089947089947 0.4131944444444444 0.31316137566137564 0.4131944444444444
0 0.591931216931217 0.48462301587301587 0.6071428571428571 0.49032738095238093 0.6121031746031746 0.5017361111111112 0.6048280423280423 0.5121527777777778 0.5889550264550265 0.5161210317460317 0.5783730158730159 0.5133928571428571 0.5737433862433863 0.5094246031746031 0.5704365079365079 0.49776785714285715 0.580026455026455 0.48735119047619047 0.5916005291005291 0.48462301587301587
0 0.3237433862433862 0.5463789682539683 0.3382936507936508 0.5513392857142857 0.3445767195767196 0.5570436507936508 0.3472222222222222 0.5639880952380952 0.34656084656084657 0.5714285714285714 0.3425925925925926 0.5768849206349206 0.328042328042328 0.5823412698412699 0.30952380952380953 0.5763888888888888 0.30357142857142855 0.5711805555555556 0.30092592592592593 0.5642361111111112 0.30224867724867727 0.5567956349206349 0.30687830687830686 0.5505952380952381 0.3148148148148148 0.546875 0.32341269841269843 0.5463789682539683
0 0.460978835978836 0.48660714285714285 0.47023809523809523 0.4871031746031746 0.47685185185185186 0.4908234126984127 0.48115079365079366 0.49875992063492064 0.4775132275132275 0.5094246031746031 0.4699074074074074 0.515625 0.46395502645502645 0.5173611111111112 0.4537037037037037 0.5166170634920635 0.4460978835978836 0.5128968253968254 0.4398148148148148 0.5022321428571429 0.44477513227513227 0.4913194444444444 0.46064814814814814 0.48660714285714285
0 0.5833333333333334 0.71875 0.595568783068783 0.7222222222222222 0.6011904761904762 0.7271825396825397 0.603505291005291 0.7336309523809523 0.5962301587301587 0.7462797619047619 0.5849867724867724 0.7517361111111112 0.5638227513227513 0.7472718253968254 0.5588624338624338 0.7420634920634921 0.5575396825396826 0.7366071428571429 0.5591931216931217 0.7276785714285714 0.564484126984127 0.722718253968254 0.5740740740740741 0.7192460317460317 0.5830026455026455 0.71875
0 0.37367724867724866 0.5436507936507936 0.38756613756613756 0.5510912698412699 0.3921957671957672 0.560515873015873 0.38525132275132273 0.5711805555555556 0.3740079365079365 0.5751488095238095 0.36607142857142855 0.5749007936507936 0.359457671957672 0.5719246031746031 0.351521164021164 0.5610119047619048 0.35548941798941797 0.548859126984127 0.36177248677248675 0.5451388888888888 0.37334656084656087 0.5436507936507936
0 0.4305555555555556 0.4476686507936508 0.43915343915343913 0.4494047619047619 0.44576719576719576 0.45362103174603174 0.44775132275132273 0.4618055555555556 0.4408068783068783 0.47470238095238093 0.4289021164021164 0.47842261904761907 0.41964285714285715 0.4774305555555556 0.4113756613756614 0.47271825396825395 0.4070767195767196 0.466765873015873 0.4064153439153439 0.4595734126984127 0.4146825396825397 0.44990079365079366 0.43022486772486773 0.4476686507936508
0 0.5466269841269841 0.5632440476190477 0.5548941798941799 0.5674603174603174 0.5595238095238095 0.5791170634920635 0.5565476190476191 0.5880456349206349 0.5436507936507936 0.5954861111111112 0.5267857142857143 0.5920138888888888 0.5208333333333334 0.5858134920634921 0.5191798941798942 0.5773809523809523 0.5287698412698413 0.5662202380952381 0.5360449735449735 0.5634920634920635 0.5462962962962963 0.5632440476190477
0 0.48842592592592593 0.5892857142857143 0.49437830687830686 0.5905257936507936 0.49966931216931215 0.5954861111111112 0.5016534391534392 0.6078869047619048 0.4930555555555556 0.6165674603174603 0.4794973544973545 0.6215277777777778 0.4669312169312169 0.6200396825396826 0.4599867724867725 0.6160714285714286 0.45601851851851855 0.6096230158730159 0.4556878306878307 0.6021825396825397 0.4699074074074074 0.5915178571428571 0.4880952380952381 0.5892857142857143
0 0.29794973544973546 0.4749503968253968 0.3048941798941799 0.4771825396825397 0.31084656084656087 0.48214285714285715 0.31283068783068785 0.49528769841269843 0.3048941798941799 0.5032242063492064 0.289021164021164 0.5064484126984127 0.28075396825396826 0.5057043650793651 0.27215608465608465 0.5017361111111112 0.2662037037037037 0.4945436507936508 0.26587301587301587 0.48759920634920634 0.2705026455026455 0.4806547619047619 0.2777777777777778 0.4759424603174603 0.2976190476190476 0.4749503968253968
0 0.4460978835978836 0.5260416666666666 0.4537037037037037 0.5280257936507936 0.45866402116402116 0.5327380952380952 0.46130952380952384 0.5466269841269841 0.45601851851851855 0.5518353174603174 0.44246031746031744 0.5560515873015873 0.42857142857142855 0.5538194444444444 0.42162698412698413 0.5466269841269841 0.4212962962962963 0.5399305555555556 0.42824074074074076 0.5290178571428571 0.4351851851851852 0.5260416666666666 0.44576719576719576 0.5260416666666666
0 0.37334656084656087 0.47767857142857145 0.3845899470899471 0.48313492063492064 0.3862433862433862 0.4913194444444444 0.38326719576719576 0.49851190476190477 0.37896825396825395 0.501984126984127 0.36772486772486773 0.503968253968254 0.3548280423280423 0.5009920634920635 0.35085978835978837 0.4878472222222222 0.35813492063492064 0.48040674603174605 0.373015873015873 0.47767857142857145
0 0.2013888888888889 0.6031746031746031 0.21395502645502645 0.6101190476190477 0.21792328042328044 0.6215277777777778 0.20932539682539683 0.6299603174603174 0.19444444444444445 0.6344246031746031 0.18518518518518517 0.6336805555555556 0.17526455026455026 0.628968253968254 0.17063492063492064 0.6237599206349206 0.16997354497354497 0.6170634920634921 0.1736111111111111 0.609375 0.17956349206349206 0.6056547619047619 0.1884920634920635 0.6031746031746031 0.20105820105820105 0.6031746031746031
0 0.6415343915343915 0.3187003968253968 0.6547619047619048 0.3263888888888889 0.656415343915344 0.33779761904761907 0.6481481481481481 0.34672619047619047 0.6335978835978836 0.35044642857142855 0.6259920634920635 0.3489583333333333 0.6197089947089947 0.3447420634920635 0.6160714285714286 0.3382936507936508 0.6164021164021164 0.33110119047619047 0.6183862433862434 0.32663690476190477 0.6263227513227513 0.32068452380952384 0.6329365079365079 0.31845238095238093 0.6412037037037037 0.3187003968253968
0 0.6121031746031746 0.5344742063492064 0.6213624338624338 0.5396825396825397 0.6253306878306878 0.5523313492063492 0.6190476190476191 0.560515873015873 0.6058201058201058 0.564484126984127 0.595568783068783 0.5632440476190477 0.5866402116402116 0.558531746031746 0.583994708994709 0.5441468253968254 0.5866402116402116 0.5394345238095238 0.591931216931217 0.5364583333333334 0.6117724867724867 0.5344742063492064
0 0.4113756613756614 0.5158730158730159 0.419973544973545 0.5213293650793651 0.4246031746031746 0.5327380952380952 0.41898148148148145 0.5419146825396826 0.40343915343915343 0.5473710317460317 0.39384920634920634 0.546875 0.38657407407407407 0.5436507936507936 0.3812830687830688 0.5364583333333334 0.37996031746031744 0.5282738095238095 0.38326719576719576 0.5215773809523809 0.39021164021164023 0.5171130952380952 0.4007936507936508 0.5148809523809523 0.41104497354497355 0.5158730158730159
0 0.20304232804232805 0.5706845238095238 0.21693121693121692 0.5746527777777778 0.22387566137566137 0.5840773809523809 0.22056878306878308 0.5954861111111112 0.2152777777777778 0.5997023809523809 0.20403439153439154 0.6036706349206349 0.1841931216931217 0.6004464285714286 0.17824074074074073 0.589781746031746 0.17923280423280424 0.5815972222222222 0.18551587301587302 0.5746527777777778 0.19411375661375663 0.5709325396825397 0.2027116402116402 0.5706845238095238
0 0.5958994708994709 0.4099702380952381 0.6097883597883598 0.4146825396825397 0.6150793650793651 0.42162698412698413 0.6157407407407407 0.4288194444444444 0.6130952380952381 0.43452380952380953 0.6071428571428571 0.439484126984127 0.5952380952380952 0.4429563492063492 0.5849867724867724 0.4417162698412698 0.5767195767195767 0.4367559523809524 0.5737433862433863 0.43253968253968256 0.5730820105820106 0.423859126984127 0.5813492063492064 0.4126984126984127 0.595568783068783 0.4099702380952381
0 0.5085978835978836 0.5012400793650794 0.5234788359788359 0.5064484126984127 0.529431216931217 0.5151289682539683 0.5261243386243386 0.5280257936507936 0.5162037037037037 0.5334821428571429 0.5013227513227513 0.53125 0.49007936507936506 0.5243055555555556 0.4877645502645503 0.5193452380952381 0.4937169312169312 0.5069444444444444 0.5009920634920635 0.5024801587301587 0.5082671957671958 0.5012400793650794
0 0.5704365079365079 0.43898809523809523 0.5777116402116402 0.4417162698412698 0.5816798941798942 0.44568452380952384 0.583994708994709 0.45535714285714285 0.5770502645502645 0.46478174603174605 0.5658068783068783 0.46875 0.5496031746031746 0.46478174603174605 0.5453042328042328 0.45982142857142855 0.5443121693121693 0.45262896825396826 0.5466269841269841 0.44642857142857145 0.5529100529100529 0.4409722222222222 0.560515873015873 0.4384920634920635 0.5701058201058201 0.43898809523809523
0 0.5403439153439153 0.47544642857142855 0.5532407407407407 0.484375 0.5545634920634921 0.4947916666666667 0.5482804232804233 0.5017361111111112 0.5360449735449735 0.5057043650793651 0.52744708994709 0.5054563492063492 0.5185185185185185 0.5017361111111112 0.5138888888888888 0.49503968253968256 0.5125661375661376 0.48660714285714285 0.5148809523809523 0.4816468253968254 0.5224867724867724 0.47643849206349204 0.529431216931217 0.47470238095238093 0.5400132275132276 0.47544642857142855
0 0.5608465608465608 0.5012400793650794 0.5720899470899471 0.5071924603174603 0.5763888888888888 0.5121527777777778 0.5770502645502645 0.5173611111111112 0.5714285714285714 0.5285218253968254 0.5582010582010583 0.5347222222222222 0.5535714285714286 0.5344742063492064 0.5396825396825397 0.5280257936507936 0.5340608465608465 0.5186011904761905 0.5357142857142857 0.5119047619047619 0.5433201058201058 0.5049603174603174 0.5532407407407407 0.5012400793650794 0.560515873015873 0.5012400793650794
0 0.5985449735449735 0.3583829365079365 0.6117724867724867 0.36607142857142855 0.6134259259259259 0.37723214285714285 0.6058201058201058 0.38764880952380953 0.591931216931217 0.39112103174603174 0.5816798941798942 0.388640873015873 0.5747354497354498 0.38392857142857145 0.5710978835978836 0.3722718253968254 0.5740740740740741 0.3663194444444444 0.5813492063492064 0.3611111111111111 0.5982142857142857 0.3583829365079365
0 0.3386243386243386 0.484375 0.34953703703703703 0.4908234126984127 0.3531746031746032 0.5027281746031746 0.3501984126984127 0.5094246031746031 0.3382936507936508 0.5146329365079365 0.3244047619047619 0.5133928571428571 0.3148148148148148 0.5052083333333334 0.3125 0.49851190476190477 0.3167989417989418 0.4878472222222222 0.3296957671957672 0.48412698412698413 0.3382936507936508 0.484375
0 0.4669312169312169 0.5525793650793651 0.4871031746031746 0.5587797619047619 0.49107142857142855 0.5667162698412699 0.4877645502645503 0.5778769841269841 0.4748677248677249 0.5858134920634921 0.4632936507936508 0.5850694444444444 0.455026455026455 0.5818452380952381 0.44642857142857145 0.5744047619047619 0.4497354497354497 0.5597718253968254 0.45866402116402116 0.5535714285714286 0.4666005291005291 0.5525793650793651