1 0.4453125 0.5515625 0.4734375 0.5703125 0.4734375 0.575 0.4671875 0.58125 0.453125 0.575 0.434375 0.5609375 0.4328125 0.5578125 0.434375 0.5546875 0.4390625 0.5515625 0.44375 0.5515625
1 0.6328125 0.5921875 0.6546875 0.6125 0.653125 0.61875 0.6453125 0.6234375 0.6375 0.6234375 0.63125 0.6203125 0.615625 0.60625 0.6125 0.6 0.6203125 0.5921875 0.63125 0.5921875
1 0.46875 0.4890625 0.4890625 0.5046875 0.4890625 0.5109375 0.48125 0.5171875 0.46875 0.5140625 0.4515625 0.5015625 0.45 0.4953125 0.4546875 0.4890625 0.4578125 0.4875 0.4671875 0.4890625
1 0.403125 0.6578125 0.415625 0.6625 0.421875 0.6703125 0.4203125 0.675 0.4125 0.68125 0.40625 0.68125 0.3890625 0.675 0.3765625 0.6671875 0.3765625 0.659375 0.3828125 0.653125 0.390625 0.653125 0.4015625 0.6578125
1 0.4875 0.7453125 0.503125 0.7296875 0.5171875 0.7296875 0.5234375 0.7375 0.5234375 0.74375 0.5203125 0.7484375 0.503125 0.765625 0.4921875 0.765625 0.484375 0.759375 0.4828125 0.7546875 0.4875 0.746875
1 0.3703125 0.65625 0.375 0.6609375 0.3734375 0.671875 0.3671875 0.675 0.3515625 0.6765625 0.3328125 0.675 0.328125 0.6703125 0.328125 0.6625 0.3390625 0.65625 0.36875 0.65625
1 0.4171875 0.5171875 0.428125 0.515625 0.453125 0.521875 0.4609375 0.5265625 0.45625 0.5359375 0.4453125 0.5359375 0.4171875 0.528125 0.415625 0.5265625 0.4171875 0.51875
1 0.59375 0.54375 0.609375 0.5640625 0.609375 0.5671875 0.603125 0.5734375 0.5875 0.571875 0.5734375 0.553125 0.5734375 0.546875 0.5765625 0.54375 0.5796875 0.5421875 0.5921875 0.54375
1 0.3984375 0.6203125 0.40625 0.6265625 0.40625 0.634375 0.3796875 0.6515625 0.371875 0.6515625 0.3640625 0.6453125 0.365625 0.6359375 0.3859375 0.621875 0.396875 0.6203125
1 0.5515625 0.6671875 0.03828125 0.03671875
1 0.5609375 0.7140625 0.559375 0.725 0.55 0.74375 0.54375 0.75 0.528125 0.7453125 0.5296875 0.7359375 0.5390625 0.7171875 0.546875 0.709375 0.559375 0.7140625
1 0.5453125 0.5125 0.5640625 0.5234375 0.5703125 0.5296875 0.56875 0.5359375 0.5625 0.540625 0.553125 0.540625 0.54375 0.5359375 0.5296875 0.5234375 0.5296875 0.51875 0.5359375 0.5125 0.54375 0.5125