0 0.3012566137566138 0.2785218253968254 0.30853174603174605 0.283234126984127 0.31117724867724866 0.28893849206349204 0.310515873015873 0.29563492063492064 0.3072089947089947 0.3005952380952381 0.3039021164021164 0.3013392857142857 0.294973544973545 0.29563492063492064 0.2833994708994709 0.29290674603174605 0.28174603174603174 0.2904265873015873 0.2863756613756614 0.28125 0.2926587301587302 0.2785218253968254 0.30092592592592593 0.2785218253968254
0 0.2595899470899471 0.3373015873015873 0.2698412698412698 0.34250992063492064 0.2728174603174603 0.3482142857142857 0.2728174603174603 0.3559027777777778 0.25496031746031744 0.3635912698412698 0.24371693121693122 0.357390873015873 0.2390873015873016 0.34697420634920634 0.2447089947089947 0.33978174603174605 0.25925925925925924 0.3373015873015873
0 0.24074074074074073 0.6592261904761905 0.25297619047619047 0.6631944444444444 0.2569444444444444 0.6716269841269841 0.25297619047619047 0.683531746031746 0.24107142857142858 0.6899801587301587 0.22387566137566137 0.6875 0.21825396825396826 0.6825396825396826 0.21626984126984128 0.6768353174603174 0.21825396825396826 0.6681547619047619 0.22420634920634921 0.6619543650793651 0.2404100529100529 0.6592261904761905
0 0.34953703703703703 0.3211805555555556 0.35813492063492064 0.32490079365079366 0.36243386243386244 0.3315972222222222 0.3621031746031746 0.3395337301587302 0.3551587301587302 0.3462301587301587 0.3353174603174603 0.34350198412698413 0.3290343915343915 0.33556547619047616 0.3296957671957672 0.32762896825396826 0.3333333333333333 0.32316468253968256 0.3382936507936508 0.3211805555555556 0.3492063492063492 0.3211805555555556
0 0.5072751322751323 0.6609623015873016 0.5171957671957672 0.6651785714285714 0.5231481481481481 0.6773313492063492 0.5158730158730159 0.6887400793650794 0.5052910052910053 0.6934523809523809 0.49503968253968256 0.6919642857142857 0.48412698412698413 0.6862599206349206 0.48048941798941797 0.6743551587301587 0.48974867724867727 0.6639384920634921 0.5069444444444444 0.6609623015873016
0 0.08366402116402116 0.1974206349206349 0.09358465608465609 0.20163690476190477 0.1001984126984127 0.20932539682539683 0.0992063492063492 0.21354166666666666 0.08564814814814815 0.22098214285714285 0.0710978835978836 0.21651785714285715 0.06514550264550265 0.20833333333333334 0.06646825396825397 0.203125 0.07142857142857142 0.1984126984126984 0.08333333333333333 0.1974206349206349
0 0.41435185185185186 0.4990079365079365 0.4193121693121693 0.5002480158730159 0.4236111111111111 0.5044642857142857 0.4255952380952381 0.5148809523809523 0.4169973544973545 0.5225694444444444 0.40773809523809523 0.5245535714285714 0.3941798941798942 0.5215773809523809 0.38955026455026454 0.517609126984127 0.38855820105820105 0.5119047619047619 0.3921957671957672 0.5049603174603174 0.3974867724867725 0.5012400793650794 0.4041005291005291 0.49875992063492064 0.414021164021164 0.4990079365079365
0 0.3435846560846561 0.6480654761904762 0.3558201058201058 0.6537698412698413 0.3611111111111111 0.6634424603174603 0.3568121693121693 0.6750992063492064 0.34523809523809523 0.6800595238095238 0.32837301587301587 0.6778273809523809 0.3210978835978836 0.671875 0.31845238095238093 0.6649305555555556 0.3201058201058201 0.6560019841269841 0.3263888888888889 0.6500496031746031 0.3343253968253968 0.6475694444444444 0.34325396825396826 0.6480654761904762
0 0.2830687830687831 0.2914186507936508 0.2996031746031746 0.296875 0.30357142857142855 0.30009920634920634 0.30357142857142855 0.3040674603174603 0.29662698412698413 0.31374007936507936 0.2933201058201058 0.3107638888888889 0.2751322751322751 0.31101190476190477 0.2718253968253968 0.3090277777777778 0.2705026455026455 0.30009920634920634 0.28273809523809523 0.2914186507936508
0 0.35548941798941797 0.3715277777777778 0.3627645502645503 0.3759920634920635 0.3664021164021164 0.3854166666666667 0.36177248677248675 0.39384920634920634 0.353505291005291 0.3975694444444444 0.3455687830687831 0.3970734126984127 0.3386243386243386 0.39360119047619047 0.3330026455026455 0.38740079365079366 0.33134920634920634 0.37971230158730157 0.3402777777777778 0.3722718253968254 0.3551587301587302 0.3715277777777778
0 0.3187830687830688 0.3055555555555556 0.32837301587301587 0.3100198412698413 0.3323412698412698 0.3167162698412698 0.330026455026455 0.32787698412698413 0.32341269841269843 0.3335813492063492 0.32076719576719576 0.3335813492063492 0.3029100529100529 0.31994047619047616 0.2996031746031746 0.31473214285714285 0.3029100529100529 0.30853174603174605 0.31845238095238093 0.3055555555555556
0 0.41865079365079366 0.4712301587301587 0.42956349206349204 0.47643849206349204 0.4322089947089947 0.48313492063492064 0.4298941798941799 0.4915674603174603 0.4193121693121693 0.49975198412698413 0.4007936507936508 0.4965277777777778 0.39451058201058203 0.4880952380952381 0.3958333333333333 0.4809027777777778 0.40145502645502645 0.4749503968253968 0.4087301587301587 0.47197420634920634 0.4183201058201058 0.4712301587301587
0 0.47255291005291006 0.31994047619047616 0.4808201058201058 0.32217261904761907 0.4877645502645503 0.33134920634920634 0.4861111111111111 0.3392857142857143 0.4771825396825397 0.34598214285714285 0.4623015873015873 0.3430059523809524 0.455026455026455 0.33382936507936506 0.4556878306878307 0.328125 0.4593253968253968 0.3236607142857143 0.4722222222222222 0.31994047619047616
0 0.19973544973544974 0.33482142857142855 0.207010582010582 0.33878968253968256 0.21164021164021163 0.34871031746031744 0.210978835978836 0.3524305555555556 0.20072751322751323 0.35962301587301587 0.18551587301587302 0.3566468253968254 0.18088624338624337 0.3521825396825397 0.17923280423280424 0.3462301587301587 0.17956349206349206 0.3420138888888889 0.1841931216931217 0.33705357142857145 0.19146825396825398 0.3345734126984127 0.19940476190476192 0.33482142857142855
0 0.3005952380952381 0.32242063492063494 0.310515873015873 0.3246527777777778 0.3191137566137566 0.3345734126984127 0.31845238095238093 0.3430059523809524 0.3091931216931217 0.34970238095238093 0.3005952380952381 0.3492063492063492 0.294973544973545 0.34672619047619047 0.28869047619047616 0.3382936507936508 0.2896825396825397 0.3288690476190476 0.3002645502645503 0.32242063492063494
0 0.5148809523809523 0.6267361111111112 0.5221560846560847 0.6282242063492064 0.529431216931217 0.6329365079365079 0.5333994708994709 0.6433531746031746 0.5261243386243386 0.654265873015873 0.515542328042328 0.658234126984127 0.501984126984127 0.6545138888888888 0.4930555555555556 0.6443452380952381 0.49636243386243384 0.6339285714285714 0.5049603174603174 0.6284722222222222 0.5145502645502645 0.6267361111111112
0 0.2275132275132275 0.32762896825396826 0.23743386243386244 0.3306051587301587 0.24305555555555555 0.33804563492063494 0.23743386243386244 0.34846230158730157 0.22817460317460317 0.3529265873015873 0.21395502645502645 0.34970238095238093 0.2080026455026455 0.33878968253968256 0.2099867724867725 0.3343253968253968 0.21693121693121692 0.32936507936507936 0.22718253968253968 0.32762896825396826
0 0.25595238095238093 0.3950892857142857 0.267526455026455 0.3993055555555556 0.2718253968253968 0.4079861111111111 0.2698412698412698 0.41517857142857145 0.25892857142857145 0.4211309523809524 0.24537037037037038 0.4184027777777778 0.23776455026455026 0.4079861111111111 0.23842592592592593 0.40401785714285715 0.2447089947089947 0.39732142857142855 0.25562169312169314 0.3950892857142857
0 0.26322751322751325 0.31746031746031744 0.26884920634920634 0.31845238095238093 0.27414021164021163 0.32514880952380953 0.2761243386243386 0.3323412698412698 0.2724867724867725 0.34226190476190477 0.25892857142857145 0.3373015873015873 0.24801587301587302 0.33903769841269843 0.2443783068783069 0.33556547619047616 0.24305555555555555 0.3306051587301587 0.2457010582010582 0.3226686507936508 0.2523148148148148 0.31845238095238093 0.2628968253968254 0.31746031746031744
0 0.23082010582010581 0.6892361111111112 0.24074074074074073 0.6909722222222222 0.2447089947089947 0.6949404761904762 0.24867724867724866 0.7080853174603174 0.2447089947089947 0.7157738095238095 0.230489417989418 0.7222222222222222 0.21329365079365079 0.7194940476190477 0.207010582010582 0.7135416666666666 0.20502645502645503 0.7075892857142857 0.20634920634920634 0.6999007936507936 0.21428571428571427 0.6922123015873016 0.230489417989418 0.6892361111111112
0 0.5545634920634921 0.23834325396825398 0.5634920634920635 0.24231150793650794 0.5651455026455027 0.2524801587301587 0.5638227513227513 0.25595238095238093 0.5539021164021164 0.2621527777777778 0.5419973544973545 0.25818452380952384 0.5380291005291006 0.24776785714285715 0.542989417989418 0.2408234126984127 0.5542328042328042 0.23834325396825398
0 0.7470238095238095 0.6512896825396826 0.7572751322751323 0.6572420634920635 0.7592592592592593 0.6664186507936508 0.7533068783068783 0.6763392857142857 0.7417328042328042 0.6793154761904762 0.7318121693121693 0.6785714285714286 0.7248677248677249 0.6753472222222222 0.7199074074074074 0.6644345238095238 0.7222222222222222 0.6577380952380952 0.7308201058201058 0.6517857142857143 0.7466931216931217 0.6512896825396826
0 0.30753968253968256 0.3678075396825397 0.3148148148148148 0.37276785714285715 0.31746031746031744 0.3802083333333333 0.3115079365079365 0.39186507936507936 0.3039021164021164 0.3948412698412698 0.3002645502645503 0.3948412698412698 0.2857142857142857 0.3861607142857143 0.28406084656084657 0.3812003968253968 0.29034391534391535 0.36929563492063494 0.29794973544973546 0.36706349206349204 0.3072089947089947 0.3678075396825397
0 0.28703703703703703 0.30853174603174605 0.29662698412698413 0.3117559523809524 0.30092592592592593 0.3219246031746032 0.2830687830687831 0.33581349206349204 0.2757936507936508 0.33209325396825395 0.26951058201058203 0.31746031746031744 0.27546296296296297 0.3097718253968254 0.2867063492063492 0.30853174603174605
0 0.20866402116402116 0.3107638888888889 0.21858465608465608 0.3169642857142857 0.22123015873015872 0.3246527777777778 0.20667989417989419 0.3365575396825397 0.1917989417989418 0.3273809523809524 0.18981481481481483 0.32043650793650796 0.19510582010582012 0.3132440476190476 0.20833333333333334 0.3107638888888889
0 0.6865079365079365 0.6887400793650794 0.6977513227513228 0.6924603174603174 0.7060185185185185 0.703125 0.703042328042328 0.7132936507936508 0.6904761904761905 0.7202380952380952 0.6746031746031746 0.716765873015873 0.6666666666666666 0.7100694444444444 0.6640211640211641 0.7038690476190477 0.6650132275132276 0.6966765873015873 0.6706349206349206 0.6917162698412699 0.6861772486772487 0.6887400793650794
0 0.30423280423280424 0.4166666666666667 0.31415343915343913 0.41964285714285715 0.3210978835978836 0.4283234126984127 0.3187830687830688 0.43774801587301587 0.30853174603174605 0.4427083333333333 0.29365079365079366 0.439484126984127 0.28703703703703703 0.4320436507936508 0.291005291005291 0.42137896825396826 0.2986111111111111 0.41716269841269843 0.3039021164021164 0.4166666666666667
0 0.26322751322751325 0.2760416666666667 0.27645502645502645 0.28149801587301587 0.2800925925925926 0.2899305555555556 0.26884920634920634 0.3020833333333333 0.26256613756613756 0.30282738095238093 0.24801587301587302 0.29712301587301587 0.2443783068783069 0.2864583333333333 0.25033068783068785 0.279265873015873 0.2628968253968254 0.2760416666666667
0 0.27314814814814814 0.3576388888888889 0.28273809523809523 0.3630952380952381 0.2867063492063492 0.3697916666666667 0.28273809523809523 0.3836805555555556 0.2767857142857143 0.38591269841269843 0.267526455026455 0.3844246031746032 0.2585978835978836 0.3802083333333333 0.25297619047619047 0.3725198412698413 0.2566137566137566 0.36235119047619047 0.26521164021164023 0.35788690476190477 0.2728174603174603 0.3576388888888889
0 0.24801587301587302 0.3038194444444444 0.2576058201058201 0.30679563492063494 0.26157407407407407 0.31398809523809523 0.26091269841269843 0.31746031746031744 0.2509920634920635 0.31994047619047616 0.24173280423280424 0.3288690476190476 0.23346560846560846 0.32589285714285715 0.22982804232804233 0.3177083333333333 0.23115079365079366 0.3107638888888889 0.2371031746031746 0.3062996031746032 0.24768518518518517 0.3040674603174603
0 0.2830687830687831 0.38566468253968256 0.29298941798941797 0.3896329365079365 0.29993386243386244 0.3978174603174603 0.29794973544973546 0.40575396825396826 0.2876984126984127 0.41195436507936506 0.2748015873015873 0.4097222222222222 0.2671957671957672 0.39806547619047616 0.2718253968253968 0.3896329365079365 0.28273809523809523 0.38566468253968256
0 0.34854497354497355 0.3464781746031746 0.3584656084656085 0.3521825396825397 0.359457671957672 0.3576388888888889 0.3558201058201058 0.36929563492063494 0.3462301587301587 0.3715277777777778 0.33465608465608465 0.37003968253968256 0.328042328042328 0.36259920634920634 0.3273809523809524 0.35540674603174605 0.33465608465608465 0.34672619047619047 0.3402777777777778 0.34523809523809523 0.3482142857142857 0.3464781746031746
0 0.17195767195767195 0.30753968253968256 0.18154761904761904 0.31101190476190477 0.1875 0.3211805555555556 0.18584656084656084 0.32762896825396826 0.17526455026455026 0.33283730158730157 0.16468253968253968 0.33134920634920634 0.15343915343915343 0.3211805555555556 0.15707671957671956 0.3117559523809524 0.16170634920634921 0.3090277777777778 0.17162698412698413 0.30753968253968256
0 0.37632275132275134 0.3482142857142857 0.3862433862433862 0.3524305555555556 0.39021164021164023 0.35912698412698413 0.38657407407407407 0.3697916666666667 0.37632275132275134 0.3740079365079365 0.3637566137566138 0.3732638888888889 0.3584656084656085 0.3685515873015873 0.36144179894179895 0.35193452380952384 0.36937830687830686 0.34846230158730157 0.3759920634920635 0.3482142857142857
0 0.31845238095238093 0.6902281746031746 0.33035714285714285 0.6959325396825397 0.33366402116402116 0.7068452380952381 0.3287037037037037 0.7175099206349206 0.3151455026455027 0.7247023809523809 0.30522486772486773 0.7239583333333334 0.29794973544973546 0.720734126984127 0.2926587301587302 0.7150297619047619 0.291005291005291 0.7088293650793651 0.29464285714285715 0.699156746031746 0.30324074074074076 0.6919642857142857 0.31812169312169314 0.6902281746031746