0 0.8171875 0.5734375 0.8265625 0.5828125 0.828125 0.5875 0.828125 0.6 0.81875 0.6109375 0.8015625 0.6171875 0.7578125 0.625 0.73125 0.625 0.71875 0.63125 0.6984375 0.6296875 0.6921875 0.6265625 0.6828125 0.6171875 0.6796875 0.60625 0.68125 0.6 0.684375 0.59375 0.69375 0.5859375 0.7828125 0.5671875 0.803125 0.5671875 0.815625 0.5734375
0 0.6 0.290625 0.609375 0.2984375 0.6109375 0.303125 0.609375 0.325 0.60625 0.334375 0.60625 0.3484375 0.6046875 0.353125 0.5953125 0.3625 0.5875 0.365625 0.565625 0.3640625 0.55625 0.3546875 0.553125 0.3484375 0.553125 0.3359375 0.5625 0.296875 0.575 0.2890625 0.5890625 0.2875 0.5984375 0.290625
0 0.1890625 0.5 0.221875 0.5109375 0.2296875 0.515625 0.234375 0.515625 0.246875 0.521875 0.259375 0.534375 0.2609375 0.5390625 0.259375 0.5484375 0.2515625 0.55625 0.2359375 0.5625 0.2265625 0.5625 0.2078125 0.5578125 0.1921875 0.55 0.1640625 0.540625 0.153125 0.5328125 0.1515625 0.5171875 0.1578125 0.5078125 0.1734375 0.5 0.1875 0.5
0 0.70625 0.4265625 0.7328125 0.4421875 0.76875 0.459375 0.784375 0.4703125 0.7890625 0.4796875 0.7890625 0.4890625 0.7859375 0.4953125 0.7765625 0.503125 0.765625 0.50625 0.740625 0.5046875 0.696875 0.478125 0.6796875 0.4703125 0.6609375 0.4546875 0.659375 0.4421875 0.6671875 0.4296875 0.68125 0.4234375 0.6984375 0.4234375 0.7046875 0.4265625
0 0.2640625 0.0640625 0.2765625 0.0765625 0.2796875 0.0875 0.2828125 0.11875 0.2765625 0.13125 0.2625 0.1390625 0.246875 0.1375 0.2328125 0.1296875 0.228125 0.1171875 0.225 0.096875 0.225 0.078125 0.234375 0.0640625 0.2375 0.0625 0.2625 0.0640625
0 0.853125 0.503125 0.8671875 0.5203125 0.8671875 0.525 0.8359375 0.540625 0.821875 0.54375 0.796875 0.5546875 0.7796875 0.559375 0.7640625 0.559375 0.759375 0.5546875 0.75 0.5390625 0.7546875 0.5328125 0.8234375 0.50625 0.8421875 0.5015625 0.8515625 0.503125
0 0.7578125 0.6296875 0.7640625 0.6328125 0.771875 0.64375 0.775 0.653125 0.7734375 0.6671875 0.7625 0.6765625 0.759375 0.6765625 0.728125 0.696875 0.70625 0.7046875 0.6921875 0.703125 0.675 0.690625 0.671875 0.6765625 0.671875 0.66875 0.675 0.6609375 0.709375 0.6375 0.7296875 0.6265625 0.746875 0.6265625 0.75625 0.6296875
0 0.665625 0.525 0.6828125 0.5296875 0.6921875 0.5390625 0.69375 0.5515625 0.6734375 0.621875 0.66875 0.6265625 0.6515625 0.6328125 0.6359375 0.6328125 0.625 0.628125 0.6140625 0.6140625 0.6140625 0.6 0.634375 0.5359375 0.64375 0.528125 0.653125 0.525 0.6640625 0.525
0 0.6578125 0.68125 0.66875 0.6859375 0.675 0.69375 0.690625 0.70625 0.721875 0.775 0.721875 0.7828125 0.7171875 0.7953125 0.7109375 0.8015625 0.69375 0.8078125 0.6765625 0.8046875 0.6578125 0.7921875 0.6234375 0.715625 0.6234375 0.7015625 0.628125 0.69375 0.640625 0.684375 0.65625 0.68125
0 0.5640625 0.2234375 0.5828125 0.228125 0.615625 0.2453125 0.634375 0.2515625 0.646875 0.2578125 0.653125 0.2640625 0.6546875 0.278125 0.6515625 0.284375 0.6421875 0.29375 0.6328125 0.296875 0.6109375 0.2953125 0.5984375 0.2875 0.5828125 0.2828125 0.5703125 0.275 0.55 0.2671875 0.5375 0.25625 0.534375 0.2453125 0.5375 0.234375 0.5484375 0.2265625 0.5625 0.2234375
0 0.6890625 0.478125 0.7140625 0.490625 0.7328125 0.503125 0.74375 0.5078125 0.7484375 0.5125 0.7515625 0.51875 0.7515625 0.5296875 0.7484375 0.534375 0.7421875 0.540625 0.7234375 0.5453125 0.7140625 0.54375 0.696875 0.5359375 0.6796875 0.5234375 0.659375 0.5125 0.6515625 0.5046875 0.65 0.4984375 0.6515625 0.490625 0.6578125 0.4828125 0.671875 0.4765625 0.6875 0.478125
0 0.715625 0.2765625 0.7296875 0.2828125 0.734375 0.2890625 0.7359375 0.2921875 0.734375 0.309375 0.7203125 0.3203125 0.6640625 0.3515625 0.65 0.35625 0.6390625 0.35625 0.6296875 0.353125 0.6171875 0.3421875 0.615625 0.325 0.61875 0.3203125 0.640625 0.30625 0.696875 0.2765625 0.7140625 0.2765625
0 0.2578125 0.6671875 0.265625 0.6703125 0.275 0.6796875 0.278125 0.6859375 0.2828125 0.765625 0.2796875 0.7734375 0.2703125 0.784375 0.259375 0.790625 0.2484375 0.79375 0.2375 0.79375 0.2265625 0.790625 0.2140625 0.778125 0.2125 0.740625 0.2109375 0.7390625 0.2109375 0.6890625 0.2125 0.684375 0.225 0.671875 0.234375 0.6671875 0.246875 0.665625 0.25625 0.6671875