0 0.49173280423280424 0.6123511904761905 0.5013227513227513 0.6168154761904762 0.5049603174603174 0.623015873015873 0.501984126984127 0.6334325396825397 0.49206349206349204 0.6383928571428571 0.482473544973545 0.6374007936507936 0.4755291005291005 0.6324404761904762 0.47255291005291006 0.6272321428571429 0.4781746031746032 0.6160714285714286 0.4914021164021164 0.6123511904761905
0 0.37996031746031744 0.7628968253968254 0.38756613756613756 0.7683531746031746 0.39021164021164023 0.7762896825396826 0.3855820105820106 0.7829861111111112 0.3740079365079365 0.7869543650793651 0.36144179894179895 0.7842261904761905 0.3568121693121693 0.7795138888888888 0.35648148148148145 0.7745535714285714 0.3654100529100529 0.7643849206349206 0.37962962962962965 0.7628968253968254
0 0.49603174603174605 0.5319940476190477 0.5056216931216931 0.5357142857142857 0.5099206349206349 0.5466269841269841 0.5062830687830688 0.5515873015873016 0.4947089947089947 0.5545634920634921 0.484457671957672 0.5500992063492064 0.4818121693121693 0.5424107142857143 0.4861111111111111 0.5354662698412699 0.4957010582010582 0.5319940476190477
0 0.335978835978836 0.7256944444444444 0.3402777777777778 0.7311507936507936 0.33994708994708994 0.7413194444444444 0.33564814814814814 0.7457837301587301 0.328042328042328 0.7490079365079365 0.31316137566137564 0.7430555555555556 0.3115079365079365 0.734375 0.32076719576719576 0.7259424603174603 0.32771164021164023 0.7244543650793651 0.33564814814814814 0.7256944444444444
0 0.45006613756613756 0.7356150793650794 0.45866402116402116 0.7408234126984127 0.46064814814814814 0.7512400793650794 0.453042328042328 0.7586805555555556 0.44345238095238093 0.7604166666666666 0.4332010582010582 0.7552083333333334 0.43187830687830686 0.7472718253968254 0.439484126984127 0.7375992063492064 0.4497354497354497 0.7356150793650794
0 0.35648148148148145 0.5595238095238095 0.3630952380952381 0.5629960317460317 0.3654100529100529 0.5714285714285714 0.3627645502645503 0.5773809523809523 0.35284391534391535 0.5818452380952381 0.3455687830687831 0.5813492063492064 0.3406084656084656 0.5786210317460317 0.3349867724867725 0.5706845238095238 0.34093915343915343 0.5612599206349206 0.35615079365079366 0.5595238095238095
0 0.42427248677248675 0.517609126984127 0.4332010582010582 0.5223214285714286 0.435515873015873 0.5302579365079365 0.43253968253968256 0.5362103174603174 0.42394179894179895 0.5399305555555556 0.4107142857142857 0.5372023809523809 0.40674603174603174 0.5310019841269841 0.4103835978835979 0.5208333333333334 0.41798941798941797 0.5173611111111112 0.42394179894179895 0.517609126984127
0 0.4851190476190476 0.6763392857142857 0.49404761904761907 0.6817956349206349 0.49537037037037035 0.6884920634920635 0.4914021164021164 0.6961805555555556 0.48412698412698413 0.6986607142857143 0.4708994708994709 0.6971726190476191 0.4662698412698413 0.6919642857142857 0.46494708994708994 0.6850198412698413 0.4732142857142857 0.6770833333333334 0.48478835978835977 0.6763392857142857
0 0.48842592592592593 0.574156746031746 0.4973544973544973 0.5778769841269841 0.49933862433862436 0.5848214285714286 0.49636243386243384 0.591765873015873 0.48578042328042326 0.595734126984127 0.4781746031746032 0.5952380952380952 0.4732142857142857 0.5920138888888888 0.4712301587301587 0.5813492063492064 0.4771825396825397 0.5749007936507936 0.4880952380952381 0.574156746031746
0 0.529431216931217 0.5257936507936508 0.5373677248677249 0.5287698412698413 0.5390211640211641 0.5381944444444444 0.5363756613756614 0.5441468253968254 0.5287698412698413 0.5473710317460317 0.5188492063492064 0.5471230158730159 0.5122354497354498 0.5446428571428571 0.5085978835978836 0.5362103174603174 0.5112433862433863 0.5310019841269841 0.5181878306878307 0.5257936507936508 0.5291005291005291 0.5257936507936508
0 0.41335978835978837 0.7537202380952381 0.42228835978835977 0.7576884920634921 0.42592592592592593 0.7661210317460317 0.4209656084656085 0.7760416666666666 0.4117063492063492 0.7800099206349206 0.3994708994708995 0.7762896825396826 0.39451058201058203 0.7653769841269841 0.3998015873015873 0.7569444444444444 0.4130291005291005 0.7537202380952381
0 0.47023809523809523 0.6066468253968254 0.4775132275132275 0.6128472222222222 0.4775132275132275 0.6163194444444444 0.4718915343915344 0.6254960317460317 0.46296296296296297 0.6284722222222222 0.45601851851851855 0.6274801587301587 0.45105820105820105 0.6240079365079365 0.4480820105820106 0.6187996031746031 0.4487433862433862 0.6125992063492064 0.4566798941798942 0.6061507936507936 0.4699074074074074 0.6066468253968254
0 0.3462301587301587 0.6433531746031746 0.3548280423280423 0.6475694444444444 0.3578042328042328 0.6550099206349206 0.353505291005291 0.6631944444444444 0.34523809523809523 0.6674107142857143 0.3330026455026455 0.6646825396825397 0.328042328042328 0.6587301587301587 0.32771164021164023 0.6535218253968254 0.3343253968253968 0.6458333333333334 0.3458994708994709 0.6433531746031746
0 0.4054232804232804 0.7068452380952381 0.4113756613756614 0.7085813492063492 0.4150132275132275 0.7123015873015873 0.416005291005291 0.720734126984127 0.4123677248677249 0.7266865079365079 0.4011243386243386 0.7311507936507936 0.38955026455026454 0.7271825396825397 0.3878968253968254 0.716765873015873 0.3941798941798942 0.7083333333333334 0.4050925925925926 0.7068452380952381
0 0.39384920634920634 0.5580357142857143 0.4021164021164021 0.560515873015873 0.4087301587301587 0.5667162698412699 0.4060846560846561 0.5751488095238095 0.3941798941798942 0.5796130952380952 0.38326719576719576 0.5776289682539683 0.37797619047619047 0.5714285714285714 0.3819444444444444 0.5610119047619048 0.39351851851851855 0.5580357142857143
0 0.42658730158730157 0.5691964285714286 0.4365079365079365 0.5744047619047619 0.43783068783068785 0.5803571428571429 0.4332010582010582 0.5885416666666666 0.42162698412698413 0.5932539682539683 0.4097222222222222 0.5887896825396826 0.4070767195767196 0.5791170634920635 0.41534391534391535 0.5714285714285714 0.4262566137566138 0.5691964285714286
0 0.4666005291005291 0.6312003968253969 0.4738756613756614 0.6326884920634921 0.48115079365079366 0.6396329365079365 0.4791666666666667 0.6485615079365079 0.47023809523809523 0.6555059523809523 0.453042328042328 0.6550099206349206 0.44775132275132273 0.6468253968253969 0.44841269841269843 0.6408730158730159 0.455026455026455 0.6331845238095238 0.4662698412698413 0.6312003968253969
0 0.4636243386243386 0.5533234126984127 0.4732142857142857 0.5607638888888888 0.47255291005291006 0.5662202380952381 0.4669312169312169 0.5726686507936508 0.45171957671957674 0.5696924603174603 0.44841269841269843 0.5642361111111112 0.45337301587301587 0.5555555555555556 0.4632936507936508 0.5533234126984127
0 0.37665343915343913 0.7033730158730159 0.38392857142857145 0.7065972222222222 0.3872354497354497 0.7142857142857143 0.38425925925925924 0.7237103174603174 0.37334656084656087 0.7291666666666666 0.3584656084656085 0.7222222222222222 0.35648148148148145 0.7135416666666666 0.36177248677248675 0.7061011904761905 0.37632275132275134 0.7033730158730159
0 0.38062169312169314 0.6594742063492064 0.3872354497354497 0.6644345238095238 0.38955026455026454 0.6721230158730159 0.3845899470899471 0.6790674603174603 0.37996031746031744 0.6810515873015873 0.3627645502645503 0.6775793650793651 0.3601190476190476 0.6684027777777778 0.3664021164021164 0.6599702380952381 0.3802910052910053 0.6594742063492064
0 0.4738756613756614 0.5190972222222222 0.4828042328042328 0.5230654761904762 0.48544973544973546 0.5329861111111112 0.4791666666666667 0.5404265873015873 0.47023809523809523 0.5419146825396826 0.45965608465608465 0.5379464285714286 0.4566798941798942 0.529265873015873 0.4623015873015873 0.5223214285714286 0.47354497354497355 0.5190972222222222
0 0.49503968253968256 0.4670138888888889 0.5059523809523809 0.4714781746031746 0.5089285714285714 0.4826388888888889 0.5046296296296297 0.4888392857142857 0.4947089947089947 0.49181547619047616 0.484457671957672 0.49107142857142855 0.47784391534391535 0.4809027777777778 0.4808201058201058 0.4722222222222222 0.4947089947089947 0.4670138888888889
0 0.5085978835978836 0.5530753968253969 0.5185185185185185 0.5597718253968254 0.519510582010582 0.5677083333333334 0.5128968253968254 0.576140873015873 0.5033068783068783 0.5786210317460317 0.48842592592592593 0.5726686507936508 0.4861111111111111 0.5632440476190477 0.4937169312169312 0.5553075396825397 0.5082671957671958 0.5530753968253969
0 0.4130291005291005 0.6346726190476191 0.4203042328042328 0.6369047619047619 0.42658730158730157 0.6453373015873016 0.4252645502645503 0.6550099206349206 0.4156746031746032 0.6594742063492064 0.4050925925925926 0.658234126984127 0.39914021164021163 0.654265873015873 0.396494708994709 0.6488095238095238 0.3968253968253968 0.6440972222222222 0.40046296296296297 0.6398809523809523 0.4126984126984127 0.6346726190476191
0 0.34226190476190477 0.6984126984126984 0.34953703703703703 0.7043650793650794 0.3525132275132275 0.7135416666666666 0.3419312169312169 0.7249503968253969 0.32837301587301587 0.7209821428571429 0.32142857142857145 0.7132936507936508 0.3237433862433862 0.7033730158730159 0.3287037037037037 0.699156746031746 0.3349867724867725 0.6974206349206349 0.3419312169312169 0.6984126984126984
0 0.359457671957672 0.7237103174603174 0.37003968253968256 0.7289186507936508 0.3723544973544973 0.7351190476190477 0.3680555555555556 0.7447916666666666 0.359457671957672 0.7492559523809523 0.3455687830687831 0.7455357142857143 0.3419312169312169 0.7348710317460317 0.3478835978835979 0.7261904761904762 0.35912698412698413 0.7237103174603174
0 0.3541666666666667 0.7492559523809523 0.3611111111111111 0.7542162698412699 0.36408730158730157 0.7626488095238095 0.35912698412698413 0.7703373015873016 0.3525132275132275 0.7740575396825397 0.3386243386243386 0.7720734126984127 0.33465608465608465 0.7686011904761905 0.3330026455026455 0.7614087301587301 0.3402777777777778 0.7512400793650794 0.35383597883597884 0.7492559523809523
0 0.31613756613756616 0.7455357142857143 0.328042328042328 0.7502480158730159 0.330026455026455 0.7569444444444444 0.3263888888888889 0.7661210317460317 0.31746031746031744 0.7698412698412699 0.3072089947089947 0.7678571428571429 0.2996031746031746 0.7586805555555556 0.3048941798941799 0.748015873015873 0.310515873015873 0.7452876984126984 0.3158068783068783 0.7455357142857143
0 0.4497354497354497 0.6872519841269841 0.46064814814814814 0.6927083333333334 0.46395502645502645 0.699156746031746 0.4576719576719577 0.7110615079365079 0.45171957671957674 0.7127976190476191 0.4398148148148148 0.7103174603174603 0.43287037037037035 0.7001488095238095 0.4365079365079365 0.691468253968254 0.4494047619047619 0.6872519841269841
0 0.37037037037037035 0.6798115079365079 0.37962962962962965 0.6827876984126984 0.3835978835978836 0.6889880952380952 0.38095238095238093 0.6964285714285714 0.3707010582010582 0.7013888888888888 0.35912698412698413 0.6989087301587301 0.353505291005291 0.6917162698412699 0.3541666666666667 0.685515873015873 0.35912698412698413 0.6808035714285714 0.3627645502645503 0.6790674603174603 0.37003968253968256 0.6798115079365079
0 0.5234788359788359 0.466765873015873 0.5370370370370371 0.47197420634920634 0.5390211640211641 0.47966269841269843 0.5320767195767195 0.4880952380952381 0.5224867724867724 0.4905753968253968 0.5148809523809523 0.4888392857142857 0.5102513227513228 0.4853670634920635 0.5089285714285714 0.4759424603174603 0.5122354497354498 0.47023809523809523 0.5231481481481481 0.466765873015873
0 0.3869047619047619 0.7393353174603174 0.39384920634920634 0.7423115079365079 0.396494708994709 0.7517361111111112 0.39285714285714285 0.7589285714285714 0.3835978835978836 0.7624007936507936 0.3726851851851852 0.7596726190476191 0.36607142857142855 0.7512400793650794 0.37367724867724866 0.7405753968253969 0.38657407407407407 0.7393353174603174
0 0.3835978835978836 0.580109126984127 0.39384920634920634 0.5833333333333334 0.39880952380952384 0.5882936507936508 0.3955026455026455 0.5994543650793651 0.38293650793650796 0.6029265873015873 0.37136243386243384 0.5984623015873016 0.36937830687830686 0.5925099206349206 0.37136243386243384 0.5850694444444444 0.38326719576719576 0.5803571428571429
0 0.4083994708994709 0.5900297619047619 0.4212962962962963 0.5942460317460317 0.42493386243386244 0.5987103174603174 0.421957671957672 0.6081349206349206 0.4117063492063492 0.613343253968254 0.40046296296296297 0.6111111111111112 0.3958333333333333 0.6041666666666666 0.3994708994708995 0.59375 0.4080687830687831 0.5900297619047619
0 0.27843915343915343 0.7375992063492064 0.2843915343915344 0.7413194444444444 0.2853835978835979 0.751984126984127 0.27976190476190477 0.7581845238095238 0.2698412698412698 0.7609126984126984 0.2585978835978836 0.7576884920634921 0.25562169312169314 0.7477678571428571 0.2585978835978836 0.7425595238095238 0.265542328042328 0.7378472222222222 0.2781084656084656 0.7375992063492064
0 0.46726190476190477 0.6555059523809523 0.4751984126984127 0.6592261904761905 0.4794973544973545 0.6646825396825397 0.4775132275132275 0.673859126984127 0.46726190476190477 0.6790674603174603 0.453042328042328 0.675843253968254 0.44841269841269843 0.6691468253968254 0.4497354497354497 0.6612103174603174 0.4540343915343915 0.6567460317460317 0.4669312169312169 0.6555059523809523
0 0.43584656084656087 0.5458829365079365 0.44246031746031744 0.5503472222222222 0.44477513227513227 0.5580357142857143 0.44113756613756616 0.5639880952380952 0.4322089947089947 0.5674603174603174 0.42162698412698413 0.5657242063492064 0.41633597883597884 0.5607638888888888 0.41534391534391535 0.5555555555555556 0.4226190476190476 0.5466269841269841 0.435515873015873 0.5458829365079365
0 0.4603174603174603 0.5716765873015873 0.4669312169312169 0.5744047619047619 0.47156084656084657 0.5838293650793651 0.46726190476190477 0.5907738095238095 0.45701058201058203 0.5949900793650794 0.44576719576719576 0.5915178571428571 0.44113756613756616 0.5813492063492064 0.4417989417989418 0.5778769841269841 0.4487433862433862 0.5724206349206349 0.453042328042328 0.5706845238095238 0.4599867724867725 0.5716765873015873
0 0.4775132275132275 0.6976686507936508 0.48578042328042326 0.7016369047619048 0.4887566137566138 0.7098214285714286 0.484457671957672 0.7182539682539683 0.47685185185185186 0.7212301587301587 0.4679232804232804 0.7204861111111112 0.4636243386243386 0.7177579365079365 0.4603174603174603 0.7098214285714286 0.46726190476190477 0.6989087301587301 0.4771825396825397 0.6976686507936508
0 0.4107142857142857 0.6852678571428571 0.41865079365079366 0.6870039682539683 0.4246031746031746 0.6956845238095238 0.4226190476190476 0.7041170634920635 0.4117063492063492 0.7090773809523809 0.4001322751322751 0.705109126984127 0.39384920634920634 0.6961805555555556 0.3974867724867725 0.6877480158730159 0.4103835978835979 0.6852678571428571
0 0.3845899470899471 0.6066468253968254 0.39384920634920634 0.6111111111111112 0.3955026455026455 0.6197916666666666 0.39021164021164023 0.6267361111111112 0.38095238095238093 0.6294642857142857 0.3687169312169312 0.6272321428571429 0.3644179894179894 0.6232638888888888 0.3621031746031746 0.6158234126984127 0.36904761904761907 0.607390873015873 0.37566137566137564 0.605406746031746 0.38425925925925924 0.6066468253968254
0 0.4087301587301587 0.6609623015873016 0.4193121693121693 0.6674107142857143 0.4203042328042328 0.6723710317460317 0.41633597883597884 0.6830357142857143 0.4044312169312169 0.6852678571428571 0.39384920634920634 0.6832837301587301 0.3888888888888889 0.6748511904761905 0.3974867724867725 0.6626984126984127 0.4083994708994709 0.6609623015873016
0 0.44212962962962965 0.6192956349206349 0.4494047619047619 0.6222718253968254 0.4537037037037037 0.6309523809523809 0.44675925925925924 0.6411210317460317 0.4375 0.6438492063492064 0.42592592592592593 0.6408730158730159 0.421957671957672 0.636656746031746 0.4209656084656085 0.6307043650793651 0.4279100529100529 0.6217757936507936 0.43452380952380953 0.6192956349206349 0.4417989417989418 0.6192956349206349
0 0.351521164021164 0.6049107142857143 0.3587962962962963 0.6091269841269841 0.36078042328042326 0.6163194444444444 0.3544973544973545 0.6235119047619048 0.3455687830687831 0.6267361111111112 0.33895502645502645 0.6259920634920635 0.333994708994709 0.623015873015873 0.3306878306878307 0.6123511904761905 0.3326719576719577 0.6083829365079365 0.3382936507936508 0.6051587301587301 0.35119047619047616 0.6049107142857143
0 0.503968253968254 0.5076884920634921 0.5122354497354498 0.5121527777777778 0.5142195767195767 0.5198412698412699 0.5095899470899471 0.5275297619047619 0.49933862433862436 0.53125 0.49404761904761907 0.53125 0.4871031746031746 0.5267857142857143 0.4828042328042328 0.5188492063492064 0.49107142857142855 0.5086805555555556 0.5036375661375662 0.5076884920634921
0 0.4166666666666667 0.7256944444444444 0.4252645502645503 0.7281746031746031 0.42956349206349204 0.7338789682539683 0.4279100529100529 0.7413194444444444 0.41798941798941797 0.7482638888888888 0.40773809523809523 0.748015873015873 0.4011243386243386 0.7452876984126984 0.3974867724867725 0.7385912698412699 0.4011243386243386 0.7311507936507936 0.41633597883597884 0.7256944444444444
0 0.43915343915343913 0.6674107142857143 0.44742063492063494 0.6716269841269841 0.4487433862433862 0.6793154761904762 0.4460978835978836 0.6857638888888888 0.43617724867724866 0.6909722222222222 0.42427248677248675 0.6889880952380952 0.4203042328042328 0.6850198412698413 0.419973544973545 0.6785714285714286 0.4246031746031746 0.6693948412698413 0.43882275132275134 0.6674107142857143