0 0.5546875 0.696875 0.5625 0.7015625 0.565625 0.7125 0.5640625 0.71875 0.5515625 0.7375 0.54375 0.74375 0.5265625 0.7421875 0.521875 0.7375 0.5203125 0.7296875 0.521875 0.7234375 0.5328125 0.70625 0.540625 0.6984375 0.553125 0.696875
0 0.5875 0.384375 0.5953125 0.38125 0.615625 0.3796875 0.6265625 0.3765625 0.646875 0.3765625 0.65 0.3828125 0.65 0.3890625 0.6453125 0.3921875 0.609375 0.3984375 0.590625 0.3984375 0.5875 0.39375 0.5875 0.3859375
0 0.6296875 0.71875 0.6609375 0.734375 0.6671875 0.740625 0.665625 0.746875 0.659375 0.753125 0.65 0.753125 0.609375 0.73125 0.6078125 0.728125 0.6171875 0.715625 0.628125 0.71875
0 0.7375 0.4390625 0.746875 0.4359375 0.7875 0.4375 0.79375 0.440625 0.796875 0.4453125 0.796875 0.453125 0.790625 0.459375 0.7859375 0.4609375 0.74375 0.459375 0.734375 0.4546875 0.7375 0.440625
0 0.534375 0.7453125 0.5515625 0.7578125 0.5640625 0.771875 0.5640625 0.7828125 0.559375 0.7875 0.5515625 0.790625 0.5453125 0.790625 0.5359375 0.7859375 0.521875 0.775 0.5125 0.7640625 0.5125 0.7546875 0.51875 0.746875 0.5328125 0.7453125
0 0.259375 0.6953125 0.2671875 0.703125 0.2625 0.7234375 0.2578125 0.734375 0.2515625 0.740625 0.2421875 0.74375 0.23125 0.7421875 0.225 0.7375 0.2265625 0.7234375 0.2296875 0.71875 0.23125 0.709375 0.2375 0.7 0.246875 0.6953125 0.2578125 0.6953125
0 0.6921875 0.4203125 0.7296875 0.4390625 0.7328125 0.4421875 0.7328125 0.446875 0.7265625 0.453125 0.709375 0.4515625 0.675 0.4328125 0.6734375 0.4296875 0.6796875 0.421875 0.684375 0.41875 0.690625 0.4203125
0 0.421875 0.3140625 0.428125 0.3203125 0.428125 0.3265625 0.425 0.3328125 0.3953125 0.3453125 0.3765625 0.34375 0.3703125 0.3359375 0.371875 0.328125 0.38125 0.321875 0.4 0.315625 0.4203125 0.3140625
0 0.5875 0.6859375 0.5953125 0.69375 0.6078125 0.7140625 0.6078125 0.7234375 0.6 0.73125 0.584375 0.7296875 0.575 0.7203125 0.5625 0.6984375 0.5625 0.6921875 0.5671875 0.6875 0.5734375 0.684375 0.5859375 0.6859375
0 0.4984375 0.2765625 0.50625 0.2828125 0.5078125 0.290625 0.478125 0.315625 0.471875 0.3171875 0.459375 0.3140625 0.4546875 0.30625 0.4546875 0.3 0.48125 0.278125 0.496875 0.2765625
0 0.76875 0.3984375 0.775 0.4015625 0.778125 0.40625 0.778125 0.4125 0.771875 0.41875 0.746875 0.4296875 0.7328125 0.4328125 0.725 0.43125 0.7171875 0.425 0.7171875 0.4171875 0.7203125 0.4125 0.753125 0.3984375 0.7671875 0.3984375