0 0.8382936507936508 0.988343253968254 0.8521825396825397 0.9923115079365079 0.8597883597883598 0.9997519841269841 0.8098544973544973 0.9997519841269841 0.8138227513227513 0.9945436507936508 0.8224206349206349 0.9908234126984127 0.8379629629629629 0.988343253968254
0 0.6891534391534392 0.9404761904761905 0.6994047619047619 0.9434523809523809 0.707010582010582 0.9494047619047619 0.7179232804232805 0.9702380952380952 0.7152777777777778 0.984375 0.707010582010582 0.9947916666666666 0.6987433862433863 0.9997519841269841 0.6769179894179894 0.9997519841269841 0.6703042328042328 0.996031746031746 0.6643518518518519 0.9905753968253969 0.6570767195767195 0.9737103174603174 0.6577380952380952 0.9608134920634921 0.6640211640211641 0.9494047619047619 0.6752645502645502 0.9419642857142857 0.6888227513227513 0.9404761904761905
0 0.7761243386243386 0.6999007936507936 0.7943121693121693 0.7083333333333334 0.7982804232804233 0.7132936507936508 0.8015873015873016 0.7251984126984127 0.8005952380952381 0.734375 0.7966269841269841 0.7400793650793651 0.7890211640211641 0.7447916666666666 0.7767857142857143 0.7475198412698413 0.7658730158730159 0.7472718253968254 0.7552910052910053 0.7440476190476191 0.7423941798941799 0.7309027777777778 0.7387566137566137 0.7204861111111112 0.7404100529100529 0.7108134920634921 0.7463624338624338 0.7053571428571429 0.7612433862433863 0.7006448412698413 0.7757936507936508 0.6999007936507936
0 0.7251984126984127 0.7237103174603174 0.7347883597883598 0.7259424603174603 0.7490079365079365 0.7375992063492064 0.7533068783068783 0.7447916666666666 0.7533068783068783 0.7589285714285714 0.7516534391534392 0.7643849206349206 0.7457010582010583 0.7693452380952381 0.7341269841269841 0.7740575396825397 0.7208994708994709 0.7755456349206349 0.7083333333333334 0.7725694444444444 0.6984126984126984 0.7666170634920635 0.6871693121693122 0.7514880952380952 0.685515873015873 0.7437996031746031 0.6888227513227513 0.7366071428571429 0.6957671957671958 0.7296626984126984 0.7099867724867724 0.7247023809523809 0.7248677248677249 0.7237103174603174
0 0.748015873015873 0.6557539682539683 0.7615740740740741 0.6609623015873016 0.7724867724867724 0.6691468253968254 0.7764550264550265 0.6746031746031746 0.7764550264550265 0.6805555555555556 0.7744708994708994 0.6892361111111112 0.7691798941798942 0.6969246031746031 0.7466931216931217 0.7041170634920635 0.7377645502645502 0.7028769841269841 0.7245370370370371 0.6961805555555556 0.7152777777777778 0.6865079365079365 0.7132936507936508 0.6770833333333334 0.7159391534391535 0.6688988095238095 0.7238756613756614 0.660218253968254 0.730489417989418 0.6567460317460317 0.7476851851851852 0.6557539682539683
0 0.42757936507936506 0.9615575396825397 0.43915343915343913 0.9655257936507936 0.4470899470899471 0.9717261904761905 0.45436507936507936 0.9880952380952381 0.45337301587301587 0.9997519841269841 0.3974867724867725 0.9997519841269841 0.39616402116402116 0.9848710317460317 0.4037698412698413 0.9719742063492064 0.41633597883597884 0.9623015873015873 0.42724867724867727 0.9615575396825397
0 0.5958994708994709 0.6314484126984127 0.6140873015873016 0.6453373015873016 0.6170634920634921 0.658234126984127 0.609457671957672 0.6755952380952381 0.6025132275132276 0.6803075396825397 0.5912698412698413 0.6832837301587301 0.5707671957671958 0.6798115079365079 0.5634920634920635 0.6755952380952381 0.5572089947089947 0.667906746031746 0.5539021164021164 0.6545138888888888 0.5598544973544973 0.6418650793650794 0.5710978835978836 0.6326884920634921 0.5813492063492064 0.6299603174603174 0.595568783068783 0.6314484126984127
0 0.5224867724867724 0.6701388888888888 0.5363756613756614 0.6741071428571429 0.5406746031746031 0.6778273809523809 0.5466269841269841 0.6932043650793651 0.5439814814814815 0.7028769841269841 0.5380291005291006 0.7100694444444444 0.5317460317460317 0.7135416666666666 0.5171957671957672 0.7170138888888888 0.501984126984127 0.7150297619047619 0.49074074074074076 0.7083333333333334 0.4861111111111111 0.7021329365079365 0.48412698412698413 0.6860119047619048 0.4894179894179894 0.6775793650793651 0.5006613756613757 0.6708829365079365 0.5132275132275133 0.6691468253968254 0.5221560846560847 0.6701388888888888
0 0.3568121693121693 0.9139384920634921 0.3664021164021164 0.9159226190476191 0.3802910052910053 0.9241071428571429 0.3855820105820106 0.9384920634920635 0.38095238095238093 0.9615575396825397 0.375 0.9675099206349206 0.35912698412698413 0.9729662698412699 0.34325396825396826 0.9717261904761905 0.33035714285714285 0.964781746031746 0.32605820105820105 0.9600694444444444 0.32341269841269843 0.9489087301587301 0.3244047619047619 0.9370039682539683 0.3306878306878307 0.9255952380952381 0.34424603174603174 0.9171626984126984 0.35648148148148145 0.9139384920634921
0 0.4503968253968254 0.6741071428571429 0.4738756613756614 0.6803075396825397 0.48214285714285715 0.689484126984127 0.48478835978835977 0.6994047619047619 0.4837962962962963 0.7063492063492064 0.4771825396825397 0.7165178571428571 0.46726190476190477 0.7239583333333334 0.45701058201058203 0.7266865079365079 0.43915343915343913 0.7247023809523809 0.43154761904761907 0.7217261904761905 0.42162698412698413 0.7115575396825397 0.4193121693121693 0.7018849206349206 0.4209656084656085 0.6902281746031746 0.42724867724867727 0.6817956349206349 0.43584656084656087 0.6765873015873016 0.45006613756613756 0.6741071428571429
0 0.4738756613756614 0.6294642857142857 0.49007936507936506 0.6334325396825397 0.4990079365079365 0.6431051587301587 0.5029761904761905 0.6532738095238095 0.5023148148148148 0.6617063492063492 0.49834656084656087 0.6684027777777778 0.48743386243386244 0.6748511904761905 0.476521164021164 0.6770833333333334 0.460978835978836 0.6760912698412699 0.45271164021164023 0.6733630952380952 0.4451058201058201 0.6649305555555556 0.4398148148148148 0.6525297619047619 0.4417989417989418 0.6433531746031746 0.45271164021164023 0.6334325396825397 0.46164021164021163 0.6302083333333334 0.47354497354497355 0.6294642857142857
0 0.3673941798941799 0.7569444444444444 0.37665343915343913 0.7579365079365079 0.38392857142857145 0.7628968253968254 0.390542328042328 0.7733134920634921 0.3915343915343915 0.783234126984127 0.3816137566137566 0.8010912698412699 0.36937830687830686 0.8072916666666666 0.36144179894179895 0.8082837301587301 0.3492063492063492 0.8077876984126984 0.33796296296296297 0.8035714285714286 0.33134920634920634 0.7963789682539683 0.32705026455026454 0.7795138888888888 0.33134920634920634 0.769593253968254 0.3402777777777778 0.7609126984126984 0.3488756613756614 0.7566964285714286 0.36706349206349204 0.7569444444444444
0 0.376984126984127 0.7085813492063492 0.3948412698412698 0.7135416666666666 0.3994708994708995 0.7234623015873016 0.4001322751322751 0.7356150793650794 0.3941798941798942 0.7497519841269841 0.38492063492063494 0.7552083333333334 0.37665343915343913 0.7571924603174603 0.3601190476190476 0.7564484126984127 0.34755291005291006 0.7529761904761905 0.33895502645502645 0.7445436507936508 0.3369708994708995 0.7326388888888888 0.33994708994708994 0.7234623015873016 0.3525132275132275 0.7127976190476191 0.36243386243386244 0.7093253968253969 0.37665343915343913 0.7085813492063492
0 0.29993386243386244 0.7765376984126984 0.31613756613756616 0.7824900793650794 0.32175925925925924 0.7884424603174603 0.32407407407407407 0.796875 0.31415343915343913 0.8172123015873016 0.30224867724867727 0.8246527777777778 0.2837301587301587 0.8293650793650794 0.2744708994708995 0.8283730158730159 0.2612433862433862 0.8209325396825397 0.2576058201058201 0.8142361111111112 0.2569444444444444 0.7971230158730159 0.2648809523809524 0.7854662698412699 0.27546296296296297 0.7785218253968254 0.2996031746031746 0.7765376984126984
0 0.6246693121693122 0.4662698412698413 0.6335978835978836 0.4694940476190476 0.644510582010582 0.47867063492063494 0.6491402116402116 0.49206349206349204 0.646494708994709 0.5017361111111112 0.6412037037037037 0.5084325396825397 0.6312830687830688 0.515625 0.6213624338624338 0.5173611111111112 0.6071428571428571 0.5163690476190477 0.5978835978835979 0.511656746031746 0.5902777777777778 0.5024801587301587 0.5879629629629629 0.49007936507936506 0.5912698412698413 0.4809027777777778 0.6018518518518519 0.47172619047619047 0.6150793650793651 0.466765873015873 0.6243386243386243 0.4662698412698413
0 0.42857142857142855 0.5672123015873016 0.44212962962962965 0.5706845238095238 0.45271164021164023 0.5778769841269841 0.45701058201058203 0.5843253968253969 0.4580026455026455 0.5944940476190477 0.4540343915343915 0.6056547619047619 0.4494047619047619 0.6101190476190477 0.4351851851851852 0.6178075396825397 0.4226190476190476 0.6200396825396826 0.4146825396825397 0.6192956349206349 0.3998015873015873 0.6125992063492064 0.392526455026455 0.6036706349206349 0.39021164021164023 0.5949900793650794 0.3931878306878307 0.5850694444444444 0.4001322751322751 0.5766369047619048 0.41865079365079366 0.5687003968253969 0.42824074074074076 0.5672123015873016
0 0.31117724867724866 0.6046626984126984 0.32175925925925924 0.6083829365079365 0.3290343915343915 0.6143353174603174 0.3333333333333333 0.6225198412698413 0.33366402116402116 0.6292162698412699 0.3247354497354497 0.6450892857142857 0.314484126984127 0.6510416666666666 0.30357142857142855 0.6532738095238095 0.2857142857142857 0.6515376984126984 0.2794312169312169 0.6485615079365079 0.27215608465608465 0.640625 0.2705026455026455 0.6319444444444444 0.27546296296296297 0.6227678571428571 0.2933201058201058 0.6071428571428571 0.31084656084656087 0.6046626984126984
0 0.19576719576719576 0.7576884920634921 0.21825396825396826 0.7648809523809523 0.22321428571428573 0.7728174603174603 0.22387566137566137 0.7837301587301587 0.22056878306878308 0.7936507936507936 0.21428571428571427 0.8003472222222222 0.20105820105820105 0.8067956349206349 0.19345238095238096 0.8082837301587301 0.17857142857142858 0.8048115079365079 0.16832010582010581 0.8000992063492064 0.16104497354497355 0.7916666666666666 0.15873015873015872 0.7785218253968254 0.1636904761904762 0.7683531746031746 0.1712962962962963 0.7611607142857143 0.1822089947089947 0.7569444444444444 0.19543650793650794 0.7576884920634921
0 0.37037037037037035 0.5391865079365079 0.38326719576719576 0.5424107142857143 0.3915343915343915 0.5491071428571429 0.39616402116402116 0.5570436507936508 0.3974867724867725 0.5677083333333334 0.39384920634920634 0.5744047619047619 0.38425925925925924 0.5823412698412699 0.36772486772486773 0.5870535714285714 0.35548941798941797 0.5863095238095238 0.3419312169312169 0.5823412698412699 0.3316798941798942 0.5674603174603174 0.33134920634920634 0.5615079365079365 0.3382936507936508 0.5498511904761905 0.3472222222222222 0.5426587301587301 0.35813492063492064 0.5391865079365079 0.37003968253968256 0.5391865079365079
0 0.546957671957672 0.37524801587301587 0.5568783068783069 0.3777281746031746 0.5671296296296297 0.38392857142857145 0.5717592592592593 0.39037698412698413 0.5727513227513228 0.3975694444444444 0.5697751322751323 0.4079861111111111 0.5641534391534392 0.4146825396825397 0.5529100529100529 0.421875 0.5436507936507936 0.4246031746031746 0.5304232804232805 0.4226190476190476 0.5152116402116402 0.41443452380952384 0.5085978835978836 0.4045138888888889 0.5079365079365079 0.3933531746031746 0.5112433862433863 0.3871527777777778 0.5221560846560847 0.37971230158730157 0.5376984126984127 0.37549603174603174 0.5466269841269841 0.37524801587301587