0 0.23412698412698413 0.3410218253968254 0.24206349206349206 0.34523809523809523 0.2457010582010582 0.35267857142857145 0.24173280423280424 0.361359126984127 0.23082010582010581 0.3655753968253968 0.22023809523809523 0.3630952380952381 0.21593915343915343 0.35987103174603174 0.21461640211640212 0.34871031746031744 0.2166005291005291 0.3444940476190476 0.2337962962962963 0.3410218253968254
0 0.2791005291005291 0.6336805555555556 0.2867063492063492 0.638640873015873 0.289021164021164 0.6480654761904762 0.2863756613756614 0.6537698412698413 0.2748015873015873 0.6589781746031746 0.26587301587301587 0.658234126984127 0.2595899470899471 0.6547619047619048 0.2562830687830688 0.6436011904761905 0.25892857142857145 0.6381448412698413 0.26521164021164023 0.6339285714285714 0.2787698412698413 0.6336805555555556
0 0.7417328042328042 0.35788690476190477 0.7516534391534392 0.3611111111111111 0.7542989417989417 0.36929563492063494 0.7443783068783069 0.3802083333333333 0.7367724867724867 0.3819444444444444 0.7308201058201058 0.38169642857142855 0.7232142857142857 0.37797619047619047 0.7202380952380952 0.36904761904761907 0.7228835978835979 0.3638392857142857 0.7311507936507936 0.35813492063492064 0.7414021164021164 0.35788690476190477
0 0.6101190476190477 0.3410218253968254 0.6197089947089947 0.34523809523809523 0.6240079365079365 0.35342261904761907 0.6197089947089947 0.3618551587301587 0.609457671957672 0.3658234126984127 0.5982142857142857 0.3638392857142857 0.5929232804232805 0.35887896825396826 0.5916005291005291 0.3524305555555556 0.5985449735449735 0.34325396825396826 0.6097883597883598 0.3410218253968254
0 0.6517857142857143 0.4660218253968254 0.6583994708994709 0.4722222222222222 0.6593915343915344 0.4806547619047619 0.654431216931217 0.4868551587301587 0.6461640211640212 0.48933531746031744 0.6339285714285714 0.486359126984127 0.6286375661375662 0.47619047619047616 0.6326058201058201 0.47023809523809523 0.640542328042328 0.4652777777777778 0.6514550264550265 0.4660218253968254
0 0.5952380952380952 0.7018849206349206 0.6031746031746031 0.7065972222222222 0.6068121693121693 0.7123015873015873 0.6058201058201058 0.7204861111111112 0.5952380952380952 0.7276785714285714 0.5813492063492064 0.7254464285714286 0.5757275132275133 0.7204861111111112 0.5737433862433863 0.714781746031746 0.5740740740740741 0.7093253968253969 0.5783730158730159 0.7048611111111112 0.5853174603174603 0.7016369047619048 0.5949074074074074 0.7018849206349206
0 0.576058201058201 0.2728174603174603 0.5830026455026455 0.2775297619047619 0.5866402116402116 0.283234126984127 0.5849867724867724 0.2899305555555556 0.5744047619047619 0.2961309523809524 0.5618386243386243 0.2934027777777778 0.5572089947089947 0.28869047619047616 0.5558862433862434 0.2822420634920635 0.5608465608465608 0.27356150793650796 0.5681216931216931 0.2718253968253968 0.5757275132275133 0.2728174603174603
0 0.16071428571428573 0.29216269841269843 0.17294973544973544 0.2958829365079365 0.1779100529100529 0.3030753968253968 0.17427248677248677 0.31374007936507936 0.16236772486772486 0.31721230158730157 0.1474867724867725 0.3142361111111111 0.14054232804232805 0.3082837301587302 0.13855820105820105 0.3033234126984127 0.13955026455026456 0.296875 0.14351851851851852 0.29365079365079366 0.16038359788359788 0.29216269841269843
0 0.44907407407407407 0.595734126984127 0.45866402116402116 0.5989583333333334 0.4632936507936508 0.6071428571428571 0.45965608465608465 0.6183035714285714 0.4494047619047619 0.6222718253968254 0.435515873015873 0.6200396825396826 0.4312169312169312 0.6160714285714286 0.42923280423280424 0.609375 0.4305555555555556 0.6039186507936508 0.43584656084656087 0.5984623015873016 0.4487433862433862 0.595734126984127
0 0.4308862433862434 0.6884920634920635 0.4417989417989418 0.6917162698412699 0.4470899470899471 0.6994047619047619 0.4427910052910053 0.7080853174603174 0.4312169312169312 0.7140376984126984 0.4183201058201058 0.7110615079365079 0.41335978835978837 0.7033730158730159 0.4169973544973545 0.6924603174603174 0.4226190476190476 0.6892361111111112 0.4305555555555556 0.6884920634920635
0 0.390542328042328 0.4104662698412698 0.40046296296296297 0.41369047619047616 0.40575396825396826 0.42162698412698413 0.4011243386243386 0.4322916666666667 0.390542328042328 0.4367559523809524 0.37996031746031744 0.43526785714285715 0.36574074074074076 0.4255952380952381 0.36607142857142855 0.42063492063492064 0.37136243386243384 0.4146825396825397 0.39021164021164023 0.4104662698412698
0 0.22354497354497355 0.5104166666666666 0.23313492063492064 0.5153769841269841 0.2347883597883598 0.5245535714285714 0.22718253968253968 0.5324900793650794 0.21825396825396826 0.5339781746031746 0.2113095238095238 0.533234126984127 0.2046957671957672 0.5295138888888888 0.20105820105820105 0.5188492063492064 0.20667989417989419 0.5126488095238095 0.22321428571428573 0.5104166666666666
0 0.3306878306878307 0.31746031746031744 0.3419312169312169 0.3236607142857143 0.3445767195767196 0.3318452380952381 0.3396164021164021 0.3392857142857143 0.3296957671957672 0.3420138888888889 0.31646825396825395 0.33804563492063494 0.31183862433862436 0.32762896825396826 0.31382275132275134 0.32316468253968256 0.3210978835978836 0.31746031746031744 0.33035714285714285 0.31746031746031744
0 0.718915343915344 0.3420138888888889 0.7278439153439153 0.34598214285714285 0.7314814814814815 0.3556547619047619 0.7245370370370371 0.36334325396825395 0.7179232804232805 0.3665674603174603 0.7099867724867724 0.3663194444444444 0.7033730158730159 0.3635912698412698 0.6994047619047619 0.359375 0.6990740740740741 0.35466269841269843 0.7056878306878307 0.34523809523809523 0.718584656084656 0.3420138888888889
0 0.1541005291005291 0.5873015873015873 0.16567460317460317 0.59375 0.1669973544973545 0.6024305555555556 0.16137566137566137 0.6096230158730159 0.15013227513227514 0.6125992063492064 0.14384920634920634 0.6125992063492064 0.13657407407407407 0.6088789682539683 0.13260582010582012 0.5989583333333334 0.1412037037037037 0.5882936507936508 0.15376984126984128 0.5873015873015873
0 0.18882275132275134 0.44518849206349204 0.2003968253968254 0.4513888888888889 0.20171957671957672 0.4632936507936508 0.1931216931216931 0.4704861111111111 0.1822089947089947 0.4714781746031746 0.16997354497354497 0.4652777777777778 0.167989417989418 0.4558531746031746 0.17526455026455026 0.44717261904761907 0.1884920634920635 0.44518849206349204
0 0.6051587301587301 0.3715277777777778 0.6137566137566137 0.37624007936507936 0.6160714285714286 0.3871527777777778 0.6091269841269841 0.39360119047619047 0.5992063492063492 0.3960813492063492 0.5863095238095238 0.39112103174603174 0.583994708994709 0.38070436507936506 0.5912698412698413 0.3725198412698413 0.6048280423280423 0.3715277777777778
0 0.5512566137566137 0.3474702380952381 0.5611772486772487 0.3521825396825397 0.5651455026455027 0.35887896825396826 0.5618386243386243 0.37003968253968256 0.5519179894179894 0.3732638888888889 0.5386904761904762 0.3705357142857143 0.5327380952380952 0.36160714285714285 0.5360449735449735 0.35267857142857145 0.5426587301587301 0.34871031746031744 0.5509259259259259 0.3474702380952381
0 0.5681216931216931 0.2251984126984127 0.5777116402116402 0.22767857142857142 0.5853174603174603 0.23759920634920634 0.582010582010582 0.24677579365079366 0.5704365079365079 0.2527281746031746 0.5572089947089947 0.25049603174603174 0.5492724867724867 0.24156746031746032 0.5496031746031746 0.234375 0.5525793650793651 0.23040674603174602 0.5598544973544973 0.22594246031746032 0.5677910052910053 0.2251984126984127
0 0.16038359788359788 0.515625 0.1669973544973545 0.5220734126984127 0.16666666666666666 0.5290178571428571 0.16104497354497355 0.5376984126984127 0.15112433862433863 0.5401785714285714 0.14351851851851852 0.5396825396825397 0.1359126984126984 0.5357142857142857 0.13326719576719576 0.5317460317460317 0.1335978835978836 0.5255456349206349 0.14351851851851852 0.5163690476190477 0.15046296296296297 0.5146329365079365 0.16005291005291006 0.515625
0 0.6798941798941799 0.4486607142857143 0.6881613756613757 0.45287698412698413 0.691468253968254 0.4600694444444444 0.6888227513227513 0.46750992063492064 0.6785714285714286 0.4722222222222222 0.6643518518518519 0.470734126984127 0.6577380952380952 0.4635416666666667 0.6574074074074074 0.4583333333333333 0.6650132275132276 0.45014880952380953 0.6795634920634921 0.4486607142857143
0 0.41104497354497355 0.37797619047619047 0.42162698412698413 0.38169642857142855 0.42824074074074076 0.39012896825396826 0.4252645502645503 0.3998015873015873 0.4146825396825397 0.40500992063492064 0.4027777777777778 0.4010416666666667 0.3958333333333333 0.39112103174603174 0.3998015873015873 0.3812003968253968 0.4107142857142857 0.37797619047619047
0 0.6815476190476191 0.7061011904761905 0.6927910052910053 0.7098214285714286 0.6970899470899471 0.7162698412698413 0.6934523809523809 0.7276785714285714 0.6822089947089947 0.7318948412698413 0.671957671957672 0.7301587301587301 0.6640211640211641 0.7202380952380952 0.6669973544973545 0.7103174603174603 0.6736111111111112 0.7065972222222222 0.6812169312169312 0.7061011904761905
0 0.30423280423280424 0.39806547619047616 0.31415343915343913 0.40500992063492064 0.3151455026455027 0.4126984126984127 0.3115079365079365 0.41889880952380953 0.3039021164021164 0.4226190476190476 0.29365079365079366 0.42237103174603174 0.2876984126984127 0.419890873015873 0.2824074074074074 0.4114583333333333 0.28406084656084657 0.40476190476190477 0.28835978835978837 0.4000496031746032 0.2959656084656085 0.39732142857142855 0.3039021164021164 0.39806547619047616
0 0.2724867724867725 0.41592261904761907 0.2843915343915344 0.42162698412698413 0.2873677248677249 0.42757936507936506 0.28273809523809523 0.4384920634920635 0.2728174603174603 0.44246031746031744 0.25892857142857145 0.4392361111111111 0.2526455026455027 0.43278769841269843 0.2562830687830688 0.42063492063492064 0.2619047619047619 0.4174107142857143 0.27215608465608465 0.41592261904761907
0 0.18452380952380953 0.5238095238095238 0.19444444444444445 0.5295138888888888 0.19477513227513227 0.5396825396825397 0.1884920634920635 0.5461309523809523 0.17956349206349206 0.5478670634920635 0.16865079365079366 0.5466269841269841 0.1636904761904762 0.542906746031746 0.16170634920634921 0.5369543650793651 0.17063492063492064 0.5255456349206349 0.1841931216931217 0.5238095238095238
0 0.4305555555555556 0.7244543650793651 0.44312169312169314 0.7306547619047619 0.44642857142857145 0.7371031746031746 0.44312169312169314 0.7485119047619048 0.43253968253968256 0.753968253968254 0.42592592592592593 0.7529761904761905 0.41633597883597884 0.748015873015873 0.4113756613756614 0.7413194444444444 0.4123677248677249 0.7338789682539683 0.4176587301587302 0.7274305555555556 0.43022486772486773 0.7244543650793651
0 0.26951058201058203 0.5252976190476191 0.27976190476190477 0.5310019841269841 0.28174603174603174 0.5369543650793651 0.27645502645502645 0.5466269841269841 0.267526455026455 0.5500992063492064 0.25892857142857145 0.5491071428571429 0.25396825396825395 0.5463789682539683 0.24966931216931218 0.5347222222222222 0.25132275132275134 0.5305059523809523 0.25727513227513227 0.5260416666666666 0.2691798941798942 0.5252976190476191
0 0.7953042328042328 0.5381944444444444 0.8062169312169312 0.5416666666666666 0.8128306878306878 0.5503472222222222 0.8082010582010583 0.5612599206349206 0.796957671957672 0.5654761904761905 0.7824074074074074 0.5627480158730159 0.7731481481481481 0.5535714285714286 0.779431216931217 0.5414186507936508 0.7857142857142857 0.5386904761904762 0.794973544973545 0.5381944444444444
0 0.330026455026455 0.6634424603174603 0.3373015873015873 0.667906746031746 0.3396164021164021 0.6775793650793651 0.3353174603174603 0.6852678571428571 0.3244047619047619 0.689484126984127 0.3177910052910053 0.689484126984127 0.3101851851851852 0.6852678571428571 0.30654761904761907 0.6753472222222222 0.310515873015873 0.6688988095238095 0.3167989417989418 0.6644345238095238 0.3296957671957672 0.6634424603174603
0 0.830026455026455 0.5815972222222222 0.8392857142857143 0.5850694444444444 0.845568783068783 0.5932539682539683 0.8422619047619048 0.6019345238095238 0.832010582010582 0.6066468253968254 0.8244047619047619 0.6061507936507936 0.8177910052910053 0.6031746031746031 0.8111772486772487 0.5922619047619048 0.8177910052910053 0.5838293650793651 0.8296957671957672 0.5815972222222222
0 0.2037037037037037 0.3400297619047619 0.21296296296296297 0.34523809523809523 0.21494708994708994 0.35466269841269843 0.21428571428571427 0.359375 0.2046957671957672 0.36408730158730157 0.19576719576719576 0.36334325396825395 0.18915343915343916 0.3603670634920635 0.1832010582010582 0.35267857142857145 0.18485449735449735 0.3454861111111111 0.18882275132275134 0.34151785714285715 0.19510582010582012 0.3395337301587302 0.20337301587301587 0.3400297619047619
0 0.33134920634920634 0.49603174603174605 0.3406084656084656 0.501984126984127 0.3425925925925926 0.5124007936507936 0.33895502645502645 0.5188492063492064 0.328042328042328 0.5233134920634921 0.32043650793650796 0.5228174603174603 0.31382275132275134 0.5198412698412699 0.3072089947089947 0.5133928571428571 0.3062169312169312 0.5074404761904762 0.30952380952380953 0.5014880952380952 0.31547619047619047 0.4972718253968254 0.3244047619047619 0.49528769841269843 0.33101851851851855 0.49603174603174605
0 0.22056878306878308 0.3635912698412698 0.2318121693121693 0.3678075396825397 0.2371031746031746 0.37648809523809523 0.23445767195767195 0.38392857142857145 0.22552910052910052 0.3878968253968254 0.21263227513227514 0.38566468253968256 0.20502645502645503 0.376984126984127 0.20833333333333334 0.3655753968253968 0.22023809523809523 0.3635912698412698
0 0.19047619047619047 0.28125 0.20304232804232805 0.28596230158730157 0.207010582010582 0.2916666666666667 0.20403439153439154 0.30158730158730157 0.19510582010582012 0.30580357142857145 0.18055555555555555 0.30282738095238093 0.17394179894179895 0.2934027777777778 0.1779100529100529 0.28422619047619047 0.1822089947089947 0.28149801587301587 0.19014550264550265 0.28125
0 0.4255952380952381 0.33581349206349204 0.43584656084656087 0.3400297619047619 0.4384920634920635 0.3489583333333333 0.43187830687830686 0.3568948412698413 0.4226190476190476 0.3586309523809524 0.4113756613756614 0.3559027777777778 0.4064153439153439 0.34871031746031744 0.4117063492063492 0.3392857142857143 0.4252645502645503 0.33581349206349204
0 0.5092592592592593 0.3635912698412698 0.5198412698412699 0.3680555555555556 0.5241402116402116 0.3757440476190476 0.5205026455026455 0.3844246031746032 0.5119047619047619 0.3881448412698413 0.49834656084656087 0.3851686507936508 0.49206349206349204 0.3767361111111111 0.4947089947089947 0.3687996031746032 0.5016534391534392 0.3645833333333333 0.5089285714285714 0.3635912698412698
0 0.19940476190476192 0.48115079365079366 0.207010582010582 0.48487103174603174 0.21064814814814814 0.4937996031746032 0.207010582010582 0.501984126984127 0.1974206349206349 0.5052083333333334 0.18783068783068782 0.5049603174603174 0.18055555555555555 0.5022321428571429 0.1746031746031746 0.49255952380952384 0.18452380952380953 0.48214285714285715 0.19907407407407407 0.48115079365079366
0 0.3419312169312169 0.5962301587301587 0.3492063492063492 0.597718253968254 0.3558201058201058 0.6029265873015873 0.357473544973545 0.609375 0.3531746031746032 0.6197916666666666 0.3458994708994709 0.6232638888888888 0.33796296296296297 0.6232638888888888 0.33035714285714285 0.6200396825396826 0.32506613756613756 0.6138392857142857 0.328042328042328 0.6011904761904762 0.33465608465608465 0.5974702380952381 0.3416005291005291 0.5964781746031746
0 0.24338624338624337 0.14682539682539683 0.25363756613756616 0.15079365079365079 0.26025132275132273 0.15848214285714285 0.25793650793650796 0.16815476190476192 0.24801587301587302 0.17336309523809523 0.23445767195767195 0.17038690476190477 0.2261904761904762 0.16071428571428573 0.230489417989418 0.1498015873015873 0.23743386243386244 0.14682539682539683 0.24305555555555555 0.14682539682539683
0 0.2757936507936508 0.4496527777777778 0.2843915343915344 0.45163690476190477 0.2900132275132275 0.45808531746031744 0.2906746031746032 0.4642857142857143 0.28703703703703703 0.47172619047619047 0.2824074074074074 0.47470238095238093 0.2728174603174603 0.4759424603174603 0.2622354497354497 0.470734126984127 0.25992063492063494 0.46750992063492064 0.26091269841269843 0.4556051587301587 0.2681878306878307 0.451140873015873 0.27546296296296297 0.44990079365079366
0 0.17063492063492064 0.466765873015873 0.1822089947089947 0.4724702380952381 0.18353174603174602 0.4826388888888889 0.17526455026455026 0.49032738095238093 0.1650132275132275 0.4915674603174603 0.15244708994708994 0.4878472222222222 0.1474867724867725 0.48214285714285715 0.14682539682539683 0.4771825396825397 0.1541005291005291 0.46875 0.1703042328042328 0.466765873015873
0 0.30357142857142855 0.44047619047619047 0.3125 0.44221230158730157 0.3191137566137566 0.44816468253968256 0.31977513227513227 0.4538690476190476 0.31613756613756616 0.46056547619047616 0.31117724867724866 0.4635416666666667 0.29794973544973546 0.46403769841269843 0.2873677248677249 0.4565972222222222 0.28835978835978837 0.4459325396825397 0.29563492063492064 0.4419642857142857 0.30324074074074076 0.44072420634920634
0 0.7361111111111112 0.4446924603174603 0.746031746031746 0.4496527777777778 0.7493386243386243 0.4585813492063492 0.7453703703703703 0.4677579365079365 0.7321428571428571 0.47197420634920634 0.7238756613756614 0.470734126984127 0.7166005291005291 0.46651785714285715 0.7136243386243386 0.45610119047619047 0.716931216931217 0.4506448412698413 0.7242063492063492 0.4461805555555556 0.7357804232804233 0.4446924603174603
0 0.5228174603174603 0.4174107142857143 0.5327380952380952 0.4226190476190476 0.5347222222222222 0.42956349206349204 0.5297619047619048 0.4382440476190476 0.519510582010582 0.44221230158730157 0.5069444444444444 0.43973214285714285 0.5003306878306878 0.4337797619047619 0.49933862433862436 0.4270833333333333 0.5023148148148148 0.421875 0.5085978835978836 0.4181547619047619 0.5224867724867724 0.4174107142857143
0 0.5958994708994709 0.25768849206349204 0.6058201058201058 0.2621527777777778 0.6091269841269841 0.26860119047619047 0.6071428571428571 0.2775297619047619 0.5978835978835979 0.2829861111111111 0.5882936507936508 0.28273809523809523 0.5777116402116402 0.26959325396825395 0.5836640211640212 0.26066468253968256 0.595568783068783 0.25768849206349204
0 0.501984126984127 0.25768849206349204 0.5125661375661376 0.26240079365079366 0.5165343915343915 0.27058531746031744 0.5085978835978836 0.28149801587301587 0.4990079365079365 0.283234126984127 0.48677248677248675 0.279265873015873 0.48214285714285715 0.26785714285714285 0.4880952380952381 0.25992063492063494 0.5016534391534392 0.25768849206349204
0 0.4289021164021164 0.35788690476190477 0.43882275132275134 0.3628472222222222 0.44113756613756616 0.37375992063492064 0.435515873015873 0.38169642857142855 0.4252645502645503 0.3841765873015873 0.4107142857142857 0.3777281746031746 0.40906084656084657 0.36929563492063494 0.4146825396825397 0.3611111111111111 0.42857142857142855 0.35788690476190477
0 0.45701058201058203 0.3685515873015873 0.46726190476190477 0.3732638888888889 0.4718915343915344 0.38492063492063494 0.4669312169312169 0.392609126984127 0.45634920634920634 0.39459325396825395 0.44543650793650796 0.39112103174603174 0.44246031746031744 0.3814484126984127 0.44742063492063494 0.37177579365079366 0.4566798941798942 0.3685515873015873
0 0.18882275132275134 0.36706349206349204 0.20006613756613756 0.3715277777777778 0.2046957671957672 0.37896825396825395 0.20171957671957672 0.38764880952380953 0.18915343915343916 0.3923611111111111 0.17824074074074073 0.390625 0.17162698412698413 0.38492063492063494 0.16997354497354497 0.37996031746031744 0.1712962962962963 0.37450396825396826 0.17724867724867724 0.36904761904761907 0.1884920634920635 0.36706349206349204
0 0.5727513227513228 0.4556051587301587 0.5810185185185185 0.4632936507936508 0.5816798941798942 0.470734126984127 0.5757275132275133 0.47867063492063494 0.5677910052910053 0.4818948412698413 0.5588624338624338 0.4809027777777778 0.5512566137566137 0.4771825396825397 0.5476190476190477 0.4660218253968254 0.5545634920634921 0.4568452380952381 0.5724206349206349 0.4556051587301587
0 0.38227513227513227 0.6733630952380952 0.3921957671957672 0.6780753968253969 0.3955026455026455 0.6870039682539683 0.3912037037037037 0.6966765873015873 0.3802910052910053 0.7006448412698413 0.37003968253968256 0.6996527777777778 0.36408730158730157 0.6959325396825397 0.3611111111111111 0.6850198412698413 0.3627645502645503 0.6805555555555556 0.36904761904761907 0.6753472222222222 0.3819444444444444 0.6733630952380952
0 0.22982804232804233 0.4305555555555556 0.23875661375661375 0.4347718253968254 0.24173280423280424 0.4429563492063492 0.23743386243386244 0.45014880952380953 0.22718253968253968 0.45535714285714285 0.21726190476190477 0.45461309523809523 0.21263227513227514 0.4521329365079365 0.20899470899470898 0.44915674603174605 0.20667989417989419 0.4419642857142857 0.20899470899470898 0.435515873015873 0.21362433862433863 0.4320436507936508 0.22023809523809523 0.42981150793650796 0.2294973544973545 0.4305555555555556
0 0.230489417989418 0.4548611111111111 0.23776455026455026 0.45783730158730157 0.24305555555555555 0.4635416666666667 0.24239417989417988 0.4704861111111111 0.23776455026455026 0.47619047619047616 0.22883597883597884 0.4791666666666667 0.2166005291005291 0.4781746031746032 0.20965608465608465 0.47470238095238093 0.207010582010582 0.47023809523809523 0.2080026455026455 0.4632936507936508 0.21263227513227514 0.4585813492063492 0.22023809523809523 0.4556051587301587 0.23015873015873015 0.455109126984127
0 0.4623015873015873 0.6765873015873016 0.4728835978835979 0.6820436507936508 0.4755291005291005 0.6897321428571429 0.4708994708994709 0.6981646825396826 0.4599867724867725 0.7023809523809523 0.4480820105820106 0.699156746031746 0.4441137566137566 0.6929563492063492 0.44345238095238093 0.6857638888888888 0.45006613756613756 0.6785714285714286 0.4619708994708995 0.6765873015873016
0 0.3386243386243386 0.7596726190476191 0.3488756613756614 0.763640873015873 0.35185185185185186 0.7700892857142857 0.3478835978835979 0.7829861111111112 0.3382936507936508 0.7876984126984127 0.3247354497354497 0.785218253968254 0.3158068783068783 0.7760416666666666 0.3210978835978836 0.7638888888888888 0.32837301587301587 0.7601686507936508 0.3382936507936508 0.7596726190476191