0 0.5529100529100529 0.8055555555555556 0.5641534391534392 0.810515873015873 0.5697751322751323 0.8229166666666666 0.5654761904761905 0.8350694444444444 0.560515873015873 0.8385416666666666 0.5535714285714286 0.839781746031746 0.5396825396825397 0.8392857142857143 0.533068783068783 0.8368055555555556 0.5277777777777778 0.8315972222222222 0.5257936507936508 0.8256448412698413 0.5261243386243386 0.8179563492063492 0.5317460317460317 0.810515873015873 0.5439814814814815 0.8053075396825397 0.5525793650793651 0.8055555555555556
0 0.6815476190476191 0.5151289682539683 0.6944444444444444 0.5183531746031746 0.7003968253968254 0.5257936507936508 0.6964285714285714 0.5369543650793651 0.6848544973544973 0.5431547619047619 0.6653439153439153 0.5396825396825397 0.6577380952380952 0.5295138888888888 0.66005291005291 0.5225694444444444 0.6643518518518519 0.5186011904761905 0.6716269841269841 0.515625 0.6812169312169312 0.5151289682539683
0 0.6438492063492064 0.5374503968253969 0.6511243386243386 0.5391865079365079 0.6567460317460317 0.5436507936507936 0.66005291005291 0.5543154761904762 0.6550925925925926 0.5637400793650794 0.6415343915343915 0.5687003968253969 0.6335978835978836 0.5687003968253969 0.6220238095238095 0.560515873015873 0.6203703703703703 0.5570436507936508 0.6256613756613757 0.5419146825396826 0.6299603174603174 0.5391865079365079 0.6435185185185185 0.5374503968253969
0 0.6197089947089947 0.5602678571428571 0.6319444444444444 0.5677083333333334 0.6332671957671958 0.5766369047619048 0.6299603174603174 0.5843253968253969 0.6190476190476191 0.5885416666666666 0.6097883597883598 0.5882936507936508 0.6001984126984127 0.5853174603174603 0.5945767195767195 0.574156746031746 0.6021825396825397 0.5622519841269841 0.6193783068783069 0.5602678571428571
0 0.5224867724867724 0.6493055555555556 0.5363756613756614 0.6510416666666666 0.546957671957672 0.6577380952380952 0.5502645502645502 0.6671626984126984 0.546957671957672 0.6763392857142857 0.5343915343915344 0.6820436507936508 0.5244708994708994 0.6832837301587301 0.5132275132275133 0.6793154761904762 0.5046296296296297 0.6726190476190477 0.5026455026455027 0.6671626984126984 0.5062830687830688 0.6574900793650794 0.515542328042328 0.6507936507936508 0.5221560846560847 0.6495535714285714
0 0.44642857142857145 0.7544642857142857 0.460978835978836 0.7584325396825397 0.4669312169312169 0.763640873015873 0.4699074074074074 0.7718253968253969 0.46494708994708994 0.783234126984127 0.45072751322751325 0.7901785714285714 0.44212962962962965 0.7896825396825397 0.4332010582010582 0.7862103174603174 0.42493386243386244 0.7760416666666666 0.4252645502645503 0.7678571428571429 0.4289021164021164 0.7621527777777778 0.43452380952380953 0.7576884920634921 0.4460978835978836 0.7544642857142857
0 0.5390211640211641 0.6150793650793651 0.5532407407407407 0.6190476190476191 0.5601851851851852 0.6302083333333334 0.558531746031746 0.6371527777777778 0.5433201058201058 0.6453373015873016 0.533068783068783 0.6448412698412699 0.5261243386243386 0.6413690476190477 0.5198412698412699 0.6307043650793651 0.5251322751322751 0.6185515873015873 0.529431216931217 0.6158234126984127 0.5386904761904762 0.6150793650793651
0 0.4966931216931217 0.6748511904761905 0.5099206349206349 0.6808035714285714 0.5158730158730159 0.6927083333333334 0.5079365079365079 0.705109126984127 0.4923941798941799 0.7095734126984127 0.48412698412698413 0.7090773809523809 0.47685185185185186 0.7058531746031746 0.47023809523809523 0.6981646825396826 0.4689153439153439 0.6917162698412699 0.47023809523809523 0.6857638888888888 0.4775132275132275 0.6785714285714286 0.4861111111111111 0.6750992063492064 0.49636243386243384 0.6748511904761905
0 0.5744047619047619 0.5744047619047619 0.5859788359788359 0.580109126984127 0.5886243386243386 0.5900297619047619 0.5830026455026455 0.5987103174603174 0.5717592592592593 0.6026785714285714 0.5601851851851852 0.6024305555555556 0.5529100529100529 0.5992063492063492 0.546957671957672 0.5922619047619048 0.5466269841269841 0.5868055555555556 0.5502645502645502 0.5803571428571429 0.5572089947089947 0.576140873015873 0.5740740740740741 0.5744047619047619
0 0.6064814814814815 0.5310019841269841 0.6193783068783069 0.5362103174603174 0.6223544973544973 0.5461309523809523 0.6164021164021164 0.5587797619047619 0.6025132275132276 0.5602678571428571 0.5912698412698413 0.5575396825396826 0.5859788359788359 0.5538194444444444 0.5833333333333334 0.5456349206349206 0.5882936507936508 0.5344742063492064 0.6061507936507936 0.5310019841269841
0 0.4573412698412698 0.7110615079365079 0.4705687830687831 0.7165178571428571 0.4771825396825397 0.7294146825396826 0.4728835978835979 0.7378472222222222 0.458994708994709 0.7450396825396826 0.4494047619047619 0.7447916666666666 0.44246031746031744 0.7423115079365079 0.43816137566137564 0.7388392857142857 0.43452380952380953 0.7306547619047619 0.4348544973544973 0.7239583333333334 0.439484126984127 0.7165178571428571 0.4497354497354497 0.7115575396825397 0.45701058201058203 0.7110615079365079
0 0.4117063492063492 0.7251984126984127 0.42824074074074076 0.7291666666666666 0.43683862433862436 0.7410714285714286 0.43253968253968256 0.7527281746031746 0.4252645502645503 0.7576884920634921 0.41798941798941797 0.7591765873015873 0.41005291005291006 0.7586805555555556 0.4007936507936508 0.7552083333333334 0.3941798941798942 0.7447916666666666 0.396494708994709 0.7306547619047619 0.4044312169312169 0.7259424603174603 0.4113756613756614 0.7251984126984127
0 0.38392857142857145 0.7906746031746031 0.39616402116402116 0.7963789682539683 0.4007936507936508 0.8072916666666666 0.3941798941798942 0.8194444444444444 0.38062169312169314 0.8249007936507936 0.373015873015873 0.8246527777777778 0.36507936507936506 0.8206845238095238 0.35813492063492064 0.8055555555555556 0.36243386243386244 0.796875 0.36772486772486773 0.792906746031746 0.3835978835978836 0.7906746031746031
0 0.6197089947089947 0.5037202380952381 0.6296296296296297 0.5049603174603174 0.6369047619047619 0.5084325396825397 0.6421957671957672 0.5178571428571429 0.6382275132275133 0.5295138888888888 0.6302910052910053 0.5337301587301587 0.6203703703703703 0.535218253968254 0.605489417989418 0.5297619047619048 0.6001984126984127 0.5163690476190477 0.6015211640211641 0.5114087301587301 0.6068121693121693 0.5066964285714286 0.6193783068783069 0.5037202380952381
0 0.47585978835978837 0.6326884920634921 0.48412698412698413 0.6334325396825397 0.48974867724867727 0.6364087301587301 0.49503968253968256 0.6421130952380952 0.49636243386243384 0.6473214285714286 0.4947089947089947 0.6535218253968254 0.4904100529100529 0.6577380952380952 0.48478835978835977 0.6617063492063492 0.4771825396825397 0.6634424603174603 0.4632936507936508 0.6614583333333334 0.4576719576719577 0.6577380952380952 0.4540343915343915 0.6507936507936508 0.455026455026455 0.6438492063492064 0.4593253968253968 0.6381448412698413 0.4666005291005291 0.6336805555555556 0.4755291005291005 0.6326884920634921
0 0.4226190476190476 0.6939484126984127 0.4332010582010582 0.6984126984126984 0.439484126984127 0.7093253968253969 0.435515873015873 0.7214781746031746 0.4255952380952381 0.7261904761904762 0.41005291005291006 0.7247023809523809 0.4037698412698413 0.7209821428571429 0.3994708994708995 0.7140376984126984 0.4027777777777778 0.699156746031746 0.4107142857142857 0.6946924603174603 0.42228835978835977 0.6939484126984127
0 0.43584656084656087 0.6641865079365079 0.4460978835978836 0.6708829365079365 0.4494047619047619 0.6805555555555556 0.4427910052910053 0.6897321428571429 0.43154761904761907 0.6934523809523809 0.4156746031746032 0.6902281746031746 0.4070767195767196 0.6785714285714286 0.41104497354497355 0.6706349206349206 0.4193121693121693 0.6639384920634921 0.435515873015873 0.6641865079365079
0 0.4341931216931217 0.6354166666666666 0.4460978835978836 0.6393849206349206 0.45205026455026454 0.6473214285714286 0.4494047619047619 0.6574900793650794 0.4427910052910053 0.6624503968253969 0.43584656084656087 0.6636904761904762 0.41865079365079366 0.6614583333333334 0.4126984126984127 0.6493055555555556 0.414021164021164 0.642609126984127 0.4173280423280423 0.6396329365079365 0.43386243386243384 0.6354166666666666
0 0.36177248677248675 0.7554563492063492 0.37665343915343913 0.7599206349206349 0.3802910052910053 0.7730654761904762 0.37632275132275134 0.7800099206349206 0.35615079365079366 0.7869543650793651 0.3445767195767196 0.7834821428571429 0.3406084656084656 0.7762896825396826 0.3396164021164021 0.7668650793650794 0.34755291005291006 0.7581845238095238 0.36144179894179895 0.7554563492063492
0 0.3812830687830688 0.7266865079365079 0.392526455026455 0.7333829365079365 0.3931878306878307 0.7442956349206349 0.38657407407407407 0.7532242063492064 0.375 0.7574404761904762 0.357473544973545 0.7527281746031746 0.3544973544973545 0.7482638888888888 0.3541666666666667 0.7380952380952381 0.3627645502645503 0.7291666666666666 0.38095238095238093 0.7266865079365079
0 0.3396164021164021 0.7976190476190477 0.3492063492063492 0.7991071428571429 0.35615079365079366 0.8043154761904762 0.36144179894179895 0.8187003968253969 0.3548280423280423 0.8313492063492064 0.3386243386243386 0.8368055555555556 0.3220899470899471 0.8311011904761905 0.31746031746031744 0.8239087301587301 0.3167989417989418 0.816468253968254 0.31812169312169314 0.8107638888888888 0.3244047619047619 0.8030753968253969 0.33465608465608465 0.7978670634920635 0.3392857142857143 0.7976190476190477
0 0.3680555555555556 0.6961805555555556 0.3826058201058201 0.6994047619047619 0.3878968253968254 0.7048611111111112 0.3888888888888889 0.7100694444444444 0.38756613756613756 0.7175099206349206 0.38062169312169314 0.7251984126984127 0.3664021164021164 0.7276785714285714 0.35912698412698413 0.7276785714285714 0.3551587301587302 0.7254464285714286 0.3488756613756614 0.7165178571428571 0.3544973544973545 0.7013888888888888 0.35912698412698413 0.6974206349206349 0.36772486772486773 0.6961805555555556
0 0.4252645502645503 0.611359126984127 0.435515873015873 0.6160714285714286 0.439484126984127 0.6220238095238095 0.4398148148148148 0.6279761904761905 0.4322089947089947 0.6354166666666666 0.4150132275132275 0.6396329365079365 0.4064153439153439 0.6378968253968254 0.40046296296296297 0.6334325396825397 0.3978174603174603 0.6287202380952381 0.39880952380952384 0.623015873015873 0.4041005291005291 0.6148313492063492 0.41435185185185186 0.6116071428571429 0.42493386243386244 0.611359126984127
0 0.4011243386243386 0.6418650793650794 0.40674603174603174 0.6436011904761905 0.4113756613756614 0.6488095238095238 0.4146825396825397 0.6614583333333334 0.41203703703703703 0.6664186507936508 0.4044312169312169 0.6721230158730159 0.39451058201058203 0.673859126984127 0.3872354497354497 0.6731150793650794 0.3792989417989418 0.6666666666666666 0.37566137566137564 0.6572420634920635 0.37996031746031744 0.6483134920634921 0.38525132275132273 0.6436011904761905 0.3931878306878307 0.6413690476190477 0.4007936507936508 0.6418650793650794
0 0.3290343915343915 0.7653769841269841 0.3382936507936508 0.7690972222222222 0.3435846560846561 0.7857142857142857 0.3396164021164021 0.794890873015873 0.3296957671957672 0.7993551587301587 0.31382275132275134 0.796875 0.3072089947089947 0.7916666666666666 0.3055555555555556 0.7872023809523809 0.3058862433862434 0.7785218253968254 0.3101851851851852 0.7723214285714286 0.31613756613756616 0.7671130952380952 0.3287037037037037 0.7653769841269841
0 0.5674603174603174 0.5220734126984127 0.5783730158730159 0.5240575396825397 0.5856481481481481 0.5295138888888888 0.5866402116402116 0.5357142857142857 0.5810185185185185 0.546875 0.5773809523809523 0.5493551587301587 0.5634920634920635 0.5500992063492064 0.5535714285714286 0.5471230158730159 0.5499338624338624 0.5431547619047619 0.5486111111111112 0.5362103174603174 0.5515873015873016 0.529265873015873 0.560515873015873 0.5235615079365079 0.5671296296296297 0.5223214285714286
0 0.6130952380952381 0.47470238095238093 0.6246693121693122 0.4806547619047619 0.6259920634920635 0.4913194444444444 0.6173941798941799 0.5032242063492064 0.6061507936507936 0.5052083333333334 0.5916005291005291 0.49950396825396826 0.5859788359788359 0.4878472222222222 0.5882936507936508 0.48115079365079366 0.5929232804232805 0.4771825396825397 0.605489417989418 0.4739583333333333 0.6127645502645502 0.47470238095238093
0 0.498015873015873 0.5384424603174603 0.5079365079365079 0.5399305555555556 0.515542328042328 0.5471230158730159 0.5162037037037037 0.5538194444444444 0.5099206349206349 0.564484126984127 0.5049603174603174 0.5669642857142857 0.49437830687830686 0.5672123015873016 0.48677248677248675 0.5647321428571429 0.4808201058201058 0.5590277777777778 0.4808201058201058 0.5456349206349206 0.4887566137566138 0.5399305555555556 0.4976851851851852 0.5386904761904762
0 0.37632275132275134 0.6661706349206349 0.3888888888888889 0.6750992063492064 0.38921957671957674 0.6817956349206349 0.3835978835978836 0.6924603174603174 0.37433862433862436 0.6969246031746031 0.3630952380952381 0.6966765873015873 0.35714285714285715 0.6937003968253969 0.351521164021164 0.6857638888888888 0.3505291005291005 0.6783234126984127 0.3627645502645503 0.6674107142857143 0.3759920634920635 0.6661706349206349
0 0.3425925925925926 0.7212301587301587 0.3525132275132275 0.7311507936507936 0.3531746031746032 0.7408234126984127 0.3455687830687831 0.7517361111111112 0.3323412698412698 0.7554563492063492 0.32043650793650796 0.7522321428571429 0.314484126984127 0.7482638888888888 0.310515873015873 0.7418154761904762 0.310515873015873 0.7341269841269841 0.32142857142857145 0.7224702380952381 0.33465608465608465 0.7202380952380952 0.34226190476190477 0.7212301587301587
0 0.34656084656084657 0.6917162698412699 0.35284391534391535 0.6994047619047619 0.3478835978835979 0.7145337301587301 0.3419312169312169 0.71875 0.32506613756613756 0.7204861111111112 0.3187830687830688 0.7175099206349206 0.3134920634920635 0.7100694444444444 0.3158068783068783 0.699156746031746 0.32837301587301587 0.691468253968254 0.34226190476190477 0.6902281746031746 0.3462301587301587 0.6917162698412699
0 0.36044973544973546 0.6326884920634921 0.3664021164021164 0.6336805555555556 0.37665343915343913 0.6408730158730159 0.3783068783068783 0.6478174603174603 0.3723544973544973 0.6589781746031746 0.35648148148148145 0.6636904761904762 0.3458994708994709 0.6624503968253969 0.3402777777777778 0.6584821428571429 0.3376322751322751 0.6545138888888888 0.3373015873015873 0.6458333333333334 0.3445767195767196 0.6361607142857143 0.3505291005291005 0.6334325396825397 0.3601190476190476 0.6326884920634921
0 0.30423280423280424 0.7487599206349206 0.3148148148148148 0.7584325396825397 0.31547619047619047 0.7666170634920635 0.30522486772486773 0.7780257936507936 0.2916666666666667 0.7817460317460317 0.2824074074074074 0.78125 0.273478835978836 0.7760416666666666 0.2701719576719577 0.7690972222222222 0.271494708994709 0.7614087301587301 0.2814153439153439 0.7509920634920635 0.2906746031746032 0.7485119047619048 0.3039021164021164 0.7487599206349206
0 0.29728835978835977 0.7125496031746031 0.3082010582010582 0.7199900793650794 0.30853174603174605 0.7301587301587301 0.30257936507936506 0.7390873015873016 0.2896825396825397 0.7435515873015873 0.27314814814814814 0.7413194444444444 0.2681878306878307 0.7375992063492064 0.265542328042328 0.7306547619047619 0.26851851851851855 0.7224702380952381 0.2751322751322751 0.7157738095238095 0.2843915343915344 0.7125496031746031 0.296957671957672 0.7125496031746031
0 0.31746031746031744 0.6579861111111112 0.3287037037037037 0.6631944444444444 0.33201058201058203 0.6721230158730159 0.3287037037037037 0.6822916666666666 0.3148148148148148 0.6897321428571429 0.3002645502645503 0.6875 0.2919973544973545 0.6798115079365079 0.2906746031746032 0.6748511904761905 0.2926587301587302 0.6674107142857143 0.3002645502645503 0.660218253968254 0.31712962962962965 0.6579861111111112
0 0.33895502645502645 0.5696924603174603 0.3501984126984127 0.5739087301587301 0.35548941798941797 0.5840773809523809 0.34953703703703703 0.5954861111111112 0.3386243386243386 0.6004464285714286 0.3210978835978836 0.5979662698412699 0.31712962962962965 0.5952380952380952 0.314484126984127 0.5885416666666666 0.32043650793650796 0.5731646825396826 0.33101851851851855 0.5696924603174603 0.3386243386243386 0.5696924603174603
0 0.2867063492063492 0.6780753968253969 0.2976190476190476 0.685515873015873 0.29993386243386244 0.6959325396825397 0.2953042328042328 0.7048611111111112 0.2794312169312169 0.7110615079365079 0.26884920634920634 0.7100694444444444 0.2619047619047619 0.7063492063492064 0.2569444444444444 0.6994047619047619 0.25727513227513227 0.6927083333333334 0.26355820105820105 0.6832837301587301 0.2863756613756614 0.6780753968253969
0 0.33134920634920634 0.5359623015873016 0.3416005291005291 0.5369543650793651 0.3488756613756614 0.5416666666666666 0.35119047619047616 0.5543154761904762 0.34854497354497355 0.5602678571428571 0.33895502645502645 0.5649801587301587 0.3333333333333333 0.5654761904761905 0.31746031746031744 0.5612599206349206 0.31415343915343913 0.5575396825396826 0.3125 0.5500992063492064 0.3148148148148148 0.5434027777777778 0.3244047619047619 0.5369543650793651 0.33101851851851855 0.5362103174603174
0 0.5201719576719577 0.40600198412698413 0.5307539682539683 0.41096230158730157 0.5347222222222222 0.42237103174603174 0.5297619047619048 0.4290674603174603 0.515542328042328 0.43353174603174605 0.5085978835978836 0.4322916666666667 0.5033068783068783 0.4288194444444444 0.4973544973544973 0.421875 0.49702380952380953 0.4181547619047619 0.5046296296296297 0.4087301587301587 0.5198412698412699 0.40600198412698413
0 0.4808201058201058 0.4104662698412698 0.4904100529100529 0.4181547619047619 0.4914021164021164 0.4270833333333333 0.48743386243386244 0.4332837301587302 0.4728835978835979 0.4392361111111111 0.46395502645502645 0.43799603174603174 0.4540343915343915 0.4322916666666667 0.45072751322751325 0.4255952380952381 0.4513888888888889 0.4181547619047619 0.45965608465608465 0.41096230158730157 0.4699074074074074 0.40922619047619047 0.48048941798941797 0.4104662698412698
0 0.4705687830687831 0.37723214285714285 0.48115079365079366 0.3834325396825397 0.48313492063492064 0.3940972222222222 0.476521164021164 0.40128968253968256 0.46494708994708994 0.40476190476190477 0.45634920634920634 0.40401785714285715 0.45006613756613756 0.40054563492063494 0.4460978835978836 0.39384920634920634 0.4460978835978836 0.3871527777777778 0.45171957671957674 0.37896825396825395 0.47023809523809523 0.37723214285714285
0 0.46064814814814814 0.3506944444444444 0.4722222222222222 0.35615079365079366 0.47585978835978837 0.36259920634920634 0.4748677248677249 0.36929563492063494 0.47023809523809523 0.3757440476190476 0.45006613756613756 0.37822420634920634 0.43915343915343913 0.3697916666666667 0.43882275132275134 0.35887896825396826 0.4460978835978836 0.3521825396825397 0.4603174603174603 0.3506944444444444
0 0.4183201058201058 0.37822420634920634 0.42956349206349204 0.38268849206349204 0.43584656084656087 0.39037698412698413 0.43287037037037035 0.40054563492063494 0.421957671957672 0.40649801587301587 0.40674603174603174 0.4045138888888889 0.3968253968253968 0.3940972222222222 0.3994708994708995 0.3834325396825397 0.4074074074074074 0.37896825396825395 0.41798941798941797 0.37822420634920634
0 0.3740079365079365 0.4164186507936508 0.390542328042328 0.42038690476190477 0.39715608465608465 0.4288194444444444 0.3941798941798942 0.43874007936507936 0.3819444444444444 0.4429563492063492 0.37003968253968256 0.44246031746031744 0.3587962962962963 0.4357638888888889 0.35813492063492064 0.42782738095238093 0.36078042328042326 0.42162698412698413 0.36574074074074076 0.4181547619047619 0.37367724867724866 0.4164186507936508
0 0.291005291005291 0.5401785714285714 0.3002645502645503 0.5416666666666666 0.3048941798941799 0.544890873015873 0.30853174603174605 0.5535714285714286 0.3039021164021164 0.5639880952380952 0.3002645502645503 0.5674603174603174 0.2926587301587302 0.5696924603174603 0.2761243386243386 0.5652281746031746 0.2698412698412698 0.5555555555555556 0.2724867724867725 0.5473710317460317 0.27843915343915343 0.542906746031746 0.2906746031746032 0.5401785714285714
0 0.37367724867724866 0.3774801587301587 0.3872354497354497 0.3834325396825397 0.39021164021164023 0.3916170634920635 0.3855820105820106 0.40128968253968256 0.37334656084656087 0.40625 0.35912698412698413 0.4035218253968254 0.3551587301587302 0.4010416666666667 0.3521825396825397 0.39459325396825395 0.353505291005291 0.3869047619047619 0.3584656084656085 0.38095238095238093 0.3630952380952381 0.37822420634920634 0.37334656084656087 0.3774801587301587
0 0.26884920634920634 0.6507936507936508 0.28406084656084657 0.65625 0.28703703703703703 0.6666666666666666 0.2810846560846561 0.6773313492063492 0.26587301587301587 0.6822916666666666 0.24735449735449735 0.6753472222222222 0.24404761904761904 0.6676587301587301 0.24603174603174602 0.6612103174603174 0.25165343915343913 0.6550099206349206 0.26851851851851855 0.6507936507936508
0 0.3151455026455027 0.4437003968253968 0.32341269841269843 0.4459325396825397 0.33201058201058203 0.45535714285714285 0.32671957671957674 0.4670138888888889 0.3158068783068783 0.47098214285714285 0.30687830687830686 0.470734126984127 0.3002645502645503 0.46750992063492064 0.2923280423280423 0.4565972222222222 0.2933201058201058 0.45163690476190477 0.3002645502645503 0.4461805555555556 0.3148148148148148 0.4437003968253968
0 0.24338624338624337 0.7452876984126984 0.25165343915343913 0.748015873015873 0.2562830687830688 0.7522321428571429 0.25826719576719576 0.7584325396825397 0.2566137566137566 0.765625 0.24603174603174602 0.7760416666666666 0.22883597883597884 0.7797619047619048 0.22023809523809523 0.7790178571428571 0.21329365079365079 0.7723214285714286 0.210978835978836 0.7658730158730159 0.21263227513227514 0.7574404761904762 0.2166005291005291 0.7514880952380952 0.22387566137566137 0.7465277777777778 0.24305555555555555 0.7452876984126984
0 0.22123015873015872 0.6468253968253969 0.23412698412698413 0.6500496031746031 0.24173280423280424 0.6579861111111112 0.23445767195767195 0.6713789682539683 0.22123015873015872 0.6755952380952381 0.20667989417989419 0.6733630952380952 0.2013888888888889 0.6681547619047619 0.20006613756613756 0.6619543650793651 0.20205026455026456 0.6545138888888888 0.20667989417989419 0.6498015873015873 0.21329365079365079 0.6468253968253969 0.2208994708994709 0.6468253968253969
0 0.27215608465608465 0.5044642857142857 0.2833994708994709 0.5119047619047619 0.2833994708994709 0.5255456349206349 0.2744708994708995 0.533234126984127 0.2619047619047619 0.5347222222222222 0.25132275132275134 0.5337301587301587 0.24636243386243387 0.5307539682539683 0.24239417989417988 0.5153769841269841 0.25165343915343913 0.5054563492063492 0.26157407407407407 0.5034722222222222 0.2718253968253968 0.5044642857142857
0 0.28075396825396826 0.4749503968253968 0.2900132275132275 0.4781746031746032 0.29662698412698413 0.4880952380952381 0.291005291005291 0.49975198412698413 0.2757936507936508 0.503968253968254 0.26256613756613756 0.5002480158730159 0.2562830687830688 0.4908234126984127 0.265542328042328 0.4779265873015873 0.2804232804232804 0.4749503968253968
0 0.23412698412698413 0.5131448412698413 0.24173280423280424 0.5168650793650794 0.2457010582010582 0.5287698412698413 0.24404761904761904 0.5334821428571429 0.23544973544973544 0.5372023809523809 0.2208994708994709 0.535218253968254 0.2156084656084656 0.529265873015873 0.21362433862433863 0.5225694444444444 0.2166005291005291 0.517609126984127 0.22156084656084657 0.5151289682539683 0.2337962962962963 0.5131448412698413
0 0.24834656084656084 0.46577380952380953 0.2585978835978836 0.4704861111111111 0.26322751322751325 0.47767857142857145 0.25363756613756616 0.4913194444444444 0.24173280423280424 0.49404761904761907 0.23578042328042328 0.4930555555555556 0.22255291005291006 0.48561507936507936 0.22056878306878308 0.47693452380952384 0.22354497354497355 0.47271825396825395 0.23313492063492064 0.4670138888888889 0.24801587301587302 0.46577380952380953
0 0.22354497354497355 0.48660714285714285 0.23445767195767195 0.49181547619047616 0.23875661375661375 0.5017361111111112 0.2337962962962963 0.5106646825396826 0.21924603174603174 0.5148809523809523 0.20634920634920634 0.5109126984126984 0.20072751322751323 0.4982638888888889 0.20932539682539683 0.48908730158730157 0.22321428571428573 0.48660714285714285
0 0.4685846560846561 0.24032738095238096 0.4801587301587302 0.24404761904761904 0.4871031746031746 0.2537202380952381 0.48214285714285715 0.2666170634920635 0.4705687830687831 0.2700892857142857 0.45634920634920634 0.2663690476190476 0.45006613756613756 0.2552083333333333 0.45436507936507936 0.24479166666666666 0.4603174603174603 0.24107142857142858 0.46825396825396826 0.24032738095238096