0 0.8328125 0.2203125 0.8421875 0.225 0.846875 0.2328125 0.8484375 0.26875 0.846875 0.2734375 0.8390625 0.28125 0.828125 0.284375 0.815625 0.2828125 0.809375 0.2796875 0.80625 0.275 0.803125 0.234375 0.8046875 0.2296875 0.8125 0.221875 0.83125 0.2203125
0 0.4140625 0.640625 0.45625 0.6421875 0.4734375 0.6453125 0.4828125 0.65 0.48125 0.6625 0.478125 0.665625 0.4625 0.6671875 0.4125 0.6578125 0.4109375 0.646875 0.4140625 0.6421875
0 0.41875 0.83125 0.4328125 0.8359375 0.4453125 0.85 0.4734375 0.875 0.475 0.8875 0.471875 0.8953125 0.4671875 0.9015625 0.4515625 0.90625 0.44375 0.9046875 0.43125 0.8953125 0.3953125 0.8578125 0.396875 0.84375 0.40625 0.834375 0.4171875 0.83125
0 0.20625 0.8765625 0.215625 0.8796875 0.2234375 0.8859375 0.2390625 0.903125 0.253125 0.925 0.2515625 0.9390625 0.2375 0.9515625 0.2234375 0.9546875 0.215625 0.9515625 0.203125 0.9375 0.196875 0.925 0.1828125 0.90625 0.18125 0.8953125 0.1875 0.884375 0.1984375 0.878125 0.2046875 0.878125
0 0.33125 0.5703125 0.3375 0.5734375 0.3421875 0.5796875 0.34375 0.625 0.3359375 0.634375 0.321875 0.6390625 0.30625 0.634375 0.3015625 0.628125 0.3 0.58125 0.3109375 0.5703125 0.3171875 0.56875 0.3296875 0.5703125
0 0.2203125 0.4375 0.228125 0.440625 0.234375 0.446875 0.234375 0.45625 0.2296875 0.4625 0.2109375 0.46875 0.2 0.46875 0.1828125 0.4734375 0.1640625 0.4734375 0.15625 0.4703125 0.1515625 0.4640625 0.1546875 0.4515625 0.165625 0.4453125 0.190625 0.4421875 0.2078125 0.4375 0.21875 0.4375
0 0.234375 0.465625 0.2453125 0.4703125 0.2515625 0.4765625 0.25 0.5078125 0.24375 0.515625 0.234375 0.51875 0.228125 0.51875 0.2171875 0.5140625 0.2125 0.509375 0.2140625 0.4765625 0.2203125 0.46875 0.2328125 0.465625
0 0.2484375 0.85 0.2671875 0.865625 0.2765625 0.875 0.278125 0.8796875 0.2765625 0.8890625 0.2734375 0.89375 0.2578125 0.9046875 0.24375 0.903125 0.2125 0.8734375 0.2125 0.8625 0.21875 0.8546875 0.2265625 0.85 0.2390625 0.846875 0.246875 0.85
0 0.646875 0.4109375 0.659375 0.4171875 0.6609375 0.4296875 0.6515625 0.4375 0.6484375 0.44375 0.6328125 0.45625 0.6171875 0.4671875 0.6109375 0.46875 0.6 0.46875 0.5921875 0.465625 0.5859375 0.45625 0.5875 0.446875 0.6265625 0.415625 0.6375 0.4109375 0.6453125 0.4109375
0 0.5078125 0.559375 0.5125 0.5625 0.5140625 0.5671875 0.5125 0.575 0.5015625 0.584375 0.478125 0.596875 0.4671875 0.6 0.4578125 0.5984375 0.4515625 0.59375 0.45 0.5875 0.453125 0.578125 0.4875 0.5578125 0.5046875 0.5578125 0.50625 0.559375
0 0.4109375 0.78125 0.41875 0.7859375 0.421875 0.790625 0.421875 0.8 0.415625 0.809375 0.4046875 0.815625 0.34375 0.815625 0.3328125 0.8109375 0.328125 0.80625 0.3265625 0.79375 0.334375 0.784375 0.34375 0.7796875 0.4046875 0.7796875 0.409375 0.78125
0 0.5828125 0.52578125 0.034375 0.0546875
0 0.684375 0.43125 0.6859375 0.4328125 0.7125 0.4328125 0.721875 0.4375 0.7234375 0.4515625 0.721875 0.4546875 0.7125 0.459375 0.6609375 0.4578125 0.6515625 0.446875 0.653125 0.4390625 0.6609375 0.4328125 0.6828125 0.43125