0 0.15166170634920634 0.22201058201058202 0.03546626984126984 0.036613756613756626
0 0.1111111111111111 0.26813492063492067 0.05109126984126984 0.02634920634920637
0 0.15166170634920634 0.2858234126984127 0.02554563492063492 0.03857804232804236
0 0.1783234126984127 0.24780092592592592 0.011904761904761904 0.048508597883597904
0 0.21019345238095238 0.2869808201058201 0.023561507936507936 0.044199735449735475
0 0.17782738095238096 0.33889219576719576 0.050595238095238096 0.04881613756613753
0 0.23288690476190477 0.3574074074074074 0.041666666666666664 0.046164021164021136
0 0.25124007936507936 0.3949338624338624 0.028769841269841268 0.04516203703703709
0 0.2569444444444444 0.30103505291005295 0.03521825396825397 0.029318783068783095
0 0.28137400793650796 0.2697883597883598 0.031994047619047616 0.023042328042328062
0 0.28893849206349204 0.24449404761904764 0.0248015873015873 0.015446428571428583
0 0.3298611111111111 0.23722222222222222 0.022321428571428572 0.027351190476190487
0 0.3601190476190476 0.18067791005291006 0.053075396825396824 0.053158068783068786
0 0.3715277777777778 0.2545800264550265 0.02628968253968254 0.0323048941798942
0 0.3943452380952381 0.13951719576719576 0.01240079365079365 0.013822751322751308
0 0.4146825396825397 0.1729100529100529 0.023313492063492064 0.03431216931216931
0 0.43080357142857145 0.14117063492063492 0.020833333333333332 0.010515873015873001
0 0.4489087301587302 0.1782010582010582 0.01240079365079365 0.018439153439153436
0 0.423859126984127 0.20018849206349207 0.026785714285714284 0.019424603174603178
0 0.4174107142857143 0.23060846560846562 0.03373015873015873 0.027354497354497364
0 0.4756944444444444 0.20465277777777777 0.01636904761904762 0.018432539682539686
0 0.46651785714285715 0.15968584656084656 0.022817460317460316 0.02109126984126983
0 0.45969742063492064 0.09025132275132276 0.016617063492063492 0.014497354497354507
0 0.48040674603174605 0.12447089947089947 0.020833333333333332 0.03333333333333332
0 0.4982638888888889 0.10645171957671959 0.016865079365079364 0.027056878306878324
0 0.5200892857142857 0.07801917989417989 0.020833333333333332 0.009871031746031754
0 0.5414186507936508 0.11356150793650795 0.023809523809523808 0.03135251322751325
0 0.5500992063492064 0.13786044973544972 0.036210317460317464 0.04358134920634919
0 0.513640873015873 0.1462929894179894 0.017857142857142856 0.024070767195767184
0 0.5266617063492064 0.17324074074074075 0.021577380952380952 0.028359788359788356
0 0.5013640873015873 0.19721230158730158 0.03050595238095238 0.020089285714285716
0 0.5210813492063492 0.21721891534391535 0.022817460317460316 0.017106481481481486
0 0.5469990079365079 0.18911375661375662 0.022569444444444444 0.020419973544973546
0 0.5541914682539683 0.16613425925925926 0.012152777777777778 0.01083994708994708
0 0.572296626984127 0.141005291005291 0.033482142857142856 0.013492063492063477
0 0.6042906746031746 0.18481481481481482 0.03298611111111111 0.03166335978835979
0 0.6264880952380952 0.16150462962962964 0.030257936507936508 0.01480820105820105
0 0.6117311507936508 0.2152314814814815 0.03794642857142857 0.026365740740740745
0 0.6330605158730159 0.21291997354497355 0.021081349206349208 0.015125661375661379
0 0.5667162698412699 0.22664021164021164 0.0248015873015873 0.03264550264550265
0 0.5835813492063492 0.24697420634920636 0.018849206349206348 0.0369378306878307
0 0.6282242063492064 0.2666468253968254 0.028769841269841268 0.039907407407407426
0 0.6428571428571429 0.2453207671957672 0.023313492063492064 0.027017195767195783
0 0.6195436507936508 0.20415674603174602 0.01636904761904762 0.014133597883597887
0 0.6665426587301587 0.22697089947089946 0.023561507936507936 0.026693121693121703
0 0.7008928571428571 0.24499007936507938 0.030257936507936508 0.03296957671957673
0 0.7188740079365079 0.28400462962962963 0.0339781746031746 0.03163690476190478
0 0.7521081349206349 0.2689616402116402 0.031001984126984128 0.03792328042328044
0 0.7855902777777778 0.18845238095238095 0.013640873015873016 0.019097222222222224
0 0.7720734126984127 0.1535681216931217 0.028769841269841268 0.01216600529100528
0 0.9190228174603174 0.8699007936507936 0.07217261904761904 0.06585978835978831
0 0.6687748015873016 0.28979166666666667 0.01314484126984127 0.020062830687830713
0 0.6688988095238095 0.34236441798941797 0.040674603174603176 0.03922619047619044
0 0.6505456349206349 0.4043584656084656 0.03373015873015873 0.034249338624338675
0 0.6346726190476191 0.4554431216931217 0.041666666666666664 0.05374338624338624
0 0.6129712301587301 0.5018981481481481 0.03546626984126984 0.03752645502645503
0 0.5668402777777778 0.614646164021164 0.04241071428571429 0.044768518518518555
0 0.5855654761904762 0.5557936507936508 0.022817460317460316 0.032883597883597904
0 0.47619047619047616 0.6579596560846561 0.05704365079365079 0.05864417989417994
0 0.39533730158730157 0.7045800264550265 0.05406746031746032 0.05268187830687844
0 0.373015873015873 0.7761640211640212 0.059027777777777776 0.060264550264550194
0 0.31237599206349204 0.7313624338624338 0.05927579365079365 0.05994708994708986
0 0.24975198412698413 0.7186309523809523 0.06547619047619048 0.06424933862433861
0 0.1817956349206349 0.7578141534391535 0.04861111111111111 0.05994047619047626
0 0.21391369047619047 0.6022486772486773 0.045882936507936505 0.05634589947089943
0 0.11383928571428571 0.5571130952380953 0.07142857142857142 0.08842923280423276
0 0.16493055555555555 0.515787037037037 0.034722222222222224 0.038845899470899406
0 0.25297619047619047 0.5066931216931218 0.04712301587301587 0.04380952380952381
0 0.2864583333333333 0.4458531746031746 0.03968253968253968 0.04118055555555562
0 0.27740575396825395 0.6077017195767196 0.04389880952380952 0.07717592592592597
0 0.29997519841269843 0.53380291005291 0.024553571428571428 0.058349867724867666
0 0.34263392857142855 0.589186507936508 0.050347222222222224 0.053373015873015905
0 0.3402777777777778 0.6581250000000001 0.043154761904761904 0.04244378306878312
0 0.40414186507936506 0.5825760582010582 0.03447420634920635 0.040148809523809476
0 0.38764880952380953 0.5286805555555556 0.04365079365079365 0.044794973544973554
0 0.3587549603174603 0.5000793650793651 0.047867063492063495 0.04380952380952381
0 0.3428819444444444 0.42221560846560846 0.026041666666666668 0.01705026455026453
0 0.3107638888888889 0.3898082010582011 0.06845238095238096 0.05805886243386249
0 0.3603670634920635 0.35162037037037036 0.018849206349206348 0.04451388888888893
0 0.3766121031746032 0.30251984126984127 0.024057539682539684 0.04221230158730162
0 0.41356646825396826 0.32946759259259256 0.053323412698412696 0.04650132275132272
0 0.4191468253968254 0.37063161375661374 0.022321428571428572 0.04616071428571433
0 0.39806547619047616 0.4104761904761905 0.0248015873015873 0.04317460317460316
0 0.4322916666666667 0.4440343915343915 0.04365079365079365 0.0474636243386244
0 0.458953373015873 0.4121296296296296 0.03993055555555555 0.03986772486772485
0 0.4962797619047619 0.48801256613756616 0.05257936507936508 0.03620701058201051
0 0.4635416666666667 0.5424007936507936 0.04662698412698413 0.06231481481481483
0 0.5300099206349206 0.5285152116402116 0.040674603174603176 0.047771164021164034
0 0.5502232142857143 0.47726521164021163 0.04389880952380952 0.04447751322751323
0 0.5543154761904762 0.42238095238095236 0.02976190476190476 0.027298280423280485
0 0.5941220238095238 0.40700396825396823 0.037450396825396824 0.039537037037037016
0 0.6044146825396826 0.3511243386243386 0.030753968253968252 0.04021494708994709
0 0.6246279761904762 0.3155820105820106 0.014136904761904762 0.03195767195767199
0 0.6096230158730159 0.29161044973544975 0.02628968253968254 0.04023148148148151
0 0.529265873015873 0.2509424603174603 0.03422619047619048 0.03164682539682541
0 0.533234126984127 0.2886342592592593 0.032242063492063495 0.04089285714285717
0 0.5267857142857143 0.31938492063492063 0.029265873015873016 0.042867063492063456
0 0.5657242063492064 0.32682539682539685 0.03273809523809524 0.027986111111111073
0 0.5040922619047619 0.35625 0.031001984126984128 0.04054232804232801
0 0.5297619047619048 0.39113425925925926 0.025297619047619048 0.03425264550264548
0 0.4693700396825397 0.3339318783068783 0.04092261904761905 0.032285052910052944
0 0.44717261904761907 0.300869708994709 0.023809523809523808 0.019067460317460344
0 0.42683531746031744 0.281031746031746 0.04265873015873016 0.032298280423280444
0 0.46403769841269843 0.23375 0.027777777777777776 0.02371362433862435
0 0.4045138888888889 0.5868716931216932 0.037698412698412696 0.04213293650793646
0 0.3998015873015873 0.4618882275132275 0.053075396825396824 0.056716269841269915
0 0.357390873015873 0.3529431216931217 0.022817460317460316 0.03393187830687831