0 0.5370370370370371 0.7061011904761905 0.5476190476190477 0.7135416666666666 0.5496031746031746 0.7251984126984127 0.544973544973545 0.7353670634920635 0.533068783068783 0.7408234126984127 0.5188492063492064 0.7398313492063492 0.5119047619047619 0.7368551587301587 0.5046296296296297 0.7291666666666666 0.5029761904761905 0.7212301587301587 0.5072751322751323 0.7125496031746031 0.5171957671957672 0.7065972222222222 0.5224867724867724 0.705109126984127 0.5367063492063492 0.7061011904761905
0 0.6736111111111112 0.5384424603174603 0.6861772486772487 0.5421626984126984 0.6898148148148148 0.5451388888888888 0.6931216931216931 0.5553075396825397 0.6901455026455027 0.5639880952380952 0.6851851851851852 0.5674603174603174 0.6722883597883598 0.5709325396825397 0.6646825396825397 0.5709325396825397 0.654431216931217 0.5674603174603174 0.6488095238095238 0.5602678571428571 0.6484788359788359 0.5535714285714286 0.6511243386243386 0.5461309523809523 0.6590608465608465 0.5396825396825397 0.6732804232804233 0.5384424603174603
0 0.5853174603174603 0.609375 0.5968915343915344 0.6123511904761905 0.6025132275132276 0.6170634920634921 0.6058201058201058 0.6245039682539683 0.6011904761904762 0.6369047619047619 0.5866402116402116 0.6423611111111112 0.5707671957671958 0.6403769841269841 0.5621693121693122 0.6259920634920635 0.5634920634920635 0.6202876984126984 0.5750661375661376 0.6111111111111112 0.5849867724867724 0.609375
0 0.6944444444444444 0.5047123015873016 0.7119708994708994 0.511656746031746 0.7172619047619048 0.5198412698412699 0.7136243386243386 0.5327380952380952 0.7086640211640212 0.5364583333333334 0.6970899470899471 0.5386904761904762 0.6802248677248677 0.5374503968253969 0.6746031746031746 0.5314980158730159 0.6729497354497355 0.5257936507936508 0.6736111111111112 0.5168650793650794 0.6769179894179894 0.5119047619047619 0.6941137566137566 0.5047123015873016
0 0.5482804232804233 0.6205357142857143 0.558531746031746 0.623015873015873 0.566468253968254 0.6356646825396826 0.5634920634920635 0.6475694444444444 0.5535714285714286 0.654265873015873 0.5396825396825397 0.652281746031746 0.5264550264550265 0.6443452380952381 0.5248015873015873 0.640625 0.5291005291005291 0.6267361111111112 0.5363756613756614 0.6220238095238095 0.5479497354497355 0.6205357142857143
0 0.7490079365079365 0.4583333333333333 0.7625661375661376 0.4635416666666667 0.7685185185185185 0.4751984126984127 0.7622354497354498 0.48561507936507936 0.7549603174603174 0.4895833333333333 0.748015873015873 0.4905753968253968 0.7414021164021164 0.49007936507936506 0.7291666666666666 0.484375 0.7268518518518519 0.4670138888888889 0.7291666666666666 0.46304563492063494 0.7354497354497355 0.45982142857142855 0.7486772486772487 0.4583333333333333
0 0.623015873015873 0.578125 0.6372354497354498 0.5833333333333334 0.6438492063492064 0.5910218253968254 0.6448412698412699 0.6001984126984127 0.638558201058201 0.609375 0.6306216931216931 0.6128472222222222 0.6190476190476191 0.613343253968254 0.6068121693121693 0.6063988095238095 0.5998677248677249 0.5989583333333334 0.6001984126984127 0.5920138888888888 0.6058201058201058 0.5858134920634921 0.6117724867724867 0.5813492063492064 0.6226851851851852 0.5783730158730159
0 0.5158730158730159 0.6450892857142857 0.5297619047619048 0.6468253968253969 0.5403439153439153 0.6530257936507936 0.5423280423280423 0.6569940476190477 0.5423280423280423 0.6644345238095238 0.5383597883597884 0.671875 0.5267857142857143 0.6785714285714286 0.5198412698412699 0.6795634920634921 0.5115740740740741 0.6790674603174603 0.5049603174603174 0.6755952380952381 0.498015873015873 0.6691468253968254 0.49636243386243384 0.6644345238095238 0.49867724867724866 0.6507936507936508 0.5052910052910053 0.6463293650793651 0.515542328042328 0.6450892857142857
0 0.6283068783068783 0.5307539682539683 0.6412037037037037 0.5354662698412699 0.6474867724867724 0.5434027777777778 0.6474867724867724 0.5476190476190477 0.6402116402116402 0.5595238095238095 0.623015873015873 0.5642361111111112 0.6091269841269841 0.5607638888888888 0.603505291005291 0.5538194444444444 0.6025132275132276 0.5466269841269841 0.611441798941799 0.535218253968254 0.6173941798941799 0.5319940476190477 0.6279761904761905 0.5307539682539683
0 0.6554232804232805 0.5047123015873016 0.6676587301587301 0.5111607142857143 0.6716269841269841 0.5203373015873016 0.6653439153439153 0.533234126984127 0.6547619047619048 0.5374503968253969 0.6455026455026455 0.5367063492063492 0.6335978835978836 0.53125 0.6283068783068783 0.5220734126984127 0.6299603174603174 0.5138888888888888 0.6345899470899471 0.5084325396825397 0.644510582010582 0.5052083333333334 0.6550925925925926 0.5047123015873016
0 0.7066798941798942 0.45709325396825395 0.7218915343915344 0.4623015873015873 0.7261904761904762 0.466765873015873 0.7278439153439153 0.47346230158730157 0.7251984126984127 0.48214285714285715 0.7136243386243386 0.48933531746031744 0.7073412698412699 0.4908234126984127 0.6964285714285714 0.49007936507936506 0.6815476190476191 0.47445436507936506 0.6818783068783069 0.46924603174603174 0.6861772486772487 0.4632936507936508 0.6960978835978836 0.4583333333333333 0.7063492063492064 0.45709325396825395
0 0.6746031746031746 0.4771825396825397 0.6851851851851852 0.47966269841269843 0.6947751322751323 0.4905753968253968 0.6924603174603174 0.5012400793650794 0.685515873015873 0.5066964285714286 0.6755952380952381 0.5101686507936508 0.6676587301587301 0.5101686507936508 0.6593915343915344 0.5062003968253969 0.6547619047619048 0.5027281746031746 0.6517857142857143 0.4962797619047619 0.6531084656084656 0.4880952380952381 0.6567460317460317 0.48412698412698413 0.6650132275132276 0.4781746031746032 0.6742724867724867 0.4771825396825397
0 0.7268518518518519 0.4260912698412698 0.7334656084656085 0.42857142857142855 0.7407407407407407 0.4357638888888889 0.7420634920634921 0.44494047619047616 0.7374338624338624 0.453125 0.7314814814814815 0.45783730158730157 0.7238756613756614 0.4603174603174603 0.7096560846560847 0.4575892857142857 0.7027116402116402 0.45362103174603174 0.7000661375661376 0.43774801587301587 0.7023809523809523 0.43253968253968256 0.708994708994709 0.4273313492063492 0.7182539682539683 0.42509920634920634 0.7265211640211641 0.4260912698412698
0 0.48412698412698413 0.6872519841269841 0.49503968253968256 0.6909722222222222 0.501984126984127 0.6984126984126984 0.501984126984127 0.7098214285714286 0.49603174603174605 0.7177579365079365 0.4877645502645503 0.7214781746031746 0.4708994708994709 0.7202380952380952 0.46296296296296297 0.7157738095238095 0.458994708994709 0.7103174603174603 0.458994708994709 0.699156746031746 0.46395502645502645 0.6924603174603174 0.4837962962962963 0.6875
0 0.5512566137566137 0.5845734126984127 0.5667989417989417 0.5890376984126984 0.5753968253968254 0.6001984126984127 0.5750661375661376 0.6088789682539683 0.5724206349206349 0.6123511904761905 0.5641534391534392 0.6180555555555556 0.5568783068783069 0.6200396825396826 0.5396825396825397 0.6173115079365079 0.5327380952380952 0.6101190476190477 0.5297619047619048 0.6026785714285714 0.5317460317460317 0.5952380952380952 0.5380291005291006 0.5882936507936508 0.5459656084656085 0.5845734126984127 0.5509259259259259 0.5845734126984127
0 0.5615079365079365 0.5513392857142857 0.5757275132275133 0.5565476190476191 0.5826719576719577 0.5674603174603174 0.5790343915343915 0.580109126984127 0.5677910052910053 0.5860615079365079 0.5462962962962963 0.5825892857142857 0.5353835978835979 0.5711805555555556 0.5357142857142857 0.5607638888888888 0.5383597883597884 0.5565476190476191 0.5505952380952381 0.5513392857142857 0.5611772486772487 0.5513392857142857
0 0.6137566137566137 0.5002480158730159 0.6236772486772487 0.503968253968254 0.626984126984127 0.5076884920634921 0.6266534391534392 0.5220734126984127 0.6187169312169312 0.5302579365079365 0.6087962962962963 0.5347222222222222 0.5992063492063492 0.535218253968254 0.5859788359788359 0.5329861111111112 0.5777116402116402 0.5245535714285714 0.5770502645502645 0.5186011904761905 0.5836640211640212 0.5081845238095238 0.5932539682539683 0.5014880952380952 0.6134259259259259 0.5002480158730159
0 0.6755952380952381 0.4283234126984127 0.6891534391534392 0.4312996031746032 0.6997354497354498 0.44221230158730157 0.6997354497354498 0.45337301587301587 0.6818783068783069 0.4645337301587302 0.6676587301587301 0.46378968253968256 0.6570767195767195 0.4558531746031746 0.6547619047619048 0.4506448412698413 0.6603835978835979 0.4340277777777778 0.667989417989418 0.42931547619047616 0.6752645502645502 0.4283234126984127
0 0.47685185185185186 0.6557539682539683 0.4887566137566138 0.6629464285714286 0.4904100529100529 0.6746031746031746 0.48412698412698413 0.6865079365079365 0.46825396825396826 0.6904761904761905 0.45965608465608465 0.689484126984127 0.44742063492063494 0.6827876984126984 0.4444444444444444 0.6788194444444444 0.4437830687830688 0.6711309523809523 0.44642857142857145 0.6649305555555556 0.45436507936507936 0.6579861111111112 0.4662698412698413 0.654265873015873 0.476521164021164 0.6557539682539683
0 0.49933862433862436 0.5962301587301587 0.515542328042328 0.6034226190476191 0.519510582010582 0.6101190476190477 0.5122354497354498 0.6235119047619048 0.49867724867724866 0.6282242063492064 0.4880952380952381 0.6272321428571429 0.4818121693121693 0.6240079365079365 0.47685185185185186 0.6195436507936508 0.47354497354497355 0.611359126984127 0.47619047619047616 0.605406746031746 0.48644179894179895 0.5979662698412699 0.4990079365079365 0.5962301587301587
0 0.6481481481481481 0.4538690476190476 0.654431216931217 0.4556051587301587 0.6633597883597884 0.46304563492063494 0.6650132275132276 0.47346230158730157 0.6541005291005291 0.48487103174603174 0.6455026455026455 0.4871031746031746 0.6292989417989417 0.48487103174603174 0.6197089947089947 0.4697420634920635 0.6273148148148148 0.4593253968253968 0.6369047619047619 0.4548611111111111 0.6478174603174603 0.4538690476190476
0 0.519510582010582 0.5654761904761905 0.533068783068783 0.5736607142857143 0.5380291005291006 0.5848214285714286 0.529431216931217 0.5969742063492064 0.5201719576719577 0.6006944444444444 0.5128968253968254 0.6004464285714286 0.5013227513227513 0.5959821428571429 0.4933862433862434 0.5848214285714286 0.49437830687830686 0.5778769841269841 0.5003306878306878 0.5704365079365079 0.5119047619047619 0.5649801587301587 0.5191798941798942 0.5654761904761905
0 0.6038359788359788 0.46924603174603174 0.6190476190476191 0.47271825396825395 0.6279761904761905 0.48387896825396826 0.6236772486772487 0.49206349206349204 0.6121031746031746 0.49851190476190477 0.6051587301587301 0.49975198412698413 0.5912698412698413 0.49875992063492064 0.5846560846560847 0.4930555555555556 0.5830026455026455 0.48834325396825395 0.5879629629629629 0.4756944444444444 0.5962301587301587 0.4704861111111111 0.603505291005291 0.46924603174603174
0 0.5403439153439153 0.5178571428571429 0.5572089947089947 0.5260416666666666 0.5611772486772487 0.5310019841269841 0.5618386243386243 0.5384424603174603 0.5565476190476191 0.5478670634920635 0.5400132275132276 0.5538194444444444 0.5238095238095238 0.5486111111111112 0.5162037037037037 0.5374503968253969 0.5178571428571429 0.5310019841269841 0.5257936507936508 0.5228174603174603 0.5400132275132276 0.5178571428571429
0 0.5671296296296297 0.4905753968253968 0.5717592592592593 0.49181547619047616 0.5790343915343915 0.498015873015873 0.582010582010582 0.5086805555555556 0.5740740740740741 0.5200892857142857 0.5582010582010583 0.5238095238095238 0.5519179894179894 0.5225694444444444 0.5416666666666666 0.5163690476190477 0.5390211640211641 0.5124007936507936 0.5390211640211641 0.501984126984127 0.5433201058201058 0.4962797619047619 0.5502645502645502 0.49231150793650796 0.5667989417989417 0.4905753968253968
0 0.6911375661375662 0.39360119047619047 0.6994047619047619 0.39558531746031744 0.707010582010582 0.4010416666666667 0.7123015873015873 0.4117063492063492 0.707010582010582 0.4226190476190476 0.6898148148148148 0.4305555555555556 0.6716269841269841 0.42658730158730157 0.6636904761904762 0.41790674603174605 0.6620370370370371 0.4097222222222222 0.6650132275132276 0.40228174603174605 0.671957671957672 0.39632936507936506 0.6805555555555556 0.3931051587301587 0.6908068783068783 0.39360119047619047
0 0.4503968253968254 0.6150793650793651 0.4675925925925926 0.6183035714285714 0.47784391534391535 0.6331845238095238 0.4751984126984127 0.6403769841269841 0.4662698412698413 0.6478174603174603 0.45271164021164023 0.6517857142857143 0.44477513227513227 0.6515376984126984 0.43816137566137564 0.6483134920634921 0.4308862433862434 0.6408730158730159 0.42857142857142855 0.6336805555555556 0.4298941798941799 0.6264880952380952 0.4375 0.6187996031746031 0.4437830687830688 0.6155753968253969 0.45006613756613756 0.6150793650793651
0 0.4751984126984127 0.5768849206349206 0.48478835978835977 0.5813492063492064 0.48578042328042326 0.595734126984127 0.47354497354497355 0.6071428571428571 0.4656084656084656 0.6091269841269841 0.45271164021164023 0.6076388888888888 0.44543650793650796 0.6031746031746031 0.4427910052910053 0.5969742063492064 0.4437830687830688 0.5882936507936508 0.453042328042328 0.5793650793650794 0.4748677248677249 0.5768849206349206
0 0.5069444444444444 0.5342261904761905 0.5158730158730159 0.5391865079365079 0.5211640211640212 0.5505952380952381 0.5165343915343915 0.5612599206349206 0.5 0.5687003968253969 0.49107142857142855 0.5679563492063492 0.48214285714285715 0.564484126984127 0.47784391534391535 0.546875 0.4801587301587302 0.5421626984126984 0.4877645502645503 0.5362103174603174 0.5066137566137566 0.5342261904761905
0 0.5730820105820106 0.45634920634920634 0.5849867724867724 0.4642857142857143 0.5876322751322751 0.47470238095238093 0.5823412698412699 0.48462301587301587 0.5714285714285714 0.49007936507936506 0.5539021164021164 0.48834325396825395 0.5446428571428571 0.47966269841269843 0.5426587301587301 0.46999007936507936 0.5496031746031746 0.46130952380952384 0.5674603174603174 0.4556051587301587 0.5727513227513228 0.45634920634920634
0 0.421957671957672 0.644593253968254 0.43287037037037035 0.6502976190476191 0.435515873015873 0.6639384920634921 0.4279100529100529 0.6746031746031746 0.4146825396825397 0.6780753968253969 0.40773809523809523 0.6778273809523809 0.3948412698412698 0.6723710317460317 0.38955026455026454 0.6661706349206349 0.3888888888888889 0.6587301587301587 0.3931878306878307 0.6505456349206349 0.4001322751322751 0.6463293650793651 0.42162698412698413 0.644593253968254
0 0.38392857142857145 0.6770833333333334 0.39384920634920634 0.6803075396825397 0.4011243386243386 0.6857638888888888 0.4060846560846561 0.6969246031746031 0.4041005291005291 0.7026289682539683 0.3968253968253968 0.7100694444444444 0.37996031746031744 0.7137896825396826 0.3644179894179894 0.7080853174603174 0.35912698412698413 0.6996527777777778 0.35813492063492064 0.6909722222222222 0.36078042328042326 0.6860119047619048 0.373015873015873 0.6775793650793651 0.3835978835978836 0.6770833333333334
0 0.3654100529100529 0.7090773809523809 0.3776455026455027 0.7140376984126984 0.3812830687830688 0.7259424603174603 0.37996031746031744 0.7321428571428571 0.37533068783068785 0.7375992063492064 0.3697089947089947 0.7420634920634921 0.36078042328042326 0.7450396825396826 0.3419312169312169 0.7405753968253969 0.335978835978836 0.7338789682539683 0.3343253968253968 0.7261904761904762 0.3382936507936508 0.7177579365079365 0.3488756613756614 0.7098214285714286 0.36507936507936506 0.7090773809523809
0 0.5102513227513228 0.5007440476190477 0.5231481481481481 0.5076884920634921 0.5257936507936508 0.5190972222222222 0.5152116402116402 0.5302579365079365 0.5006613756613757 0.5334821428571429 0.4914021164021164 0.5322420634920635 0.48412698412698413 0.5275297619047619 0.4801587301587302 0.5210813492063492 0.4798280423280423 0.5148809523809523 0.4947089947089947 0.5009920634920635 0.5099206349206349 0.5007440476190477
0 0.4236111111111111 0.5954861111111112 0.4365079365079365 0.6009424603174603 0.44047619047619047 0.6143353174603174 0.42724867724867727 0.6272321428571429 0.41865079365079366 0.6294642857142857 0.4074074074074074 0.6279761904761905 0.4011243386243386 0.6242559523809523 0.39715608465608465 0.6195436507936508 0.3968253968253968 0.6123511904761905 0.3998015873015873 0.6026785714285714 0.4060846560846561 0.5974702380952381 0.42328042328042326 0.5954861111111112
0 0.46395502645502645 0.5426587301587301 0.4755291005291005 0.5478670634920635 0.4798280423280423 0.5657242063492064 0.4705687830687831 0.5756448412698413 0.4503968253968254 0.5783730158730159 0.44113756613756616 0.5756448412698413 0.4351851851851852 0.5709325396825397 0.4341931216931217 0.5597718253968254 0.44543650793650796 0.5456349206349206 0.4523809523809524 0.5431547619047619 0.4636243386243386 0.5426587301587301
0 0.3783068783068783 0.6395089285714286 0.047619047619047616 0.0339781746031746
0 0.6326058201058201 0.4181547619047619 0.6511243386243386 0.42137896825396826 0.6590608465608465 0.43179563492063494 0.6527777777777778 0.44841269841269843 0.6345899470899471 0.4541170634920635 0.6160714285714286 0.44990079365079366 0.6084656084656085 0.44047619047619047 0.6117724867724867 0.4255952380952381 0.6193783068783069 0.42063492063492064 0.6322751322751323 0.4181547619047619
0 0.6898148148148148 0.35987103174603174 0.7020502645502645 0.36607142857142855 0.7056878306878307 0.3774801587301587 0.7017195767195767 0.3871527777777778 0.6957671957671958 0.39211309523809523 0.689484126984127 0.39285714285714285 0.6676587301587301 0.39112103174603174 0.6610449735449735 0.38169642857142855 0.6633597883597884 0.3695436507936508 0.6762566137566137 0.3611111111111111 0.689484126984127 0.35987103174603174
0 0.6408730158730159 0.38392857142857145 0.6488095238095238 0.38566468253968256 0.656415343915344 0.39012896825396826 0.66005291005291 0.39880952380952384 0.6593915343915344 0.4079861111111111 0.656084656084656 0.4126984126984127 0.6438492063492064 0.41790674603174605 0.6253306878306878 0.41691468253968256 0.6160714285714286 0.40302579365079366 0.6164021164021164 0.3978174603174603 0.6216931216931217 0.39012896825396826 0.6306216931216931 0.3851686507936508 0.640542328042328 0.38392857142857145
0 0.5929232804232805 0.41592261904761907 0.6068121693121693 0.421875 0.6091269841269841 0.42981150793650796 0.603505291005291 0.4437003968253968 0.5988756613756614 0.4469246031746032 0.5889550264550265 0.44915674603174605 0.5753968253968254 0.44568452380952384 0.5674603174603174 0.4305555555555556 0.5747354497354498 0.419890873015873 0.5882936507936508 0.4154265873015873 0.5925925925925926 0.41592261904761907
0 0.5539021164021164 0.42658730158730157 0.5661375661375662 0.4312996031746032 0.5714285714285714 0.439484126984127 0.5720899470899471 0.4461805555555556 0.5654761904761905 0.45461309523809523 0.5502645502645502 0.4595734126984127 0.5327380952380952 0.45362103174603174 0.5264550264550265 0.4419642857142857 0.5284391534391535 0.43526785714285715 0.5324074074074074 0.4322916666666667 0.5439814814814815 0.42757936507936506 0.5535714285714286 0.42658730158730157
0 0.45006613756613756 0.5081845238095238 0.4705687830687831 0.5143849206349206 0.47619047619047616 0.5257936507936508 0.4718915343915344 0.5369543650793651 0.4669312169312169 0.5406746031746031 0.45701058201058203 0.5419146825396826 0.4427910052910053 0.5401785714285714 0.4348544973544973 0.5334821428571429 0.4312169312169312 0.5262896825396826 0.43154761904761907 0.5198412698412699 0.4348544973544973 0.5153769841269841 0.44146825396825395 0.5104166666666666 0.4497354497354497 0.5081845238095238
0 0.4080687830687831 0.5617559523809523 0.42493386243386244 0.5652281746031746 0.43287037037037035 0.5746527777777778 0.43287037037037035 0.5818452380952381 0.4289021164021164 0.5882936507936508 0.42228835978835977 0.5935019841269841 0.4103835978835979 0.5952380952380952 0.40145502645502645 0.5949900793650794 0.39384920634920634 0.5922619047619048 0.38756613756613756 0.5823412698412699 0.38855820105820105 0.5744047619047619 0.39285714285714285 0.5674603174603174 0.3974867724867725 0.5637400793650794 0.40773809523809523 0.5617559523809523
0 0.3568121693121693 0.6537698412698413 0.3664021164021164 0.6569940476190477 0.3697089947089947 0.6607142857142857 0.3723544973544973 0.6731150793650794 0.37003968253968256 0.6788194444444444 0.3558201058201058 0.6875 0.3402777777777778 0.6857638888888888 0.3323412698412698 0.6822916666666666 0.32572751322751325 0.6753472222222222 0.32506613756613756 0.6684027777777778 0.32771164021164023 0.6612103174603174 0.3326719576719577 0.6567460317460317 0.3416005291005291 0.6540178571428571 0.35648148148148145 0.6537698412698413
0 0.5783730158730159 0.38467261904761907 0.5942460317460317 0.39012896825396826 0.5988756613756614 0.3998015873015873 0.5922619047619048 0.41294642857142855 0.5783730158730159 0.4176587301587302 0.5641534391534392 0.4124503968253968 0.5558862433862434 0.4020337301587302 0.5621693121693122 0.3896329365079365 0.5671296296296297 0.38665674603174605 0.578042328042328 0.38467261904761907
0 0.5300925925925926 0.46825396825396826 0.541005291005291 0.4739583333333333 0.5453042328042328 0.47941468253968256 0.5459656084656085 0.4861111111111111 0.5367063492063492 0.4962797619047619 0.52744708994709 0.49950396825396826 0.515542328042328 0.4992559523809524 0.5059523809523809 0.49528769841269843 0.5003306878306878 0.4908234126984127 0.4990079365079365 0.4801587301587302 0.5013227513227513 0.47371031746031744 0.5079365079365079 0.46899801587301587 0.5165343915343915 0.4670138888888889 0.5297619047619048 0.46825396825396826
0 0.4742063492063492 0.47346230158730157 0.48578042328042326 0.47668650793650796 0.49537037037037035 0.48908730158730157 0.49272486772486773 0.5007440476190477 0.48214285714285715 0.5099206349206349 0.4751984126984127 0.5121527777777778 0.4523809523809524 0.5074404761904762 0.44642857142857145 0.4945436507936508 0.44742063492063494 0.48759920634920634 0.453042328042328 0.48040674603174605 0.4632936507936508 0.4749503968253968 0.4738756613756614 0.47346230158730157
0 0.4156746031746032 0.527281746031746 0.4255952380952381 0.5287698412698413 0.4322089947089947 0.5319940476190477 0.439484126984127 0.5421626984126984 0.439484126984127 0.5500992063492064 0.4351851851851852 0.5575396825396826 0.43154761904761907 0.5607638888888888 0.42427248677248675 0.5625 0.4044312169312169 0.560515873015873 0.3998015873015873 0.5577876984126984 0.3955026455026455 0.5498511904761905 0.3958333333333333 0.5399305555555556 0.4007936507936508 0.5324900793650794 0.4080687830687831 0.5282738095238095 0.41534391534391535 0.527281746031746
0 0.37797619047619047 0.5892857142857143 0.3915343915343915 0.5939980158730159 0.3974867724867725 0.6019345238095238 0.39715608465608465 0.6083829365079365 0.3898809523809524 0.6212797619047619 0.38425925925925924 0.6235119047619048 0.37136243386243384 0.6242559523809523 0.36474867724867727 0.6240079365079365 0.3558201058201058 0.6197916666666666 0.3498677248677249 0.6128472222222222 0.3488756613756614 0.6059027777777778 0.3521825396825397 0.5982142857142857 0.359457671957672 0.591765873015873 0.3776455026455027 0.5892857142857143
0 0.5208333333333334 0.40327380952380953 0.541005291005291 0.40575396825396826 0.5479497354497355 0.41393849206349204 0.5439814814814815 0.4260912698412698 0.5264550264550265 0.43427579365079366 0.5119047619047619 0.4303075396825397 0.503968253968254 0.41865079365079366 0.5082671957671958 0.40600198412698413 0.5205026455026455 0.40327380952380953
0 0.4193121693121693 0.48908730158730157 0.4322089947089947 0.49330357142857145 0.4398148148148148 0.503968253968254 0.439484126984127 0.5091765873015873 0.4305555555555556 0.519593253968254 0.42063492063492064 0.5230654761904762 0.4007936507936508 0.5205853174603174 0.39285714285714285 0.5084325396825397 0.39351851851851855 0.5009920634920635 0.4011243386243386 0.49255952380952384 0.41898148148148145 0.48908730158730157
0 0.5396825396825397 0.36929563492063494 0.5509259259259259 0.37202380952380953 0.558531746031746 0.3767361111111111 0.5621693121693122 0.388640873015873 0.5548941798941799 0.3993055555555556 0.5386904761904762 0.40302579365079366 0.5327380952380952 0.40302579365079366 0.5254629629629629 0.3975694444444444 0.5221560846560847 0.38392857142857145 0.5254629629629629 0.3757440476190476 0.5393518518518519 0.36929563492063494
0 0.4401455026455027 0.4565972222222222 0.45105820105820105 0.4632936507936508 0.4540343915343915 0.4751984126984127 0.4460978835978836 0.4888392857142857 0.43584656084656087 0.49231150793650796 0.4150132275132275 0.4878472222222222 0.4087301587301587 0.4806547619047619 0.4074074074074074 0.4722222222222222 0.4103835978835979 0.46552579365079366 0.421957671957672 0.4565972222222222 0.4398148148148148 0.4565972222222222
0 0.3349867724867725 0.6178075396825397 0.3498677248677249 0.6247519841269841 0.3525132275132275 0.6336805555555556 0.3455687830687831 0.6475694444444444 0.3392857142857143 0.652281746031746 0.3290343915343915 0.6557539682539683 0.3072089947089947 0.6493055555555556 0.30324074074074076 0.6438492063492064 0.30224867724867727 0.6336805555555556 0.3048941798941799 0.6264880952380952 0.31415343915343913 0.6197916666666666 0.32407407407407407 0.6170634920634921 0.33465608465608465 0.6178075396825397
0 0.3687169312169312 0.5451388888888888 0.3835978835978836 0.5503472222222222 0.3888888888888889 0.5562996031746031 0.39021164021164023 0.5629960317460317 0.3878968253968254 0.5711805555555556 0.3835978835978836 0.5758928571428571 0.3664021164021164 0.5803571428571429 0.3558201058201058 0.5786210317460317 0.3482142857142857 0.5746527777777778 0.3425925925925926 0.5677083333333334 0.3416005291005291 0.5607638888888888 0.3439153439153439 0.5538194444444444 0.34854497354497355 0.5493551587301587 0.35912698412698413 0.5451388888888888 0.3683862433862434 0.5451388888888888
0 0.39384920634920634 0.5158730158730159 0.39880952380952384 0.5220734126984127 0.39914021164021163 0.5324900793650794 0.3915343915343915 0.5426587301587301 0.38095238095238093 0.5463789682539683 0.36706349206349204 0.5443948412698413 0.3611111111111111 0.5414186507936508 0.3558201058201058 0.5324900793650794 0.35648148148148145 0.5257936507936508 0.36243386243386244 0.5183531746031746 0.36937830687830686 0.5148809523809523 0.38227513227513227 0.5133928571428571 0.39351851851851855 0.5158730158730159
0 0.3237433862433862 0.5647321428571429 0.33134920634920634 0.5667162698412699 0.33664021164021163 0.5711805555555556 0.3406084656084656 0.5776289682539683 0.3406084656084656 0.5845734126984127 0.33630952380952384 0.5920138888888888 0.33101851851851855 0.5954861111111112 0.3148148148148148 0.5994543650793651 0.29993386243386244 0.5947420634920635 0.2959656084656085 0.5887896825396826 0.29563492063492064 0.5786210317460317 0.30423280423280424 0.5677083333333334 0.32341269841269843 0.5647321428571429
0 0.48148148148148145 0.3802083333333333 0.49702380952380953 0.39037698412698413 0.4990079365079365 0.4007936507936508 0.49173280423280424 0.4087301587301587 0.4738756613756614 0.41443452380952384 0.46296296296296297 0.41220238095238093 0.45634920634920634 0.40749007936507936 0.4540343915343915 0.3940972222222222 0.4642857142857143 0.3834325396825397 0.47354497354497355 0.3802083333333333 0.48115079365079366 0.3802083333333333
0 0.4398148148148148 0.40649801587301587 0.45337301587301587 0.4126984126984127 0.4576719576719577 0.41889880952380953 0.45866402116402116 0.4288194444444444 0.45105820105820105 0.439484126984127 0.43584656084656087 0.4446924603174603 0.42394179894179895 0.44345238095238093 0.4103835978835979 0.43179563492063494 0.4087301587301587 0.4243551587301587 0.4173280423280423 0.41021825396825395 0.42824074074074076 0.40625 0.439484126984127 0.40649801587301587
0 0.37103174603174605 0.48313492063492064 0.38326719576719576 0.4905753968253968 0.3855820105820106 0.5009920634920635 0.37996031746031744 0.5109126984126984 0.36342592592592593 0.5163690476190477 0.35085978835978837 0.5131448412698413 0.34523809523809523 0.5086805555555556 0.3419312169312169 0.501984126984127 0.3419312169312169 0.49404761904761907 0.3462301587301587 0.4878472222222222 0.35284391534391535 0.48412698412698413 0.36078042328042326 0.482390873015873 0.3707010582010582 0.48313492063492064
0 0.3974867724867725 0.42931547619047616 0.4087301587301587 0.43154761904761907 0.42294973544973546 0.44320436507936506 0.421957671957672 0.4538690476190476 0.416005291005291 0.4603174603174603 0.4083994708994709 0.4650297619047619 0.3968253968253968 0.46651785714285715 0.3869047619047619 0.46378968253968256 0.37863756613756616 0.45634920634920634 0.37632275132275134 0.4429563492063492 0.37962962962962965 0.4367559523809524 0.3862433862433862 0.4322916666666667 0.39715608465608465 0.42956349206349204
0 0.398478835978836 0.39360119047619047 0.4097222222222222 0.39732142857142855 0.414021164021164 0.404265873015873 0.4146825396825397 0.41096230158730157 0.4064153439153439 0.4226190476190476 0.39384920634920634 0.42683531746031744 0.37665343915343913 0.4226190476190476 0.3697089947089947 0.4166666666666667 0.3680555555555556 0.4097222222222222 0.37863756613756616 0.3968253968253968 0.3888888888888889 0.39384920634920634 0.39814814814814814 0.39360119047619047
0 0.3187830687830688 0.5032242063492064 0.32771164021164023 0.5079365079365079 0.3316798941798942 0.5161210317460317 0.3316798941798942 0.5225694444444444 0.32506613756613756 0.53125 0.31183862433862436 0.5369543650793651 0.3019179894179894 0.5364583333333334 0.29464285714285715 0.533234126984127 0.2880291005291005 0.5260416666666666 0.2863756613756614 0.5183531746031746 0.2896825396825397 0.5109126984126984 0.2986111111111111 0.5049603174603174 0.31845238095238093 0.5032242063492064
0 0.359457671957672 0.37996031746031744 0.373015873015873 0.3871527777777778 0.37632275132275134 0.3978174603174603 0.36706349206349204 0.40947420634920634 0.35383597883597884 0.41294642857142855 0.34424603174603174 0.4126984126984127 0.3349867724867725 0.4079861111111111 0.3287037037037037 0.3960813492063492 0.33201058201058203 0.39012896825396826 0.3402777777777778 0.3836805555555556 0.351521164021164 0.37996031746031744 0.35912698412698413 0.37996031746031744