0 0.6324404761904762 0.5922619047619048 0.642609126984127 0.6025132275132276 0.6450892857142857 0.6160714285714286 0.6378968253968254 0.6342592592592593 0.6304563492063492 0.6388888888888888 0.6195436507936508 0.638558201058201 0.6125992063492064 0.6342592592592593 0.6083829365079365 0.6266534391534392 0.6071428571428571 0.6144179894179894 0.6103670634920635 0.6021825396825397 0.6155753968253969 0.5949074074074074 0.625 0.5909391534391535 0.6321924603174603 0.5922619047619048
0 0.42956349206349204 0.24404761904761904 0.43898809523809523 0.24966931216931218 0.4427083333333333 0.25562169312169314 0.4439484126984127 0.26322751322751325 0.4429563492063492 0.27215608465608465 0.43898809523809523 0.2800925925925926 0.4350198412698413 0.2837301587301587 0.42683531746031744 0.2847222222222222 0.4156746031746032 0.2800925925925926 0.41220238095238093 0.2724867724867725 0.4117063492063492 0.2648809523809524 0.41443452380952384 0.25396825396825395 0.41889880952380953 0.24801587301587302 0.42931547619047616 0.24404761904761904
0 0.6202876984126984 0.529431216931217 0.6267361111111112 0.5327380952380952 0.6302083333333334 0.5376984126984127 0.6339285714285714 0.5565476190476191 0.6292162698412699 0.5677910052910053 0.6195436507936508 0.5753968253968254 0.6123511904761905 0.5747354497354498 0.6078869047619048 0.5714285714285714 0.6014384920634921 0.5601851851851852 0.6006944444444444 0.5519179894179894 0.6063988095238095 0.5357142857142857 0.6128472222222222 0.5304232804232805 0.6200396825396826 0.529431216931217
0 0.5863095238095238 0.7880291005291006 0.5989583333333334 0.7996031746031746 0.6016865079365079 0.8181216931216931 0.5992063492063492 0.8306878306878307 0.5915178571428571 0.8386243386243386 0.5850694444444444 0.8412698412698413 0.5768849206349206 0.8389550264550265 0.5691964285714286 0.8313492063492064 0.564484126984127 0.8210978835978836 0.5639880952380952 0.8115079365079365 0.5704365079365079 0.792989417989418 0.5778769841269841 0.7883597883597884 0.5860615079365079 0.7880291005291006
0 0.5441468253968254 0.5750661375661376 0.5543154761904762 0.5836640211640212 0.5575396825396826 0.5978835978835979 0.5555555555555556 0.6068121693121693 0.5513392857142857 0.6137566137566137 0.5421626984126984 0.6154100529100529 0.5359623015873016 0.6144179894179894 0.5287698412698413 0.6078042328042328 0.5252976190476191 0.6025132275132276 0.5248015873015873 0.5942460317460317 0.5270337301587301 0.5843253968253969 0.53125 0.578042328042328 0.5391865079365079 0.5744047619047619 0.5438988095238095 0.5750661375661376
0 0.37723214285714285 0.2533068783068783 0.3861607142857143 0.2622354497354497 0.3888888888888889 0.2751322751322751 0.3854166666666667 0.28703703703703703 0.37549603174603174 0.29365079365079366 0.3695436507936508 0.2923280423280423 0.3630952380952381 0.2863756613756614 0.3603670634920635 0.2744708994708995 0.36160714285714285 0.26521164021164023 0.3658234126984127 0.25793650793650796 0.376984126984127 0.2533068783068783
0 0.4134424603174603 0.2943121693121693 0.4226190476190476 0.3002645502645503 0.42658730158730157 0.3125 0.42311507936507936 0.32605820105820105 0.41517857142857145 0.3323412698412698 0.4000496031746032 0.3263888888888889 0.39732142857142855 0.3148148148148148 0.3975694444444444 0.3072089947089947 0.4010416666666667 0.29927248677248675 0.4045138888888889 0.29563492063492064 0.4131944444444444 0.2943121693121693
0 0.42212301587301587 0.37037037037037035 0.4330357142857143 0.37797619047619047 0.4365079365079365 0.3978174603174603 0.43353174603174605 0.4037698412698413 0.41889880952380953 0.4087301587301587 0.41021825396825395 0.398478835978836 0.40922619047619047 0.38756613756613756 0.4126984126984127 0.37334656084656087 0.421875 0.37037037037037035
0 0.5724206349206349 0.5443121693121693 0.582093253968254 0.5512566137566137 0.5858134920634921 0.560515873015873 0.5863095238095238 0.5687830687830688 0.5835813492063492 0.5813492063492064 0.5771329365079365 0.5882936507936508 0.5711805555555556 0.5902777777777778 0.5637400793650794 0.5889550264550265 0.5570436507936508 0.5823412698412699 0.5530753968253969 0.5737433862433863 0.5525793650793651 0.5671296296296297 0.5562996031746031 0.5525793650793651 0.5639880952380952 0.5453042328042328 0.5721726190476191 0.5443121693121693
0 0.45287698412698413 0.3544973544973545 0.46205357142857145 0.3627645502645503 0.4650297619047619 0.37003968253968256 0.46577380952380953 0.37962962962962965 0.4603174603174603 0.39285714285714285 0.4476686507936508 0.4031084656084656 0.44221230158730157 0.4017857142857143 0.4382440476190476 0.3974867724867725 0.43427579365079366 0.3723544973544973 0.44146825396825395 0.35714285714285715 0.45262896825396826 0.3544973544973545
0 0.4035218253968254 0.37103174603174605 0.408234126984127 0.37202380952380953 0.41096230158730157 0.37665343915343913 0.4097222222222222 0.3974867724867725 0.4079861111111111 0.4011243386243386 0.4010416666666667 0.4044312169312169 0.39186507936507936 0.3978174603174603 0.3888888888888889 0.392526455026455 0.388640873015873 0.38525132275132273 0.39384920634920634 0.37202380952380953 0.40327380952380953 0.37103174603174605
0 0.3812003968253968 0.4576719576719577 0.38740079365079366 0.46825396825396826 0.388640873015873 0.4808201058201058 0.3841765873015873 0.49206349206349204 0.3767361111111111 0.49933862433862436 0.3697916666666667 0.498015873015873 0.3621031746031746 0.49173280423280424 0.3583829365079365 0.4851190476190476 0.35788690476190477 0.47585978835978837 0.36061507936507936 0.4636243386243386 0.36408730158730157 0.45965608465608465 0.3722718253968254 0.45701058201058203 0.38095238095238093 0.4576719576719577
0 0.4184027777777778 0.45006613756613756 0.4255952380952381 0.45601851851851855 0.4290674603174603 0.4712301587301587 0.42509920634920634 0.48412698412698413 0.41517857142857145 0.49074074074074076 0.4027777777777778 0.48478835978835977 0.39880952380952384 0.4771825396825397 0.3978174603174603 0.4699074074074074 0.4000496031746032 0.4603174603174603 0.4035218253968254 0.45601851851851855 0.4181547619047619 0.45006613756613756
0 0.435515873015873 0.40476190476190477 0.44246031746031744 0.4123677248677249 0.44494047619047616 0.4252645502645503 0.43898809523809523 0.43915343915343913 0.4320436507936508 0.4417989417989418 0.41865079365079366 0.4365079365079365 0.4146825396825397 0.42857142857142855 0.41418650793650796 0.421957671957672 0.41865079365079366 0.4093915343915344 0.43526785714285715 0.40476190476190477
0 0.42956349206349204 0.3369708994708995 0.43601190476190477 0.3402777777777778 0.44246031746031744 0.3521825396825397 0.4409722222222222 0.359457671957672 0.43253968253968256 0.37566137566137564 0.4208829365079365 0.37103174603174605 0.41617063492063494 0.36607142857142855 0.41418650793650796 0.359457671957672 0.4166666666666667 0.3439153439153439 0.42509920634920634 0.3369708994708995 0.42931547619047616 0.3369708994708995
0 0.5783730158730159 0.6160714285714286 0.5882936507936508 0.6259920634920635 0.5910218253968254 0.6408730158730159 0.5887896825396826 0.6511243386243386 0.5825892857142857 0.6577380952380952 0.5768849206349206 0.66005291005291 0.5691964285714286 0.6590608465608465 0.5632440476190477 0.6537698412698413 0.560515873015873 0.6468253968253969 0.5597718253968254 0.6312830687830688 0.5674603174603174 0.6173941798941799 0.578125 0.6160714285714286
0 0.5478670634920635 0.6154100529100529 0.5582837301587301 0.626984126984127 0.5595238095238095 0.6471560846560847 0.5548115079365079 0.6557539682539683 0.5471230158730159 0.6587301587301587 0.5396825396825397 0.658068783068783 0.5314980158730159 0.65244708994709 0.5277777777777778 0.644510582010582 0.527281746031746 0.6372354497354498 0.529265873015873 0.625 0.5322420634920635 0.6190476190476191 0.5396825396825397 0.6150793650793651 0.5476190476190477 0.6154100529100529
0 0.49528769841269843 0.6431878306878307 0.5052083333333334 0.6504629629629629 0.5076884920634921 0.6583994708994709 0.5052083333333334 0.6808862433862434 0.4957837301587302 0.689484126984127 0.49107142857142855 0.6891534391534392 0.4818948412698413 0.6825396825396826 0.4771825396825397 0.673941798941799 0.47619047619047616 0.6669973544973545 0.47693452380952384 0.6577380952380952 0.4809027777777778 0.6507936507936508 0.4888392857142857 0.6438492063492064 0.49503968253968256 0.6431878306878307
0 0.6996527777777778 0.5896164021164021 0.7132936507936508 0.5952380952380952 0.7194940476190477 0.6058201058201058 0.7222222222222222 0.621031746031746 0.7182539682539683 0.6339285714285714 0.7113095238095238 0.6412037037037037 0.7028769841269841 0.6431878306878307 0.6919642857142857 0.6388888888888888 0.6847718253968254 0.6309523809523809 0.6815476190476191 0.6170634920634921 0.6837797619047619 0.6028439153439153 0.6892361111111112 0.5942460317460317 0.6994047619047619 0.58994708994709
0 0.4010416666666667 0.328042328042328 0.4117063492063492 0.3330026455026455 0.41716269841269843 0.3425925925925926 0.41369047619047616 0.36607142857142855 0.408234126984127 0.37136243386243384 0.39384920634920634 0.3683862433862434 0.3864087301587302 0.3541666666666667 0.38938492063492064 0.33664021164021163 0.4007936507936508 0.328042328042328
0 0.3499503968253968 0.5740740740740741 0.35912698412698413 0.583994708994709 0.3618551587301587 0.5988756613756614 0.35639880952380953 0.609457671957672 0.3462301587301587 0.6154100529100529 0.33878968253968256 0.6140873015873016 0.3335813492063492 0.6087962962962963 0.32961309523809523 0.6018518518518519 0.3288690476190476 0.5912698412698413 0.33134920634920634 0.5836640211640212 0.3373015873015873 0.5777116402116402 0.34424603174603174 0.5737433862433863 0.34970238095238093 0.5740740740740741
0 0.6254960317460317 0.640542328042328 0.6371527777777778 0.6468253968253969 0.640625 0.6517857142857143 0.6421130952380952 0.6597222222222222 0.6411210317460317 0.6712962962962963 0.6374007936507936 0.6798941798941799 0.6331845238095238 0.6858465608465608 0.6264880952380952 0.6888227513227513 0.6125992063492064 0.6845238095238095 0.6046626984126984 0.6686507936507936 0.6066468253968254 0.654431216931217 0.611359126984127 0.6448412698412699 0.6160714285714286 0.6415343915343915 0.6252480158730159 0.640542328042328
0 0.3784722222222222 0.38756613756613756 0.38392857142857145 0.38921957671957674 0.3881448412698413 0.39384920634920634 0.3896329365079365 0.4044312169312169 0.38492063492063494 0.41865079365079366 0.37723214285714285 0.4226190476190476 0.36681547619047616 0.4212962962962963 0.3635912698412698 0.41865079365079366 0.3601190476190476 0.4113756613756614 0.359375 0.4037698412698413 0.36334325396825395 0.39384920634920634 0.37822420634920634 0.38756613756613756
0 0.37103174603174605 0.42162698412698413 0.38293650793650796 0.4236111111111111 0.38839285714285715 0.4322089947089947 0.3869047619047619 0.4494047619047619 0.3834325396825397 0.4546957671957672 0.3774801587301587 0.45701058201058203 0.3663194444444444 0.45634920634920634 0.3601190476190476 0.4460978835978836 0.36086309523809523 0.4322089947089947 0.36607142857142855 0.4226190476190476 0.3707837301587302 0.42162698412698413
0 0.3705357142857143 0.33994708994708994 0.37971230158730157 0.3488756613756614 0.3821924603174603 0.36044973544973546 0.37822420634920634 0.37202380952380953 0.37003968253968256 0.3776455026455027 0.35962301587301587 0.37334656084656087 0.3559027777777778 0.3683862433862434 0.35367063492063494 0.3584656084656085 0.3576388888888889 0.34424603174603174 0.36259920634920634 0.3406084656084656 0.37028769841269843 0.33994708994708994
0 0.5540674603174603 0.5122354497354498 0.564484126984127 0.5211640211640212 0.5669642857142857 0.5347222222222222 0.5649801587301587 0.5446428571428571 0.5538194444444444 0.5555555555555556 0.5466269841269841 0.5548941798941799 0.5409226190476191 0.5505952380952381 0.5364583333333334 0.5413359788359788 0.535218253968254 0.5327380952380952 0.5364583333333334 0.5228174603174603 0.5396825396825397 0.5168650793650794 0.5471230158730159 0.5119047619047619 0.5538194444444444 0.5122354497354498
0 0.5178571428571429 0.6051587301587301 0.5260416666666666 0.6101190476190477 0.5300099206349206 0.621031746031746 0.5265376984126984 0.6398809523809523 0.5205853174603174 0.6474867724867724 0.5131448412698413 0.6501322751322751 0.5071924603174603 0.6481481481481481 0.5012400793650794 0.6418650793650794 0.49875992063492064 0.6233465608465608 0.5007440476190477 0.6160714285714286 0.5084325396825397 0.6068121693121693 0.517609126984127 0.6051587301587301