0 0.21329365079365079 0.7817460317460317 0.22156084656084657 0.7874503968253969 0.22288359788359788 0.7966269841269841 0.21693121693121692 0.8045634920634921 0.2037037037037037 0.8087797619047619 0.19411375661375663 0.8077876984126984 0.18915343915343916 0.8043154761904762 0.18617724867724866 0.792906746031746 0.19907407407407407 0.7810019841269841 0.21296296296296297 0.7817460317460317
0 0.22486772486772486 0.5786210317460317 0.23842592592592593 0.5833333333333334 0.2404100529100529 0.5952380952380952 0.2328042328042328 0.6026785714285714 0.22387566137566137 0.605406746031746 0.21329365079365079 0.6049107142857143 0.2046957671957672 0.597718253968254 0.2027116402116402 0.5907738095238095 0.21064814814814814 0.5813492063492064 0.22453703703703703 0.5786210317460317
0 0.3406084656084656 0.6701388888888888 0.3521825396825397 0.6753472222222222 0.3541666666666667 0.6857638888888888 0.3488756613756614 0.6927083333333334 0.3373015873015873 0.6961805555555556 0.33101851851851855 0.6961805555555556 0.3230820105820106 0.6927083333333334 0.3201058201058201 0.6785714285714286 0.32605820105820105 0.671875 0.3402777777777778 0.6701388888888888
0 0.18783068783068782 0.7643849206349206 0.19444444444444445 0.7678571428571429 0.1984126984126984 0.7762896825396826 0.19675925925925927 0.7827380952380952 0.18584656084656084 0.7916666666666666 0.16435185185185186 0.7899305555555556 0.15806878306878308 0.7862103174603174 0.15674603174603174 0.78125 0.16435185185185186 0.7700892857142857 0.1875 0.7643849206349206
0 0.2916666666666667 0.5860615079365079 0.30224867724867727 0.5905257936507936 0.3062169312169312 0.5999503968253969 0.30224867724867727 0.6091269841269841 0.2906746031746032 0.613343253968254 0.2830687830687831 0.613343253968254 0.27314814814814814 0.6096230158730159 0.26884920634920634 0.6046626984126984 0.26785714285714285 0.5984623015873016 0.2767857142857143 0.5882936507936508 0.29133597883597884 0.5860615079365079
0 0.4021164021164021 0.8325892857142857 0.4097222222222222 0.8345734126984127 0.41633597883597884 0.8407738095238095 0.41369047619047616 0.8549107142857143 0.4041005291005291 0.8598710317460317 0.39087301587301587 0.857390873015873 0.38425925925925924 0.8469742063492064 0.3869047619047619 0.8375496031746031 0.39351851851851855 0.8335813492063492 0.4017857142857143 0.8325892857142857
0 0.3776455026455027 0.8643353174603174 0.38756613756613756 0.871031746031746 0.38921957671957674 0.8807043650793651 0.3835978835978836 0.8893849206349206 0.373015873015873 0.8931051587301587 0.3601190476190476 0.8908730158730159 0.3541666666666667 0.8854166666666666 0.3525132275132275 0.8792162698412699 0.35548941798941797 0.8717757936507936 0.36177248677248675 0.8658234126984127 0.36937830687830686 0.8635912698412699 0.3773148148148148 0.8643353174603174
0 0.35912698412698413 0.5865575396825397 0.37003968253968256 0.5910218253968254 0.37533068783068785 0.5982142857142857 0.3740079365079365 0.6051587301587301 0.37003968253968256 0.609375 0.35978835978835977 0.6130952380952381 0.3488756613756614 0.6108630952380952 0.34093915343915343 0.6029265873015873 0.34424603174603174 0.591765873015873 0.3501984126984127 0.5880456349206349 0.3587962962962963 0.5865575396825397
0 0.2853835978835979 0.8082837301587301 0.29398148148148145 0.8132440476190477 0.29398148148148145 0.824156746031746 0.2857142857142857 0.8315972222222222 0.273478835978836 0.8340773809523809 0.2648809523809524 0.8323412698412699 0.2605820105820106 0.8283730158730159 0.2612433862433862 0.8139880952380952 0.26521164021164023 0.8097718253968254 0.2718253968253968 0.8075396825396826 0.28505291005291006 0.8082837301587301
0 0.3091931216931217 0.6728670634920635 0.3194444444444444 0.6778273809523809 0.32076719576719576 0.6889880952380952 0.3167989417989418 0.6932043650793651 0.30357142857142855 0.6969246031746031 0.29662698412698413 0.6966765873015873 0.29034391534391535 0.6939484126984127 0.2863756613756614 0.6845238095238095 0.28935185185185186 0.6773313492063492 0.2933201058201058 0.6750992063492064 0.3029100529100529 0.6721230158730159 0.30886243386243384 0.6728670634920635
0 0.3525132275132275 0.9052579365079365 0.3587962962962963 0.9074900793650794 0.3627645502645503 0.9117063492063492 0.36342592592592593 0.9250992063492064 0.3568121693121693 0.9325396825396826 0.3462301587301587 0.9357638888888888 0.33465608465608465 0.9317956349206349 0.33101851851851855 0.9260912698412699 0.33101851851851855 0.9196428571428571 0.3386243386243386 0.9077380952380952 0.3521825396825397 0.9052579365079365
0 0.25992063492063494 0.5758928571428571 0.2701719576719577 0.5813492063492064 0.2728174603174603 0.5895337301587301 0.2665343915343915 0.5987103174603174 0.25826719576719576 0.6016865079365079 0.24834656084656084 0.6006944444444444 0.2404100529100529 0.5952380952380952 0.23941798941798942 0.5845734126984127 0.2457010582010582 0.578125 0.2595899470899471 0.5758928571428571
0 0.3316798941798942 0.7212301587301587 0.3419312169312169 0.7256944444444444 0.34523809523809523 0.7353670634920635 0.3386243386243386 0.7462797619047619 0.3253968253968254 0.7475198412698413 0.31646825396825395 0.7428075396825397 0.31183862433862436 0.7341269841269841 0.32275132275132273 0.722718253968254 0.33134920634920634 0.7212301587301587
0 0.08862433862433862 0.7140376984126984 0.09556878306878307 0.7150297619047619 0.10251322751322751 0.7199900793650794 0.103505291005291 0.7318948412698413 0.09027777777777778 0.7462797619047619 0.07903439153439154 0.7490079365079365 0.07076719576719577 0.7482638888888888 0.06316137566137567 0.7445436507936508 0.059854497354497355 0.7408234126984127 0.05952380952380952 0.730406746031746 0.06283068783068783 0.7239583333333334 0.0710978835978836 0.7172619047619048 0.0882936507936508 0.7140376984126984
0 0.2708333333333333 0.8603670634920635 0.27976190476190477 0.8648313492063492 0.28273809523809523 0.8732638888888888 0.27645502645502645 0.8831845238095238 0.26686507936507936 0.8864087301587301 0.25826719576719576 0.8856646825396826 0.25462962962962965 0.8834325396825397 0.2526455026455027 0.8717757936507936 0.26091269841269843 0.8621031746031746 0.2705026455026455 0.8603670634920635
0 0.23809523809523808 0.6267361111111112 0.24801587301587302 0.6321924603174603 0.25066137566137564 0.640625 0.2443783068783069 0.6507936507936508 0.23544973544973544 0.6547619047619048 0.2251984126984127 0.6535218253968254 0.21825396825396826 0.6488095238095238 0.21494708994708994 0.6440972222222222 0.21428571428571427 0.636656746031746 0.2156084656084656 0.6331845238095238 0.22354497354497355 0.6282242063492064 0.23776455026455026 0.6267361111111112
0 0.3697089947089947 0.7497519841269841 0.376984126984127 0.7542162698412699 0.37996031746031744 0.7633928571428571 0.37334656084656087 0.7728174603174603 0.3627645502645503 0.7755456349206349 0.3521825396825397 0.7735615079365079 0.3482142857142857 0.7690972222222222 0.3501984126984127 0.7547123015873016 0.3558201058201058 0.7502480158730159 0.36937830687830686 0.7497519841269841
0 0.18121693121693122 0.7395833333333334 0.18816137566137567 0.7425595238095238 0.19246031746031747 0.7472718253968254 0.1931216931216931 0.7574404761904762 0.18783068783068782 0.763640873015873 0.1693121693121693 0.7686011904761905 0.16468253968253968 0.7686011904761905 0.15773809523809523 0.7646329365079365 0.1541005291005291 0.7586805555555556 0.15376984126984128 0.7517361111111112 0.16137566137566137 0.7433035714285714 0.18088624338624337 0.7395833333333334
0 0.21362433862433863 0.6485615079365079 0.22321428571428573 0.6540178571428571 0.22486772486772486 0.6649305555555556 0.21626984126984128 0.6741071428571429 0.20667989417989419 0.6765873015873016 0.19411375661375663 0.6716269841269841 0.19146825396825398 0.6607142857142857 0.19543650793650794 0.654265873015873 0.20105820105820105 0.6507936507936508 0.21329365079365079 0.6485615079365079
0 0.17857142857142858 0.7093253968253969 0.18584656084656084 0.7118055555555556 0.19146825396825398 0.7165178571428571 0.1931216931216931 0.7279265873015873 0.18981481481481483 0.7333829365079365 0.1818783068783069 0.7388392857142857 0.1722883597883598 0.7400793650793651 0.16236772486772486 0.7388392857142857 0.15806878306878308 0.7346230158730159 0.15674603174603174 0.7197420634920635 0.1650132275132275 0.7118055555555556 0.17824074074074073 0.7093253968253969
0 0.18287037037037038 0.6205357142857143 0.19576719576719576 0.6217757936507936 0.2013888888888889 0.6252480158730159 0.20436507936507936 0.6297123015873016 0.20502645502645503 0.6381448412698413 0.20337301587301587 0.6423611111111112 0.1960978835978836 0.6480654761904762 0.17724867724867724 0.6520337301587301 0.16997354497354497 0.6507936507936508 0.1650132275132275 0.6473214285714286 0.16302910052910052 0.6398809523809523 0.16832010582010581 0.6279761904761905 0.18253968253968253 0.6205357142857143
0 0.2361111111111111 0.7462797619047619 0.24404761904761904 0.751984126984127 0.2447089947089947 0.7621527777777778 0.23743386243386244 0.7713293650793651 0.22817460317460317 0.7743055555555556 0.2166005291005291 0.7733134920634921 0.21164021164021163 0.7698412698412699 0.20833333333333334 0.7651289682539683 0.20833333333333334 0.7586805555555556 0.2175925925925926 0.7475198412698413 0.22585978835978837 0.7455357142857143 0.23578042328042328 0.7462797619047619
0 0.24867724867724866 0.8060515873015873 0.2595899470899471 0.8107638888888888 0.25992063492063494 0.8249007936507936 0.2523148148148148 0.8315972222222222 0.24206349206349206 0.8338293650793651 0.2337962962962963 0.8328373015873016 0.22850529100529102 0.8291170634920635 0.22685185185185186 0.8147321428571429 0.2337962962962963 0.8070436507936508 0.24834656084656084 0.8060515873015873
0 0.1335978835978836 0.7564484126984127 0.1455026455026455 0.7606646825396826 0.148478835978836 0.7730654761904762 0.1421957671957672 0.7829861111111112 0.12896825396825398 0.7881944444444444 0.11904761904761904 0.7869543650793651 0.11276455026455026 0.7834821428571429 0.10912698412698413 0.7725694444444444 0.11243386243386243 0.7661210317460317 0.13326719576719576 0.7564484126984127
0 0.3498677248677249 0.8412698412698413 0.3558201058201058 0.8489583333333334 0.35548941798941797 0.855406746031746 0.3492063492063492 0.863343253968254 0.3392857142857143 0.8668154761904762 0.33134920634920634 0.8663194444444444 0.3263888888888889 0.8630952380952381 0.32242063492063494 0.8561507936507936 0.32275132275132273 0.8489583333333334 0.328042328042328 0.8430059523809523 0.3349867724867725 0.8400297619047619 0.34953703703703703 0.8412698412698413
0 0.2962962962962963 0.7822420634920635 0.3072089947089947 0.7864583333333334 0.3101851851851852 0.7973710317460317 0.3072089947089947 0.8048115079365079 0.2943121693121693 0.8097718253968254 0.2857142857142857 0.8087797619047619 0.2794312169312169 0.8055555555555556 0.27546296296296297 0.7966269841269841 0.2777777777777778 0.7896825396825397 0.2830687830687831 0.7847222222222222 0.2959656084656085 0.7822420634920635
0 0.03042328042328042 0.6788194444444444 0.04034391534391534 0.6862599206349206 0.04133597883597884 0.6974206349206349 0.031084656084656083 0.7073412698412699 0.018849206349206348 0.7085813492063492 0.011904761904761904 0.7080853174603174 0.0036375661375661374 0.7036210317460317 0 0.6999007936507936 0 0.6899801587301587 0.005621693121693121 0.6825396825396826 0.012235449735449735 0.6793154761904762 0.03009259259259259 0.6788194444444444
0 0.19510582010582012 0.5947420634920635 0.2046957671957672 0.5974702380952381 0.21395502645502645 0.6056547619047619 0.21031746031746032 0.6138392857142857 0.1970899470899471 0.6215277777777778 0.18253968253968253 0.6202876984126984 0.1775793650793651 0.6173115079365079 0.17328042328042328 0.6103670634920635 0.1746031746031746 0.6034226190476191 0.17989417989417988 0.5979662698412699 0.1884920634920635 0.5947420634920635 0.19477513227513227 0.5947420634920635
0 0.045965608465608467 0.7254464285714286 0.05787037037037037 0.7316468253968254 0.05952380952380952 0.7415674603174603 0.050595238095238096 0.751984126984127 0.037698412698412696 0.7564484126984127 0.028769841269841268 0.7559523809523809 0.02017195767195767 0.7524801587301587 0.01521164021164021 0.7470238095238095 0.01488095238095238 0.7400793650793651 0.018518518518518517 0.7341269841269841 0.026124338624338623 0.7289186507936508 0.037037037037037035 0.7254464285714286 0.04563492063492063 0.7254464285714286
0 0.43287037037037035 0.8348214285714286 0.44345238095238093 0.8402777777777778 0.44642857142857145 0.8489583333333334 0.4417989417989418 0.8588789682539683 0.4312169312169312 0.8630952380952381 0.419973544973545 0.8606150793650794 0.41435185185185186 0.8519345238095238 0.4176587301587302 0.8390376984126984 0.4252645502645503 0.8350694444444444 0.43253968253968256 0.8348214285714286
0 0.31084656084656087 0.7098214285714286 0.32076719576719576 0.7162698412698413 0.3220899470899471 0.7239583333333334 0.31283068783068785 0.7348710317460317 0.30423280423280424 0.736359126984127 0.2933201058201058 0.7351190476190477 0.28835978835978837 0.732390873015873 0.2853835978835979 0.7274305555555556 0.28604497354497355 0.7214781746031746 0.2962962962962963 0.7103174603174603 0.310515873015873 0.7098214285714286
0 0.2261904761904762 0.5037202380952381 0.2347883597883598 0.5081845238095238 0.23842592592592593 0.5188492063492064 0.2318121693121693 0.5260416666666666 0.22056878306878308 0.5305059523809523 0.2056878306878307 0.5265376984126984 0.20105820105820105 0.5193452380952381 0.20105820105820105 0.5126488095238095 0.20965608465608465 0.5044642857142857 0.22585978835978837 0.5037202380952381
0 0.11772486772486772 0.7328869047619048 0.13161375661375663 0.7395833333333334 0.13425925925925927 0.7504960317460317 0.12665343915343916 0.7594246031746031 0.10945767195767196 0.7673611111111112 0.09953703703703703 0.7653769841269841 0.09193121693121693 0.7596726190476191 0.08994708994708994 0.7482638888888888 0.10383597883597884 0.7338789682539683 0.1173941798941799 0.7328869047619048
0 0.2347883597883598 0.6929563492063492 0.2443783068783069 0.6989087301587301 0.24636243386243387 0.7098214285714286 0.23974867724867724 0.7177579365079365 0.22784391534391535 0.7219742063492064 0.21693121693121692 0.7202380952380952 0.21164021164021163 0.716765873015873 0.2080026455026455 0.7068452380952381 0.21197089947089948 0.6994047619047619 0.21726190476190477 0.6954365079365079 0.226521164021164 0.6927083333333334 0.23445767195767195 0.6929563492063492
0 0.05853174603174603 0.6944444444444444 0.07142857142857142 0.6994047619047619 0.0744047619047619 0.7100694444444444 0.0701058201058201 0.716765873015873 0.05720899470899471 0.7244543650793651 0.04728835978835979 0.7242063492063492 0.03802910052910053 0.7212301587301587 0.03306878306878307 0.7155257936507936 0.03207671957671958 0.7088293650793651 0.04265873015873016 0.6969246031746031 0.0582010582010582 0.6944444444444444
0 0.32407407407407407 0.9345238095238095 0.3316798941798942 0.939484126984127 0.3333333333333333 0.9499007936507936 0.328042328042328 0.9588293650793651 0.31746031746031744 0.9640376984126984 0.310515873015873 0.9635416666666666 0.30456349206349204 0.9600694444444444 0.30158730158730157 0.9489087301587301 0.3062169312169312 0.9392361111111112 0.31084656084656087 0.935515873015873 0.3237433862433862 0.9345238095238095
0 0.19642857142857142 0.4729662698412698 0.20667989417989419 0.4771825396825397 0.21064814814814814 0.4878472222222222 0.207010582010582 0.4947916666666667 0.1931216931216931 0.5012400793650794 0.17956349206349206 0.49851190476190477 0.1746031746031746 0.4947916666666667 0.17096560846560846 0.48759920634920634 0.1746031746031746 0.48115079365079366 0.18154761904761904 0.4756944444444444 0.1960978835978836 0.4729662698412698
0 0.30423280423280424 0.6267361111111112 0.31712962962962965 0.6321924603174603 0.32043650793650796 0.6388888888888888 0.3148148148148148 0.6470734126984127 0.3039021164021164 0.652281746031746 0.28869047619047616 0.6495535714285714 0.2847222222222222 0.6418650793650794 0.2867063492063492 0.6339285714285714 0.29298941798941797 0.6297123015873016 0.3039021164021164 0.6267361111111112
0 0.28869047619047616 0.6495535714285714 0.3019179894179894 0.6527777777777778 0.30687830687830686 0.6607142857142857 0.30423280423280424 0.669890873015873 0.29034391534391535 0.6765873015873016 0.2757936507936508 0.6721230158730159 0.2708333333333333 0.6641865079365079 0.27414021164021163 0.6547619047619048 0.2820767195767196 0.6500496031746031 0.28835978835978837 0.6495535714285714
0 0.07804232804232804 0.6629464285714286 0.08928571428571429 0.6681547619047619 0.09424603174603174 0.6750992063492064 0.09424603174603174 0.6810515873015873 0.08763227513227513 0.6899801587301587 0.07142857142857142 0.6964285714285714 0.05291005291005291 0.6919642857142857 0.04794973544973545 0.6865079365079365 0.04662698412698413 0.6785714285714286 0.0496031746031746 0.6716269841269841 0.057539682539682536 0.6656746031746031 0.06514550264550265 0.6631944444444444 0.07771164021164022 0.6629464285714286
0 0.3382936507936508 0.7457837301587301 0.3505291005291005 0.7544642857142857 0.3472222222222222 0.7678571428571429 0.33895502645502645 0.7728174603174603 0.328042328042328 0.7740575396825397 0.3210978835978836 0.7710813492063492 0.31646825396825395 0.7653769841269841 0.31613756613756616 0.7586805555555556 0.32043650793650796 0.7512400793650794 0.32705026455026454 0.7475198412698413 0.33796296296296297 0.746031746031746
0 0.3773148148148148 0.5649801587301587 0.3872354497354497 0.5724206349206349 0.3878968253968254 0.5815972222222222 0.38095238095238093 0.5885416666666666 0.3723544973544973 0.5905257936507936 0.3584656084656085 0.5865575396825397 0.3548280423280423 0.5739087301587301 0.3627645502645503 0.5662202380952381 0.3697089947089947 0.5642361111111112 0.376984126984127 0.5649801587301587
0 0.14417989417989419 0.707093253968254 0.15244708994708994 0.7098214285714286 0.15608465608465608 0.7135416666666666 0.15641534391534392 0.7261904761904762 0.14814814814814814 0.734375 0.13392857142857142 0.7385912698412699 0.11871693121693122 0.7318948412698413 0.11706349206349206 0.7204861111111112 0.11970899470899471 0.7152777777777778 0.12665343915343916 0.7098214285714286 0.13723544973544974 0.7068452380952381 0.14384920634920634 0.707093253968254