0 0.4078125 0.1984375 0.4109375 0.203125 0.4109375 0.2109375 0.4078125 0.2140625 0.3921875 0.2171875 0.3828125 0.225 0.3609375 0.225 0.3515625 0.221875 0.34375 0.2140625 0.34375 0.203125 0.3546875 0.1953125 0.4 0.1953125 0.40625 0.1984375
0 0.471875 0.5578125 0.484375 0.565625 0.4859375 0.56875 0.484375 0.575 0.453125 0.6078125 0.4328125 0.621875 0.4234375 0.61875 0.4109375 0.609375 0.409375 0.60625 0.4125 0.6 0.425 0.5859375 0.4515625 0.5625 0.4609375 0.55625 0.4703125 0.5578125
0 0.7296875 0.4328125 0.746875 0.4390625 0.7484375 0.4421875 0.746875 0.453125 0.7390625 0.4640625 0.73125 0.4703125 0.721875 0.484375 0.7078125 0.4953125 0.7015625 0.4953125 0.6875 0.4890625 0.684375 0.4859375 0.684375 0.478125 0.709375 0.446875 0.71875 0.4375 0.728125 0.4328125
0 0.5234375 0.8265625 0.5390625 0.834375 0.54375 0.840625 0.5453125 0.85625 0.540625 0.8671875 0.5328125 0.8734375 0.4734375 0.896875 0.45625 0.8953125 0.4453125 0.8859375 0.4421875 0.8796875 0.4421875 0.865625 0.4484375 0.8546875 0.4640625 0.8453125 0.484375 0.8390625 0.5 0.83125 0.5140625 0.8265625 0.521875 0.8265625
0 0.3 0.565625 0.3421875 0.5796875 0.35 0.5859375 0.3515625 0.5890625 0.35 0.6 0.3421875 0.6109375 0.3359375 0.6140625 0.3109375 0.6140625 0.3015625 0.609375 0.26875 0.6 0.2625 0.59375 0.2609375 0.5828125 0.2734375 0.56875 0.2859375 0.5640625 0.2984375 0.565625
0 0.7125 0.3671875 0.725 0.371875 0.7296875 0.3765625 0.73125 0.3796875 0.7296875 0.39375 0.71875 0.4015625 0.6796875 0.4140625 0.665625 0.4140625 0.659375 0.4109375 0.65 0.3984375 0.65 0.390625 0.6546875 0.384375 0.6640625 0.3796875 0.66875 0.3796875 0.6875 0.371875 0.7109375 0.3671875
0 0.63125 0.36875 0.64375 0.3875 0.65 0.403125 0.65 0.415625 0.6359375 0.4234375 0.621875 0.421875 0.6125 0.4140625 0.5953125 0.38125 0.5953125 0.375 0.603125 0.3671875 0.621875 0.3640625 0.6296875 0.36875
0 0.4078125 0.215625 0.41875 0.2234375 0.4328125 0.2515625 0.4328125 0.25625 0.4296875 0.2609375 0.41875 0.2671875 0.4078125 0.2671875 0.396875 0.259375 0.3921875 0.2546875 0.3828125 0.23125 0.3859375 0.2234375 0.390625 0.21875 0.40625 0.215625
0 0.6734375 0.4484375 0.6859375 0.45625 0.6890625 0.4609375 0.6890625 0.4671875 0.6828125 0.478125 0.671875 0.4890625 0.653125 0.503125 0.6453125 0.50625 0.6328125 0.50625 0.625 0.503125 0.615625 0.4921875 0.615625 0.4828125 0.625 0.471875 0.65 0.453125 0.6609375 0.4484375 0.671875 0.4484375
0 0.5125 0.234375 0.5140625 0.2296875 0.5203125 0.225 0.55 0.2125 0.5625 0.209375 0.5765625 0.2125 0.58125 0.2171875 0.5796875 0.2359375 0.553125 0.2484375 0.5484375 0.2484375 0.5359375 0.2546875 0.528125 0.2546875 0.5171875 0.246875 0.5140625 0.2359375
0 0.6234375 0.3234375 0.6546875 0.3484375 0.653125 0.3640625 0.6375 0.371875 0.6265625 0.3640625 0.6125 0.3609375 0.5890625 0.3390625 0.590625 0.328125 0.6015625 0.3203125 0.615625 0.3203125 0.621875 0.3234375