0 0.6438492063492064 0.8630952380952381 0.6541005291005291 0.8678075396825397 0.6577380952380952 0.873015873015873 0.6547619047619048 0.8854166666666666 0.6438492063492064 0.8911210317460317 0.6369047619047619 0.8911210317460317 0.6299603174603174 0.8871527777777778 0.625 0.8772321428571429 0.6292989417989417 0.8663194444444444 0.6435185185185185 0.8630952380952381
0 0.6197089947089947 0.7266865079365079 0.6316137566137566 0.7306547619047619 0.6365740740740741 0.7390873015873016 0.6342592592592593 0.7475198412698413 0.6240079365079365 0.751984126984127 0.6097883597883598 0.7482638888888888 0.6058201058201058 0.7413194444444444 0.607473544973545 0.7338789682539683 0.6164021164021164 0.7266865079365079 0.6193783068783069 0.7266865079365079
0 0.595568783068783 0.7537202380952381 0.6061507936507936 0.7606646825396826 0.6087962962962963 0.7693452380952381 0.6038359788359788 0.7760416666666666 0.591931216931217 0.779265873015873 0.5849867724867724 0.7780257936507936 0.578042328042328 0.7735615079365079 0.576058201058201 0.7653769841269841 0.5767195767195767 0.7619047619047619 0.5849867724867724 0.7542162698412699 0.5952380952380952 0.7537202380952381
0 0.5347222222222222 0.8107638888888888 0.5443121693121693 0.8169642857142857 0.5466269841269841 0.8251488095238095 0.5419973544973545 0.8348214285714286 0.5307539682539683 0.8382936507936508 0.5257936507936508 0.8382936507936508 0.5178571428571429 0.8335813492063492 0.5145502645502645 0.8226686507936508 0.5208333333333334 0.8139880952380952 0.5297619047619048 0.810515873015873 0.5343915343915344 0.8107638888888888
0 0.6015211640211641 0.7108134920634921 0.6084656084656085 0.7132936507936508 0.6147486772486772 0.7202380952380952 0.6147486772486772 0.7271825396825397 0.6058201058201058 0.7356150793650794 0.593915343915344 0.7341269841269841 0.5879629629629629 0.7289186507936508 0.5863095238095238 0.7234623015873016 0.5879629629629629 0.7155257936507936 0.5958994708994709 0.7113095238095238 0.6011904761904762 0.7108134920634921
0 0.5079365079365079 0.8407738095238095 0.515542328042328 0.8444940476190477 0.5181878306878307 0.8526785714285714 0.5152116402116402 0.863343253968254 0.5059523809523809 0.8668154761904762 0.4933862433862434 0.863343253968254 0.48842592592592593 0.855406746031746 0.49272486772486773 0.8442460317460317 0.49867724867724866 0.8412698412698413 0.5076058201058201 0.8407738095238095
0 0.5687830687830688 0.7378472222222222 0.578042328042328 0.7393353174603174 0.5853174603174603 0.7512400793650794 0.5803571428571429 0.7586805555555556 0.5727513227513228 0.763640873015873 0.5608465608465608 0.761656746031746 0.5532407407407407 0.751984126984127 0.5565476190476191 0.7430555555555556 0.5684523809523809 0.7378472222222222
0 0.5724206349206349 0.7155257936507936 0.5823412698412699 0.71875 0.5863095238095238 0.7242063492063492 0.5866402116402116 0.7316468253968254 0.578042328042328 0.7403273809523809 0.564484126984127 0.7368551587301587 0.5568783068783069 0.7274305555555556 0.5588624338624338 0.7204861111111112 0.5641534391534392 0.7170138888888888 0.5720899470899471 0.7155257936507936
0 0.48544973544973546 0.8102678571428571 0.49867724867724866 0.8147321428571429 0.5026455026455027 0.826140873015873 0.49503968253968256 0.8353174603174603 0.4851190476190476 0.8368055555555556 0.47619047619047616 0.8330853174603174 0.4712301587301587 0.8246527777777778 0.4738756613756614 0.8162202380952381 0.47784391534391535 0.8125 0.4851190476190476 0.8102678571428571
0 0.49933862433862436 0.7879464285714286 0.5076058201058201 0.7919146825396826 0.5115740740740741 0.8010912698412699 0.5085978835978836 0.8082837301587301 0.4990079365079365 0.8134920634920635 0.4851190476190476 0.8090277777777778 0.4808201058201058 0.8005952380952381 0.48412698412698413 0.7919146825396826 0.4990079365079365 0.7879464285714286
0 0.609457671957672 0.6356646825396826 0.6197089947089947 0.6413690476190477 0.6216931216931217 0.6512896825396826 0.6173941798941799 0.6574900793650794 0.6091269841269841 0.6612103174603174 0.5949074074074074 0.6584821428571429 0.5896164021164021 0.6490575396825397 0.591931216931217 0.6396329365079365 0.5988756613756614 0.6361607142857143 0.6091269841269841 0.6356646825396826
0 0.5677910052910053 0.6750992063492064 0.578042328042328 0.6803075396825397 0.5796957671957672 0.6887400793650794 0.5750661375661376 0.6971726190476191 0.566468253968254 0.7006448412698413 0.5532407407407407 0.6984126984126984 0.5479497354497355 0.6924603174603174 0.546957671957672 0.6845238095238095 0.5525793650793651 0.6775793650793651 0.5674603174603174 0.6750992063492064
0 0.7228835978835979 0.5017361111111112 0.7301587301587301 0.5052083333333334 0.7347883597883598 0.5133928571428571 0.7318121693121693 0.5210813492063492 0.7228835978835979 0.5238095238095238 0.7166005291005291 0.5238095238095238 0.7037037037037037 0.5148809523809523 0.708994708994709 0.5037202380952381 0.72255291005291 0.5017361111111112
0 0.6980820105820106 0.5161210317460317 0.7066798941798942 0.5173611111111112 0.7156084656084656 0.5248015873015873 0.7132936507936508 0.5344742063492064 0.7060185185185185 0.5396825396825397 0.6997354497354498 0.5411706349206349 0.6898148148148148 0.5396825396825397 0.6848544973544973 0.5364583333333334 0.6815476190476191 0.5302579365079365 0.6818783068783069 0.5240575396825397 0.685515873015873 0.5188492063492064 0.6977513227513228 0.5161210317460317
0 0.4269179894179894 0.7904265873015873 0.43584656084656087 0.7966269841269841 0.43683862433862436 0.8077876984126984 0.43154761904761907 0.814484126984127 0.4226190476190476 0.8177083333333334 0.4146825396825397 0.8162202380952381 0.40773809523809523 0.8115079365079365 0.4054232804232804 0.8000992063492064 0.414021164021164 0.7916666666666666 0.42658730158730157 0.7904265873015873
0 0.3673941798941799 0.9136904761904762 0.37433862433862436 0.9184027777777778 0.37665343915343913 0.9285714285714286 0.3697089947089947 0.9384920634920635 0.35912698412698413 0.941468253968254 0.3521825396825397 0.9412202380952381 0.3449074074074074 0.9362599206349206 0.3429232804232804 0.9248511904761905 0.3525132275132275 0.9151785714285714 0.36706349206349204 0.9136904761904762
0 0.5224867724867724 0.6475694444444444 0.5307539682539683 0.6507936507936508 0.53505291005291 0.6569940476190477 0.533068783068783 0.6659226190476191 0.5228174603174603 0.6721230158730159 0.5152116402116402 0.6716269841269841 0.5095899470899471 0.6686507936507936 0.5033068783068783 0.6589781746031746 0.5085978835978836 0.6502976190476191 0.5221560846560847 0.6475694444444444
0 0.43386243386243384 0.7408234126984127 0.4408068783068783 0.7477678571428571 0.44113756613756616 0.7552083333333334 0.4351851851851852 0.7626488095238095 0.42658730158730157 0.7648809523809523 0.414021164021164 0.7614087301587301 0.41005291005291006 0.7514880952380952 0.41335978835978837 0.7447916666666666 0.41865079365079366 0.7410714285714286 0.43353174603174605 0.7408234126984127
0 0.4794973544973545 0.6532738095238095 0.49007936507936506 0.6579861111111112 0.4930555555555556 0.6636904761904762 0.49007936507936506 0.671875 0.4798280423280423 0.6765873015873016 0.4699074074074074 0.6755952380952381 0.46494708994708994 0.6716269841269841 0.4626322751322751 0.6659226190476191 0.46593915343915343 0.65625 0.4712301587301587 0.6535218253968254 0.4791666666666667 0.6532738095238095
0 0.45701058201058203 0.6832837301587301 0.46494708994708994 0.6879960317460317 0.46726190476190477 0.6979166666666666 0.46494708994708994 0.7028769841269841 0.4556878306878307 0.7068452380952381 0.44246031746031744 0.7061011904761905 0.43783068783068785 0.7026289682539683 0.4365079365079365 0.6946924603174603 0.4427910052910053 0.6852678571428571 0.4497354497354497 0.6827876984126984 0.4566798941798942 0.6832837301587301
0 0.7136243386243386 0.4799107142857143 0.7238756613756614 0.48561507936507936 0.7258597883597884 0.49429563492063494 0.720568783068783 0.5017361111111112 0.7106481481481481 0.5032242063492064 0.7063492063492064 0.5032242063492064 0.6994047619047619 0.4982638888888889 0.6974206349206349 0.4908234126984127 0.703042328042328 0.4826388888888889 0.7132936507936508 0.4799107142857143
0 0.6759259259259259 0.48933531746031744 0.6851851851851852 0.4945436507936508 0.6868386243386243 0.5017361111111112 0.6822089947089947 0.5094246031746031 0.6752645502645502 0.5121527777777778 0.6607142857142857 0.5084325396825397 0.6587301587301587 0.49776785714285715 0.6633597883597884 0.49107142857142855 0.6755952380952381 0.48933531746031744
0 0.5866402116402116 0.5178571428571429 0.595568783068783 0.5235615079365079 0.5968915343915344 0.533234126984127 0.591931216931217 0.5404265873015873 0.5823412698412699 0.5424107142857143 0.5747354497354498 0.5409226190476191 0.5694444444444444 0.5364583333333334 0.566468253968254 0.5257936507936508 0.5744047619047619 0.5190972222222222 0.5863095238095238 0.5178571428571429
0 0.5231481481481481 0.5679563492063492 0.531415343915344 0.5706845238095238 0.5373677248677249 0.5776289682539683 0.5360449735449735 0.5860615079365079 0.5267857142857143 0.5910218253968254 0.5145502645502645 0.5895337301587301 0.5089285714285714 0.5813492063492064 0.5115740740740741 0.5716765873015873 0.5228174603174603 0.5679563492063492
0 0.5922619047619048 0.48487103174603174 0.6025132275132276 0.4895833333333333 0.605489417989418 0.4955357142857143 0.6038359788359788 0.5017361111111112 0.593584656084656 0.5064484126984127 0.5806878306878307 0.5052083333333334 0.5734126984126984 0.4982638888888889 0.5783730158730159 0.48759920634920634 0.591931216931217 0.48487103174603174
0 0.4632936507936508 0.5935019841269841 0.4705687830687831 0.5989583333333334 0.4732142857142857 0.6071428571428571 0.46825396825396826 0.6160714285714286 0.4599867724867725 0.6185515873015873 0.45271164021164023 0.6183035714285714 0.44576719576719576 0.6145833333333334 0.4441137566137566 0.6021825396825397 0.4494047619047619 0.5967261904761905 0.46296296296296297 0.5935019841269841
0 0.560515873015873 0.486359126984127 0.5671296296296297 0.48933531746031744 0.5717592592592593 0.4945436507936508 0.5677910052910053 0.5054563492063492 0.560515873015873 0.5089285714285714 0.546957671957672 0.5066964285714286 0.5413359788359788 0.4947916666666667 0.5433201058201058 0.4908234126984127 0.5499338624338624 0.4871031746031746 0.5601851851851852 0.486359126984127
0 0.6650132275132276 0.3990575396825397 0.671957671957672 0.4007936507936508 0.6798941798941799 0.4079861111111111 0.6755952380952381 0.4184027777777778 0.6656746031746031 0.42162698412698413 0.6534391534391535 0.4193948412698413 0.6484788359788359 0.41195436507936506 0.6507936507936508 0.4037698412698413 0.656415343915344 0.40029761904761907 0.6646825396825397 0.3990575396825397
0 0.5373677248677249 0.4930555555555556 0.5436507936507936 0.49975198412698413 0.5456349206349206 0.5089285714285714 0.542989417989418 0.5124007936507936 0.5367063492063492 0.5138888888888888 0.5191798941798942 0.5114087301587301 0.5168650793650794 0.4982638888888889 0.5205026455026455 0.49404761904761907 0.5370370370370371 0.4930555555555556
0 0.5419973544973545 0.46825396825396826 0.5502645502645502 0.46924603174603174 0.5539021164021164 0.47172619047619047 0.5562169312169312 0.4799107142857143 0.5529100529100529 0.48586309523809523 0.5396825396825397 0.49107142857142855 0.5300925925925926 0.4880952380952381 0.5264550264550265 0.47767857142857145 0.533068783068783 0.4697420634920635 0.5416666666666666 0.46825396825396826
0 0.4427910052910053 0.564484126984127 0.45271164021164023 0.5679563492063492 0.45866402116402116 0.574156746031746 0.4546957671957672 0.5850694444444444 0.44675925925925924 0.5887896825396826 0.435515873015873 0.5863095238095238 0.42923280423280424 0.5783730158730159 0.43187830687830686 0.5694444444444444 0.435515873015873 0.5662202380952381 0.44246031746031744 0.564484126984127
0 0.5056216931216931 0.49677579365079366 0.515542328042328 0.5007440476190477 0.517526455026455 0.5074404761904762 0.515542328042328 0.5161210317460317 0.5066137566137566 0.5200892857142857 0.4947089947089947 0.5181051587301587 0.48842592592592593 0.5084325396825397 0.49107142857142855 0.5 0.4947089947089947 0.4975198412698413 0.5052910052910053 0.49677579365079366
0 0.5572089947089947 0.4417162698412698 0.5641534391534392 0.4479166666666667 0.5648148148148148 0.4548611111111111 0.5625 0.45982142857142855 0.5535714285714286 0.46378968253968256 0.5453042328042328 0.4635416666666667 0.5376984126984127 0.46081349206349204 0.5340608465608465 0.45287698412698413 0.5390211640211641 0.44419642857142855 0.5568783068783069 0.4417162698412698
0 0.607473544973545 0.39806547619047616 0.6157407407407407 0.404265873015873 0.6164021164021164 0.408234126984127 0.6130952380952381 0.4146825396825397 0.6084656084656085 0.4184027777777778 0.6021825396825397 0.419890873015873 0.591931216931217 0.4184027777777778 0.5876322751322751 0.4154265873015873 0.5849867724867724 0.40476190476190477 0.5902777777777778 0.39880952380952384 0.6051587301587301 0.39657738095238093 0.6071428571428571 0.39806547619047616
0 0.6218584656084656 0.38256448412698413 0.028108465608465607 0.021081349206349208
0 0.644510582010582 0.35540674603174605 0.656084656084656 0.35962301587301587 0.6597222222222222 0.36755952380952384 0.6541005291005291 0.375 0.6438492063492064 0.3777281746031746 0.6369047619047619 0.3774801587301587 0.6306216931216931 0.36929563492063494 0.6349206349206349 0.357390873015873 0.6441798941798942 0.35540674603174605
0 0.42228835978835977 0.6877480158730159 0.42857142857142855 0.6889880952380952 0.4322089947089947 0.6924603174603174 0.43452380952380953 0.703125 0.42923280423280424 0.7100694444444444 0.41865079365079366 0.7132936507936508 0.4064153439153439 0.7095734126984127 0.4031084656084656 0.6986607142857143 0.4080687830687831 0.6907242063492064 0.421957671957672 0.6877480158730159
0 0.4312169312169312 0.5932539682539683 0.43915343915343913 0.5954861111111112 0.44312169312169314 0.5994543650793651 0.4444444444444444 0.6068948412698413 0.43915343915343913 0.6148313492063492 0.42923280423280424 0.6180555555555556 0.42162698412698413 0.6168154761904762 0.41798941798941797 0.6140873015873016 0.414021164021164 0.6046626984126984 0.4203042328042328 0.5952380952380952 0.4308862433862434 0.5932539682539683
0 0.45866402116402116 0.5213293650793651 0.4669312169312169 0.5255456349206349 0.4679232804232804 0.5359623015873016 0.4632936507936508 0.5424107142857143 0.4546957671957672 0.5438988095238095 0.4460978835978836 0.5431547619047619 0.4417989417989418 0.5399305555555556 0.4417989417989418 0.5267857142857143 0.4480820105820106 0.5220734126984127 0.4583333333333333 0.5213293650793651
0 0.4781746031746032 0.48660714285714285 0.4851190476190476 0.4930555555555556 0.48578042328042326 0.5017361111111112 0.48115079365079366 0.5089285714285714 0.47255291005291006 0.5104166666666666 0.4623015873015873 0.5084325396825397 0.45634920634920634 0.5004960317460317 0.45634920634920634 0.4947916666666667 0.4632936507936508 0.4878472222222222 0.47784391534391535 0.48660714285714285
0 0.5482804232804233 0.4181547619047619 0.5578703703703703 0.421875 0.5611772486772487 0.4260912698412698 0.5615079365079365 0.4320436507936508 0.5562169312169312 0.44047619047619047 0.5406746031746031 0.4429563492063492 0.5291005291005291 0.4365079365079365 0.5287698412698413 0.42857142857142855 0.5367063492063492 0.42038690476190477 0.5479497354497355 0.4181547619047619
0 0.44841269841269843 0.49875992063492064 0.45634920634920634 0.5007440476190477 0.46130952380952384 0.5084325396825397 0.460978835978836 0.5119047619047619 0.45601851851851855 0.5200892857142857 0.4444444444444444 0.5225694444444444 0.4341931216931217 0.5166170634920635 0.4322089947089947 0.5074404761904762 0.43882275132275134 0.49950396825396826 0.4480820105820106 0.49875992063492064
0 0.42757936507936506 0.5188492063492064 0.43617724867724866 0.5205853174603174 0.44146825396825395 0.5262896825396826 0.4398148148148148 0.5381944444444444 0.4298941798941799 0.5411706349206349 0.41898148148148145 0.5394345238095238 0.41435185185185186 0.5359623015873016 0.4123677248677249 0.5302579365079365 0.416005291005291 0.5215773809523809 0.42724867724867727 0.5188492063492064
0 0.5988756613756614 0.37549603174603174 0.6068121693121693 0.37996031746031744 0.6081349206349206 0.39087301587301587 0.6044973544973545 0.39558531746031744 0.5932539682539683 0.39831349206349204 0.5849867724867724 0.39657738095238093 0.5793650793650794 0.39037698412698413 0.5787037037037037 0.3861607142857143 0.5843253968253969 0.3787202380952381 0.5985449735449735 0.37549603174603174
0 0.6256613756613757 0.35193452380952384 0.6335978835978836 0.359375 0.6292989417989417 0.3707837301587302 0.6240079365079365 0.3722718253968254 0.6101190476190477 0.3705357142857143 0.6051587301587301 0.3658234126984127 0.6048280423280423 0.3603670634920635 0.6064814814814815 0.3556547619047619 0.6117724867724867 0.35143849206349204 0.6253306878306878 0.35193452380952384
0 0.46726190476190477 0.46478174603174605 0.4738756613756614 0.4652777777777778 0.4794973544973545 0.4694940476190476 0.48214285714285715 0.4779265873015873 0.476521164021164 0.48487103174603174 0.4636243386243386 0.4878472222222222 0.45535714285714285 0.4853670634920635 0.45072751322751325 0.47668650793650796 0.455026455026455 0.46924603174603174 0.4669312169312169 0.46478174603174605
0 0.48544973544973546 0.44246031746031744 0.49603174603174605 0.4459325396825397 0.4990079365079365 0.4565972222222222 0.4933862433862434 0.4632936507936508 0.4837962962962963 0.46478174603174605 0.4742063492063492 0.4625496031746032 0.46924603174603174 0.455109126984127 0.4732142857142857 0.4466765873015873 0.4851190476190476 0.44246031746031744
0 0.5244708994708994 0.40749007936507936 0.533068783068783 0.4117063492063492 0.5363756613756614 0.41889880952380953 0.5291005291005291 0.4270833333333333 0.5228174603174603 0.42857142857142855 0.5115740740740741 0.4270833333333333 0.5069444444444444 0.421875 0.5066137566137566 0.41691468253968256 0.5119047619047619 0.4097222222222222 0.5241402116402116 0.40749007936507936
0 0.39384920634920634 0.5280257936507936 0.4037698412698413 0.5307539682539683 0.40906084656084657 0.5384424603174603 0.4060846560846561 0.5476190476190477 0.3955026455026455 0.5518353174603174 0.38392857142857145 0.5500992063492064 0.3792989417989418 0.546875 0.37533068783068785 0.5396825396825397 0.37632275132275134 0.5334821428571429 0.38095238095238093 0.529265873015873 0.39351851851851855 0.5280257936507936
0 0.6207010582010583 0.33035714285714285 0.6299603174603174 0.3325892857142857 0.6362433862433863 0.3392857142857143 0.6345899470899471 0.3464781746031746 0.626984126984127 0.35119047619047616 0.6111111111111112 0.3506944444444444 0.605489417989418 0.34350198412698413 0.6087962962962963 0.3345734126984127 0.6137566137566137 0.33134920634920634 0.6203703703703703 0.33035714285714285
0 0.5744047619047619 0.3529265873015873 0.582010582010582 0.3556547619047619 0.5879629629629629 0.3628472222222222 0.5846560846560847 0.37351190476190477 0.5747354497354498 0.376984126984127 0.5565476190476191 0.37351190476190477 0.5515873015873016 0.3663194444444444 0.5529100529100529 0.3621031746031746 0.5575396825396826 0.3586309523809524 0.5674603174603174 0.35342261904761907 0.5740740740740741 0.3529265873015873
0 0.498015873015873 0.423859126984127 0.5085978835978836 0.4273313492063492 0.5138888888888888 0.43526785714285715 0.5099206349206349 0.4437003968253968 0.49834656084656087 0.44816468253968256 0.484457671957672 0.4429563492063492 0.48048941798941797 0.4367559523809524 0.48412698412698413 0.42757936507936506 0.4914021164021164 0.42410714285714285 0.4976851851851852 0.423859126984127
0 0.4021164021164021 0.5069444444444444 0.41369047619047616 0.5119047619047619 0.416005291005291 0.5188492063492064 0.41104497354497355 0.5262896825396826 0.4011243386243386 0.5290178571428571 0.3869047619047619 0.5265376984126984 0.3835978835978836 0.517609126984127 0.38591269841269843 0.5114087301587301 0.390542328042328 0.5079365079365079 0.4017857142857143 0.5069444444444444
0 0.45634920634920634 0.4459325396825397 0.4642857142857143 0.4521329365079365 0.4656084656084656 0.4575892857142857 0.46395502645502645 0.4635416666666667 0.45271164021164023 0.46999007936507936 0.4460978835978836 0.4697420634920635 0.43816137566137564 0.46552579365079366 0.435515873015873 0.4632936507936508 0.4341931216931217 0.455109126984127 0.4375 0.4494047619047619 0.44312169312169314 0.4461805555555556 0.45601851851851855 0.4459325396825397
0 0.49437830687830686 0.39955357142857145 0.501984126984127 0.4052579365079365 0.5023148148148148 0.41716269841269843 0.4957010582010582 0.42311507936507936 0.4851190476190476 0.42485119047619047 0.4755291005291005 0.41790674603174605 0.47354497354497355 0.41121031746031744 0.48148148148148145 0.4007936507936508 0.49404761904761907 0.39955357142857145
0 0.41534391534391535 0.4751984126984127 0.4269179894179894 0.47966269841269843 0.4289021164021164 0.4871031746031746 0.4255952380952381 0.49503968253968256 0.4150132275132275 0.49851190476190477 0.40145502645502645 0.4955357142857143 0.39616402116402116 0.48759920634920634 0.39914021164021163 0.48040674603174605 0.4041005291005291 0.4759424603174603 0.4150132275132275 0.4751984126984127
0 0.4708994708994709 0.41517857142857145 0.48048941798941797 0.4208829365079365 0.48214285714285715 0.4260912698412698 0.4775132275132275 0.43625992063492064 0.47023809523809523 0.43898809523809523 0.45601851851851855 0.43452380952380953 0.45171957671957674 0.4290674603174603 0.45171957671957674 0.4246031746031746 0.4576719576719577 0.4176587301587302 0.4705687830687831 0.41517857142857145
0 0.3878968253968254 0.48561507936507936 0.39715608465608465 0.4898313492063492 0.39914021164021163 0.4945436507936508 0.396494708994709 0.5029761904761905 0.38822751322751325 0.5076884920634921 0.37533068783068785 0.5059523809523809 0.36937830687830686 0.4982638888888889 0.3697089947089947 0.49404761904761907 0.375 0.48759920634920634 0.38756613756613756 0.48561507936507936
0 0.4923941798941799 0.376984126984127 0.5016534391534392 0.38318452380952384 0.5033068783068783 0.390625 0.4990079365079365 0.39831349206349204 0.49173280423280424 0.4000496031746032 0.4818121693121693 0.4000496031746032 0.4775132275132275 0.39806547619047616 0.4738756613756614 0.39384920634920634 0.4728835978835979 0.38764880952380953 0.4775132275132275 0.3794642857142857 0.4851190476190476 0.3767361111111111 0.49206349206349204 0.376984126984127
0 0.46494708994708994 0.37624007936507936 0.4722222222222222 0.3802083333333333 0.47255291005291006 0.39037698412698413 0.4679232804232804 0.39459325396825395 0.45701058201058203 0.3975694444444444 0.44477513227513227 0.3940972222222222 0.4437830687830688 0.3869047619047619 0.4494047619047619 0.3787202380952381 0.4646164021164021 0.37624007936507936
0 0.5509259259259259 0.30456349206349204 0.5598544973544973 0.3097718253968254 0.5621693121693122 0.3162202380952381 0.5595238095238095 0.3216765873015873 0.5492724867724867 0.32688492063492064 0.5416666666666666 0.3263888888888889 0.5360449735449735 0.3236607142857143 0.5327380952380952 0.31299603174603174 0.5396825396825397 0.3053075396825397 0.5505952380952381 0.30456349206349204
0 0.484457671957672 0.314484126984127 0.4923941798941799 0.3169642857142857 0.4976851851851852 0.3244047619047619 0.49503968253968256 0.3335813492063492 0.4861111111111111 0.3385416666666667 0.4738756613756614 0.3350694444444444 0.4695767195767196 0.32837301587301587 0.47023809523809523 0.32142857142857145 0.47354497354497355 0.31721230158730157 0.48412698412698413 0.314484126984127
0 0.4712301587301587 0.19717261904761904 0.4808201058201058 0.2021329365079365 0.48313492063492064 0.21031746031746032 0.4801587301587302 0.21552579365079366 0.47023809523809523 0.21875 0.45965608465608465 0.21651785714285715 0.45436507936507936 0.20610119047619047 0.4603174603174603 0.1984126984126984 0.4708994708994709 0.19717261904761904
0 0.36607142857142855 0.21006944444444445 0.37334656084656087 0.2130456349206349 0.37665343915343913 0.21899801587301587 0.37665343915343913 0.22569444444444445 0.373015873015873 0.2326388888888889 0.3630952380952381 0.23462301587301587 0.35119047619047616 0.23139880952380953 0.3478835978835979 0.22643849206349206 0.34755291005291006 0.21949404761904762 0.3521825396825397 0.21254960317460317 0.36574074074074076 0.21006944444444445
0 0.3402777777777778 0.2234623015873016 0.3488756613756614 0.23139880952380953 0.3492063492063492 0.23983134920634921 0.3445767195767196 0.24578373015873015 0.33564814814814814 0.24875992063492064 0.3296957671957672 0.2482638888888889 0.32341269841269843 0.24479166666666666 0.3191137566137566 0.23834325396825398 0.3191137566137566 0.2333829365079365 0.3210978835978836 0.22891865079365079 0.328042328042328 0.22470238095238096 0.33994708994708994 0.2234623015873016
0 0.35912698412698413 0.18824404761904762 0.36904761904761907 0.19642857142857142 0.36706349206349204 0.20734126984126985 0.359457671957672 0.2105654761904762 0.3498677248677249 0.21155753968253968 0.34523809523809523 0.2088293650793651 0.3419312169312169 0.203125 0.34325396825396826 0.1932043650793651 0.3587962962962963 0.1884920634920635
0 0.3492063492063492 0.16989087301587302 0.3627645502645503 0.17857142857142858 0.36177248677248675 0.18526785714285715 0.359457671957672 0.18824404761904762 0.3419312169312169 0.1939484126984127 0.33664021164021163 0.18874007936507936 0.33564814814814814 0.17857142857142858 0.3416005291005291 0.17162698412698413 0.3488756613756614 0.16989087301587302
0 0.36772486772486773 0.15426587301587302 0.37665343915343913 0.15823412698412698 0.38062169312169314 0.1671626984126984 0.37566137566137564 0.17559523809523808 0.36607142857142855 0.17881944444444445 0.35085978835978837 0.17038690476190477 0.3498677248677249 0.1644345238095238 0.35548941798941797 0.15600198412698413 0.3673941798941799 0.15426587301587302
0 0.10449735449735449 0.18774801587301587 0.11507936507936507 0.19146825396825398 0.12136243386243387 0.19915674603174602 0.12003968253968254 0.20808531746031747 0.11011904761904762 0.21378968253968253 0.09490740740740741 0.21031746031746032 0.08697089947089948 0.20014880952380953 0.0873015873015873 0.1956845238095238 0.09193121693121693 0.19047619047619047 0.10416666666666667 0.18774801587301587