0 0.34889632936507936 0.3496792328042328 0.010788690476190476 0.024427910052910017
0 0.38647073412698413 0.32752645502645505 0.014012896825396826 0.019804894179894214
0 0.39577132936507936 0.39423280423280427 0.01029265873015873 0.022595899470899447
0 0.40966021825396826 0.3868783068783069 0.013268849206349206 0.029374999999999978
0 0.42063492063492064 0.39365740740740746 0.009176587301587302 0.019785052910052885
0 0.4126984126984127 0.41539682539682543 0.018105158730158732 0.01862103174603173
0 0.37462797619047616 0.4036574074074074 0.013888888888888888 0.018293650793650848
0 0.38622271825396826 0.43077050264550265 0.01351686507936508 0.012996031746031806
0 0.36030505952380953 0.4287863756613757 0.018725198412698412 0.022255291005291066
0 0.3929811507936508 0.4473842592592593 0.005952380952380952 0.011504629629629618
0 0.41703869047619047 0.43201058201058207 0.009424603174603174 0.01712962962962969
0 0.4408482142857143 0.4586276455026455 0.01240079365079365 0.020760582010582077
0 0.4943576388888889 0.4585449735449736 0.021453373015873016 0.022248677248677316
0 0.4662698412698413 0.48268187830687836 0.016121031746031748 0.017612433862433934
0 0.42689732142857145 0.4602810846560847 0.010540674603174604 0.01745370370370377
0 0.4126364087301587 0.4737533068783069 0.009300595238095238 0.012986111111111105
0 0.39174107142857145 0.46837962962962965 0.013392857142857142 0.01711970899470899
0 0.36538938492063494 0.46226521164021167 0.011532738095238096 0.014808201058201124
0 0.3806423611111111 0.47763888888888895 0.009796626984126984 0.015793650793650867
0 0.3666294642857143 0.48722883597883604 0.018973214285714284 0.015128968253968254
0 0.3888888888888889 0.49714616402116396 0.010168650793650794 0.015128968253968254
0 0.4029017857142857 0.49813822751322745 0.010912698412698412 0.017109788359788287
0 0.41381448412698413 0.4817724867724868 0.012896825396825396 0.014140211640211713
0 0.4195188492063492 0.5018584656084656 0.019345238095238096 0.009669312169312097
0 0.4210069444444444 0.5186375661375661 0.017361111111111112 0.01842923280423281
0 0.5217013888888888 0.5021064814814814 0.010416666666666666 0.01843253968253961
0 0.5564236111111112 0.49350859788359785 0.015376984126984126 0.014467592592592593
0 0.5730406746031746 0.48193783068783075 0.008928571428571428 0.011164021164021235
0 0.5973462301587301 0.48268187830687836 0.012896825396825396 0.017612433862433934
0 0.4809027777777778 0.5166534391534391 0.015625 0.014460978835978843
0 0.47705853174603174 0.5348412698412698 0.015376984126984126 0.017761243386243398
0 0.462921626984127 0.5453373015873015 0.011904761904761904 0.013958333333333345
0 0.4791046626984127 0.5577380952380953 0.013268849206349206 0.015605158730158749
0 0.5045882936507936 0.5586474867724868 0.015873015873015872 0.012466931216931158
0 0.45591517857142855 0.5728637566137565 0.014012896825396826 0.021058201058201005
0 0.43936011904761907 0.575839947089947 0.009424603174603174 0.020396825396825344
0 0.42571924603174605 0.5814616402116402 0.021825396825396824 0.025023148148148173
0 0.47588045634920634 0.6027876984126984 0.016741071428571428 0.018075396825396776
0 0.48896329365079366 0.6181613756613756 0.014384920634920634 0.02567460317460313
0 0.33190724206349204 0.46234788359788365 0.014012896825396826 0.013320105820105886
0 0.3385416666666667 0.4807804232804233 0.013640873015873016 0.012156084656084728
0 0.2902405753968254 0.4464748677248678 0.015004960317460318 0.01464616402116401
0 0.2919766865079365 0.4880555555555556 0.00855654761904762 0.0134755291005291
0 0.28125 0.5034292328042328 0.018105158730158732 0.014464285714285641
0 0.24888392857142858 0.5012797619047619 0.010416666666666666 0.01347222222222215
0 0.23332093253968253 0.508637566137566 0.0078125 0.013306878306878234
0 0.22135416666666666 0.5163260582010581 0.00992063492063492 0.013799603174603181
0 0.24944196428571427 0.5274007936507936 0.01029265873015873 0.01941798941798935
0 0.24169146825396826 0.5636044973544974 0.020833333333333332 0.022384259259259277
0 0.18253968253968253 0.5308730158730158 0.009176587301587302 0.016441798941798876
0 0.1706969246031746 0.5378174603174602 0.014012896825396826 0.017099867724867737
0 0.2673611111111111 0.5145899470899471 0.010168650793650794 0.011980820105820111
0 0.2837921626984127 0.5293849206349206 0.007068452380952381 0.010158730158730093
0 0.27250744047619047 0.5349239417989418 0.011780753968253968 0.01627314814814816
0 0.29954117063492064 0.5289715608465608 0.011284722222222222 0.01098544973544967
0 0.31125992063492064 0.5450892857142857 0.008680555555555556 0.011808862433862446
0 0.3252108134920635 0.5331051587301587 0.010540674603174604 0.009332010582010516
0 0.32632688492063494 0.5471560846560847 0.01029265873015873 0.014285714285714226
0 0.3488343253968254 0.5219444444444444 0.011904761904761904 0.011815476190476196
0 0.3634672619047619 0.5323611111111111 0.011408730158730158 0.016111111111111045
0 0.37568204365079366 0.5223578042328042 0.009796626984126984 0.017599206349206285
0 0.38795882936507936 0.5205390211640212 0.012028769841269842 0.010658068783068788
0 0.36731150793650796 0.5526124338624339 0.011656746031746032 0.008664021164021103
0 0.35131448412698413 0.546412037037037 0.011904761904761904 0.014451058201058142
0 0.3627232142857143 0.5689781746031746 0.01984126984126984 0.018247354497354443
0 0.2884424603174603 0.5512896825396825 0.012648809523809524 0.012632275132275073
0 0.2808159722222222 0.5672420634920635 0.01103670634920635 0.016431878306878325
0 0.26630704365079366 0.5722850529100529 0.014260912698412698 0.018247354497354443
0 0.2717013888888889 0.5970006613756613 0.011408730158730158 0.016421957671957622
0 0.28137400793650796 0.5965873015873016 0.015873015873015872 0.0172486772486772
0 0.29148065476190477 0.5827843915343915 0.012524801587301588 0.01444113756613759
0 0.2994171626984127 0.5628637566137565 0.00855654761904762 0.009322089947089966
0 0.30964781746031744 0.5746825396825397 0.007936507936507936 0.008161375661375607
0 0.32787698412698413 0.5765013227513227 0.007192460317460317 0.008492063492063438
0 0.3193204365079365 0.5881580687830688 0.01240079365079365 0.010307539682539706
0 0.30388144841269843 0.5954298941798941 0.012524801587301588 0.018240740740740693
0 0.26376488095238093 0.6181613756613756 0.010416666666666666 0.012447089947089904
0 0.2795138888888889 0.6275859788359788 0.009672619047619048 0.01476190476190472
0 0.2955109126984127 0.6260978835978835 0.014384920634920634 0.01509259259259255
0 0.28112599206349204 0.5979100529100528 0.010416666666666666 0.013280423280423233
0 0.2990451388888889 0.6104761904761905 0.01029265873015873 0.01195436507936511
0 0.31473214285714285 0.5879927248677248 0.005704365079365079 0.006669973544973569
0 0.3317212301587302 0.597579365079365 0.01240079365079365 0.012619047619047571
0 0.31919642857142855 0.6103108465608466 0.014632936507936508 0.014930555555555586
0 0.31138392857142855 0.6161772486772487 0.011408730158730158 0.015095899470899501
0 0.29575892857142855 0.6257671957671957 0.00992063492063492 0.014431216931216889
0 0.2947048611111111 0.6446957671957672 0.009052579365079366 0.010952380952380917
0 0.2844122023809524 0.6615575396825397 0.010788690476190476 0.018224206349206393
0 0.30357142857142855 0.6583366402116402 0.01314484126984127 0.01012235449735454
0 0.3172743055555556 0.6394047619047619 0.009548611111111112 0.013601190476190511
0 0.33079117063492064 0.5986541005291005 0.004340277777777778 0.006501322751322703
0 0.3525545634920635 0.603614417989418 0.014384920634920634 0.00980820105820101
0 0.3386656746031746 0.6175826719576719 0.011408730158730158 0.01624999999999996
0 0.3266989087301587 0.6274206349206349 0.01351686507936508 0.011124338624338582
0 0.3288690476190476 0.6457705026455026 0.014136904761904762 0.011448412698412663
0 0.3420138888888889 0.6399007936507937 0.015625 0.011286375661375697
0 0.3602430555555556 0.631140873015873 0.00992063492063492 0.01690806878306882
0 0.3637152777777778 0.6119642857142857 0.011904761904761904 0.011623677248677279
0 0.3570188492063492 0.6313888888888889 0.008432539682539682 0.005833333333333291
0 0.3709077380952381 0.6469279100529101 0.01636904761904762 0.017070105820105784
0 0.35652281746031744 0.651061507936508 0.01240079365079365 0.01541666666666663
0 0.3308531746031746 0.664699074074074 0.01314484126984127 0.014583333333333304
0 0.36042906746031744 0.6753637566137566 0.021453373015873016 0.014417989417989389
0 0.3873387896825397 0.6565178571428572 0.013268849206349206 0.016405423280423322
0 0.30691964285714285 0.6901587301587302 0.01240079365079365 0.019206349206349182
0 0.30536954365079366 0.7328339947089948 0.015500992063492064 0.018581349206349074
0 0.3249627976190476 0.7882175925925926 0.015004960317460318 0.020218253968254076
0 0.39329117063492064 0.7408531746031747 0.01525297619047619 0.01973544973544983
0 0.41474454365079366 0.7484589947089948 0.01103670634920635 0.015102513227513251
0 0.431671626984127 0.7356448412698413 0.013888888888888888 0.014279100529100626
0 0.4435763888888889 0.7585416666666667 0.012896825396825396 0.012126322751322775
0 0.4601934523809524 0.7516005291005291 0.01636904761904762 0.011464947089947114
0 0.4652777777777778 0.7708597883597883 0.014136904761904762 0.015261243386243266
0 0.4497767857142857 0.7793716931216932 0.020337301587301588 0.014103835978835858
0 0.4673859126984127 0.7871428571428571 0.010912698412698412 0.013108465608465717
0 0.48332093253968256 0.7831746031746032 0.011780753968253968 0.011789021164021043
0 0.4792906746031746 0.8030125661375661 0.01488095238095238 0.011782407407407443
0 0.4890252976190476 0.8179761904761904 0.013268849206349206 0.020208333333333224
0 0.5057043650793651 0.7789583333333334 0.01066468253968254 0.014930555555555435
0 0.5200892857142857 0.7918551587301588 0.009672619047619048 0.014265873015873124